  7.25   0.00
  4.88   0.00
  2.53   0.00
  1.77   0.00
  8.83   0.00
  0.01   0.00
  7.35   0.00
  4.82   0.00
  1.36   0.00
  0.64   0.00
  2.90   0.00
  6.62   0.00
 10.13   0.00
  2.59   0.00
  5.47   0.00
  0.78   0.00
  5.43   0.00
  0.30   0.00
  2.30   0.00
  0.93   0.00
  7.16   0.00
  8.61   0.00
  0.00   0.03
  3.69   0.00
  3.92   0.00
  6.58   0.00
  5.79   0.00
 10.65   0.00
  0.75   0.00
  9.58   0.00
  6.69   0.00
  1.29   0.00
  2.79   0.00
  0.09   0.00
  6.03   0.00
  0.00   0.01
  0.00   0.01
  1.02   0.00
  7.66   0.00
  0.00   0.08
  1.50   0.00
 10.16   0.00
  1.00   0.00
  7.31   0.00
  0.61   0.00
  5.64   0.00
  2.92   0.00
  0.38   0.00
  1.11   0.01
  0.00   0.01
  8.78   0.00
  2.23   0.00
  1.85   0.00
  1.09   0.00
  3.97   0.00
  2.97   0.00
  8.79   0.00
  0.00   0.01
  2.05   0.00
  2.10   0.00
  0.90   0.00
 10.54   0.02
  0.00   0.03
  0.43   0.00
  0.00   0.01
  2.28   0.00
  9.79   0.00
  3.80   0.00
  7.25   0.00
  7.68   0.00
  6.45   0.00
  2.95   0.00
  7.16   0.00
  0.86   0.00
  1.13   0.00
  0.00   0.01
  0.00   0.10
  7.90   0.00
  9.51   0.00
  1.09   0.00
  5.53   0.00
  0.00   0.01
  4.37   0.00
  1.79   0.00
  6.92   0.00
  5.05   0.00
  1.48   0.00
  1.75   0.00
  7.71   0.00
  0.54   0.00
  8.60   0.00
  9.23   0.00
  1.12   0.00
  2.66   0.00
  0.00   0.02
  0.21   0.00
  5.38   0.00
  8.16   0.00
  9.12   0.00
  1.82   0.00
  7.00   0.00
  3.66   0.00
  1.97   0.00
 10.32   0.00
  9.93   0.00
  8.43   0.00
  1.74   0.00
  7.25   0.00
  2.74   0.00
  9.14   0.00
  0.13   0.00
  7.63   0.00
  9.07   0.00
  9.28   0.00
  9.18   0.00
  2.82   0.00
  1.16   0.00
  0.00   0.01
  6.71   0.00
  0.38   0.00
  2.54   0.00
  3.24   0.00
  0.86   0.00
  8.82   0.00
  6.23   0.00
  0.88   0.00
  3.43   0.00
  0.92   0.00
  9.88   0.00
  1.39   0.00
  8.70   0.00
  6.66   0.00
  3.39   0.00
  1.86   0.00
  8.84   0.00
  8.11   0.00
  3.36   0.00
  3.23   0.00
  1.80   0.00
  1.11   0.00
  3.44   0.00
  7.29   0.00
  2.52   0.00
  8.09   0.00
  2.51   0.00
  8.13   0.00
  7.89   0.00
  1.82   0.00
  3.22   0.00
  8.05   0.00
  2.10   0.00
  9.09   0.00
  2.61   0.01
  3.17   0.00
  1.87   0.00
  2.84   0.00
  1.52   0.00
  2.75   0.00
  7.90   0.00
  2.73   0.00
  5.84   0.00
  3.97   0.00
  4.02   0.00
  3.82   0.01
  8.16   0.00
  1.24   0.00
  0.00   0.01
  8.50   0.00
 11.17   0.94
  7.73   0.00
  4.98   0.00
  9.10   0.00
  9.49   0.00
  0.35   0.00
  9.61   0.00
  5.45   0.00
  1.54   0.01
  1.03   0.00
  6.31   0.00
  6.37   0.00
  9.17   0.00
  9.03   0.00
  0.31   0.09
  8.25   0.00
  0.74   0.00
  7.86   0.00
  5.11   0.00
  1.15   0.00
  1.61   0.00
  1.44   0.00
  2.50   0.00
  2.17   0.00
  1.77   0.00
  7.14   0.00
  6.59   0.00
  0.98   0.02
  0.51   0.00
  4.16   0.00
  0.31   0.00
  2.45   0.00
  9.56   0.00
  0.73   0.00
  3.77   0.00
  1.13   0.00
  7.93   0.00
  0.19   0.00
  7.24   0.00
  0.91   0.00
  5.88   0.00
  7.20   0.00
  5.47   0.00
  5.65   0.00
  5.17   0.00
  0.02   0.00
  6.38   0.00
  9.13   0.00
  9.56   0.03
  0.00   0.01
  7.34   0.00
  9.39   0.00
  4.77   0.00
  2.47   0.00
  5.11   0.01
  5.69   0.00
  0.94   0.00
  2.88   0.00
 10.21   0.00
  5.94   0.00
  5.38   0.00
  0.00   0.01
  2.19   0.00
 10.23   0.00
  8.19   0.00
  4.62   0.00
  4.99   0.00
  4.50   0.00
  8.50   0.00
  0.79   0.00
  2.57   0.00
  0.95   0.01
  1.45   0.07
  7.31   0.00
  8.47   0.00
  9.20   0.00
  3.30   0.00
  8.88   0.00
  1.58   0.00
  3.66   0.00
  5.72   0.00
  8.48   0.00
  2.02   0.00
  8.87   0.00
  8.60   0.00
  5.25   0.00
  1.93   0.01
  1.78   0.00
  9.74   0.00
  4.00   0.00
  2.43   0.00
  0.00   0.01
  0.32   0.00
  0.00   0.94
  5.42   0.00
  3.64   0.00
  9.66   0.00
  1.25   0.00
  0.00   0.03
  1.53   0.01
  4.77   0.00
  6.68   0.01
  0.00   0.01
  3.76   0.00
  7.49   0.00
  6.92   0.00
 10.35   0.00
  1.17   0.00
  1.14   0.00
  1.84   0.00
  1.14   0.00
  7.58   0.00
  8.33   0.00
  9.77   0.00
  0.11   0.00
  4.06   0.00
  1.60   0.00
  7.49   0.00
  0.80   0.00
  2.47   0.04
  0.65   0.00
  1.05   0.00
  0.11   0.00
  1.93   0.00
  1.05   0.00
