2014/09/29	2.55	3.07	2.55	3.07	397360	1237059.00
2014/09/30	3.38	3.38	3.38	3.38	182200	624946.00
2014/10/08	3.72	3.72	3.72	3.72	142200	536094.00
2014/10/09	4.10	4.10	4.10	4.10	203149	843068.00
2014/10/10	4.52	4.52	4.52	4.52	622300	2843911.00
2014/10/13	4.98	4.98	4.98	4.98	1068920	5376668.00
2014/10/14	5.48	5.48	5.48	5.48	1291380	7141331.00
2014/10/15	6.03	6.03	6.03	6.03	1222961	7435603.00
2014/10/16	6.64	6.64	6.64	6.64	1904350	12740102.00
2014/10/17	7.31	7.31	7.31	7.31	6072032	44690156.00
2014/10/20	7.90	8.05	7.55	8.05	94484976	743551744.00
2014/10/21	8.02	8.83	7.77	8.66	118473985	984521600.00
2014/10/22	8.27	8.74	8.24	8.47	66894743	568886080.00
2014/10/23	8.36	9.22	8.32	8.77	74465572	663163968.00
2014/10/24	8.60	8.82	8.37	8.52	45345455	389510656.00
2014/10/27	8.51	8.51	7.78	7.96	34402210	276933504.00
2014/10/28	7.97	8.31	7.97	8.14	31177849	255364848.00
2014/10/29	8.24	8.96	8.15	8.96	51197294	439278112.00
2014/10/30	8.96	9.30	8.75	8.85	70230507	635740928.00
2014/10/31	8.61	9.09	8.55	8.88	40677406	361426688.00
2014/11/03	8.84	9.13	8.66	8.93	36953733	332500448.00
2014/11/04	8.93	8.93	8.63	8.68	32349455	284053088.00
2014/11/05	8.72	9.54	8.46	9.04	57465618	522661440.00
2014/11/06	8.85	9.95	8.82	9.95	67459848	634756864.00
2014/11/07	10.54	10.95	10.54	10.95	26168804	284308736.00
2014/11/10	12.05	12.05	11.46	12.05	78924095	943384512.00
2014/11/11	12.65	13.26	12.50	13.26	56988883	750060928.00
2014/11/12	13.70	14.51	11.93	13.70	101741741	1375540352.00
2014/11/13	12.80	14.05	12.45	12.77	64543405	853414208.00
2014/11/14	12.24	12.47	11.49	11.51	48750389	575804352.00
2014/11/17	11.34	12.25	10.84	11.94	38834996	460726144.00
2014/11/18	11.85	11.85	11.36	11.72	23563550	275083584.00
2014/11/19	11.58	11.83	11.34	11.57	21246278	245124320.00
2014/11/20	11.33	12.62	11.33	12.38	42771771	518194432.00
2014/11/21	12.15	13.55	12.04	13.09	52538988	683178944.00
2014/11/24	13.08	13.70	12.94	13.20	47566690	633672256.00
2014/11/25	12.82	13.13	12.60	12.90	32404021	417955712.00
2014/11/26	12.83	13.55	12.67	13.26	37546196	498658976.00
2014/11/27	13.22	13.37	12.82	13.01	26615192	348728992.00
2014/11/28	13.01	13.09	12.65	12.93	22732186	292214688.00
2014/12/01	12.76	13.05	12.62	12.80	17488198	225437920.00
2014/12/02	12.65	13.80	12.56	13.39	49395131	662781952.00
2014/12/03	13.30	13.50	12.85	13.12	30891638	406039872.00
2014/12/04	12.95	13.05	12.86	12.98	22178535	288194784.00
2014/12/05	12.87	12.94	12.08	12.35	24323094	306170272.00
2014/12/08	12.27	12.59	11.63	12.27	24737763	299675392.00
2014/12/09	12.15	12.15	11.42	11.43	21367051	253447568.00
2014/12/10	11.17	11.78	11.08	11.67	10942258	127170304.00
2014/12/11	11.85	12.42	11.67	12.32	20011442	244275184.00
2014/12/12	12.16	12.30	11.96	12.09	11195942	135537904.00
2014/12/15	12.06	12.06	11.76	11.94	9826586	117246696.00
2014/12/16	11.84	12.06	11.81	11.95	8686887	103859968.00
2014/12/17	11.94	11.94	11.53	11.64	11084771	130022352.00
2014/12/18	11.55	11.86	11.41	11.52	7798772	90962488.00
2014/12/19	11.49	11.49	10.96	11.06	11964828	134134032.00
2014/12/22	11.00	11.00	9.95	10.14	12303743	127015504.00
2014/12/23	10.08	10.63	9.63	10.25	8364331	86571744.00
2014/12/24	10.26	10.63	10.21	10.59	7224069	75774816.00
2014/12/25	10.67	10.75	10.38	10.57	6831007	72257088.00
2014/12/26	10.57	10.59	10.40	10.57	6677478	70174912.00
2014/12/29	11.30	11.46	10.47	10.54	10112547	110085552.00
2014/12/30	10.44	10.53	10.13	10.14	5017889	51822716.00
2014/12/31	10.14	10.29	9.95	10.20	4336576	44252828.00
2015/01/05	10.22	10.74	10.05	10.57	8152514	84897352.00
2015/01/06	10.54	10.70	10.26	10.64	9770689	103651520.00
2015/01/07	10.50	10.65	10.44	10.55	7076847	74834608.00
2015/01/08	10.50	11.61	10.38	11.61	38265042	440772384.00
2015/01/09	11.70	11.75	11.06	11.24	35075835	402736864.00
2015/01/12	10.78	10.78	10.14	10.37	15851596	166201856.00
2015/01/13	10.29	10.48	10.15	10.30	7975081	82576800.00
2015/01/14	10.24	10.40	10.18	10.24	5760180	59457288.00
2015/01/15	10.23	10.33	10.13	10.28	6038887	62096200.00
2015/01/16	10.27	10.58	10.25	10.46	8124414	85454688.00
2015/01/19	10.35	10.94	9.97	10.45	12397570	131103984.00
2015/01/20	10.41	11.20	10.36	10.93	15251341	165691424.00
2015/01/21	10.93	11.20	10.84	11.04	15328877	169182896.00
2015/01/22	11.06	11.06	10.86	11.03	9912853	109217456.00
2015/01/23	11.01	11.03	10.82	10.85	8304612	90818096.00
2015/01/26	10.90	11.02	10.85	10.94	6109459	66987784.00
2015/01/27	11.00	11.06	10.75	10.83	7399619	80773376.00
2015/01/28	10.83	10.83	10.69	10.74	4742046	51227968.00
2015/01/29	10.69	10.74	10.56	10.57	4515870	48205432.00
2015/01/30	10.54	10.65	10.40	10.41	4376000	46291268.00
2015/02/02	10.33	10.38	10.20	10.29	3346670	34599008.00
2015/02/03	10.33	10.49	10.32	10.49	2927345	30713248.00
2015/02/04	10.50	10.57	10.32	10.34	3174611	33303420.00
2015/02/05	10.45	10.46	10.25	10.26	3397149	35153180.00
2015/02/06	10.25	10.25	10.05	10.07	3972183	40355940.00
2015/02/09	10.06	10.07	9.97	9.98	2595900	26098164.00
2015/02/10	9.93	10.06	9.93	10.03	2906169	29156078.00
2015/02/11	10.03	10.10	9.97	10.01	2408413	24226480.00
2015/02/12	10.04	10.75	10.00	10.61	10148439	107154752.00
2015/02/13	10.60	10.69	10.40	10.49	7224642	76178400.00
2015/02/16	10.49	10.52	10.37	10.48	3961451	41613328.00
2015/02/17	10.45	10.56	10.44	10.50	3362197	35451024.00
2015/02/25	10.54	10.54	10.41	10.48	3057524	32188804.00
2015/02/26	10.44	10.53	10.38	10.51	3960101	41678352.00
2015/02/27	10.51	10.79	10.45	10.65	7113844	76205592.00
2015/03/11	11.72	11.72	11.72	11.72	4287812	50467548.00
2015/03/12	12.90	12.90	11.89	11.97	42918028	533648576.00
2015/03/13	11.51	11.97	11.35	11.75	16176383	189208576.00
2015/03/16	11.75	12.00	11.46	11.85	18488595	218073440.00
2015/03/17	11.90	11.95	11.75	11.85	15018637	178556432.00
2015/03/18	11.85	11.91	11.75	11.90	14634294	174049904.00
2015/03/19	11.95	12.89	11.95	12.47	30375805	380451904.00
2015/03/20	12.50	12.62	12.30	12.40	17070379	212395824.00
2015/03/23	12.43	12.50	12.23	12.44	15325980	190100592.00
2015/03/24	12.43	12.43	11.93	12.17	15399851	188505792.00
2015/03/25	12.17	12.73	11.96	12.60	25124018	313848480.00
2015/03/26	12.58	12.58	12.26	12.38	14801269	184398304.00
2015/03/27	12.33	12.45	12.32	12.39	9253707	115101736.00
2015/03/30	12.53	12.62	12.34	12.58	18809089	236038608.00
2015/03/31	12.60	12.83	12.56	12.74	20295883	258220000.00
2015/04/01	12.55	12.83	12.42	12.59	20943628	266690368.00
2015/04/02	12.61	13.54	12.51	13.39	37389265	491540416.00
2015/04/03	13.21	14.73	13.12	14.73	42743026	612646336.00
2015/04/07	15.47	15.63	14.61	14.76	46250618	692377856.00
2015/04/08	14.87	15.20	14.53	14.97	28144865	420897312.00
2015/04/09	14.90	14.90	13.53	14.18	19093383	274299360.00
2015/04/10	14.20	15.16	14.20	14.52	18294874	269347168.00
2015/04/13	14.65	14.73	14.35	14.55	14161079	206422464.00
2015/04/14	14.55	14.87	14.33	14.55	23964511	352265280.00
2015/04/15	14.35	14.81	14.11	14.15	19690420	283558880.00
2015/04/16	13.96	15.30	13.31	14.92	33021490	490369792.00
2015/04/17	14.96	15.02	14.71	14.81	24467801	365361024.00
2015/04/20	14.64	15.51	14.37	15.45	36574040	551391616.00
2015/04/21	15.53	16.22	15.31	15.94	28512141	451496352.00
2015/04/22	15.75	16.91	15.63	16.09	24662830	401004032.00
2015/04/23	15.91	16.20	15.55	15.65	18720776	296204256.00
2015/04/24	15.43	16.45	15.20	16.43	19658340	313573920.00
2015/04/27	16.43	16.70	16.08	16.22	15059664	246599008.00
2015/04/28	16.15	16.15	15.23	15.36	13938739	219267248.00
2015/04/29	15.01	15.85	15.01	15.80	7808311	122346760.00
2015/04/30	15.78	16.40	15.65	16.23	14838807	239582672.00
2015/05/04	16.31	16.80	16.01	16.64	14806651	245436608.00
2015/05/05	16.64	16.65	15.60	16.08	14842690	239312800.00
2015/05/06	16.03	16.64	15.65	16.16	12842692	208274192.00
2015/05/07	16.05	16.30	15.07	16.23	9158188	144796416.00
2015/05/08	16.28	17.86	16.14	17.74	22053436	373389984.00
2015/05/11	17.84	18.34	17.40	17.99	19559188	351115744.00
2015/05/12	17.81	18.38	17.67	18.13	14239209	257447344.00
2015/05/13	18.03	18.52	17.74	18.45	11673603	211374832.00
2015/05/14	18.50	18.91	18.05	18.41	11269734	207625856.00
2015/05/15	18.35	18.44	17.34	18.25	10258513	184149552.00
2015/05/18	18.15	18.83	17.81	18.63	10735975	198334928.00
2015/05/19	18.60	18.60	18.03	18.33	8743748	160364592.00
2015/05/20	18.34	19.39	18.10	19.08	15722003	294458848.00
2015/05/21	19.10	20.15	18.76	20.13	13594316	268419040.00
2015/05/22	20.13	21.55	19.83	21.08	13442210	279953888.00
2015/05/25	21.10	23.19	20.78	23.19	15908769	354076640.00
2015/05/26	23.76	25.51	23.75	25.51	16209105	406521824.00
2015/05/27	26.13	28.07	25.95	28.07	31120287	863184640.00
2015/05/28	29.72	30.88	28.46	30.11	40863389	1233825664.00
2015/05/29	28.03	30.19	27.10	28.97	26150068	752654464.00
2015/06/01	28.50	30.09	26.96	29.52	19660917	560676352.00
2015/06/02	29.90	31.76	28.20	29.32	21785059	635150912.00
2015/06/03	29.20	30.50	26.92	30.26	19490855	566623296.00
2015/06/04	30.00	32.90	28.50	31.99	23208986	723621504.00
2015/06/05	32.51	33.05	30.40	31.92	17927051	561143936.00
2015/06/08	31.84	31.84	29.70	31.00	12468958	379609536.00
2015/06/09	31.18	31.18	30.13	30.45	6473031	197196112.00
2015/06/10	30.15	30.50	28.50	30.41	9968946	297691968.00
2015/06/11	30.48	30.48	29.00	29.73	8478844	251113440.00
2015/06/12	29.39	30.90	28.77	30.34	12959709	384287424.00
2015/06/15	30.05	30.05	28.92	29.17	5781525	169827616.00
2015/06/16	28.09	30.03	27.51	29.73	10105939	293445472.00
2015/06/17	29.50	30.45	28.50	30.06	7608514	225291440.00
2015/06/18	30.19	30.97	29.35	30.31	10477609	317068096.00
数据来源:通达信
