2015/01/27	18.44	18.44	18.44	18.44	65400	1238676.00
2015/01/28	20.33	20.33	20.33	20.33	19100	397853.00
2015/01/29	22.41	22.41	22.41	22.41	41300	946183.00
2015/01/30	24.70	24.70	24.70	24.70	96800	2439360.00
2015/02/02	27.22	27.22	27.22	27.22	408100	11312532.00
2015/02/03	29.99	29.99	29.99	29.99	398600	12153314.00
2015/02/04	33.04	33.04	33.04	33.04	243850	8178729.00
2015/02/05	36.39	36.39	36.39	36.39	1051250	38780612.00
2015/02/06	37.50	37.50	32.70	32.70	9994196	353040128.00
2015/02/09	29.38	29.38	29.38	29.38	1017800	30411864.00
2015/02/10	26.39	29.01	26.39	27.62	24726065	675991744.00
2015/02/11	27.06	27.90	26.51	27.28	16377853	450458528.00
2015/02/12	27.20	27.44	26.72	27.00	9516667	262436064.00
2015/02/13	27.11	27.65	27.10	27.36	10130807	282258048.00
2015/02/16	27.45	27.45	26.76	27.09	7311528	201848288.00
2015/02/17	27.16	27.38	26.89	26.97	5534619	152583312.00
2015/02/25	27.06	27.06	26.19	26.26	5859889	157902016.00
2015/02/26	26.26	26.99	26.22	26.77	5142905	139801952.00
2015/02/27	26.89	26.89	26.42	26.78	4831303	131282328.00
2015/03/02	26.78	27.96	26.62	27.86	10459378	291184512.00
2015/03/03	27.50	27.55	27.01	27.10	7655619	212033744.00
2015/03/04	27.06	27.33	26.78	27.27	5018361	138456576.00
2015/03/05	27.20	27.31	26.65	26.76	5228607	143312352.00
2015/03/06	26.67	26.91	26.35	26.44	3794171	102581840.00
2015/03/09	26.30	26.86	26.02	26.68	4092248	110581688.00
2015/03/10	26.70	26.96	26.51	26.79	4237647	115611672.00
2015/03/11	27.00	27.13	26.41	26.57	4427114	120840904.00
2015/03/12	26.55	26.80	26.25	26.66	4593134	124126344.00
2015/03/13	26.63	29.38	26.63	29.38	17829898	515915136.00
2015/03/16	31.25	32.37	31.18	32.37	11625735	377715040.00
2015/03/17	35.50	35.66	32.40	33.67	18676863	645418048.00
2015/03/18	33.15	37.09	32.52	36.42	13938797	496292160.00
2015/03/19	35.40	35.50	33.61	34.66	11923105	417683040.00
2015/03/20	34.30	35.50	33.49	34.11	8179989	285153312.00
2015/03/23	34.09	34.60	33.35	34.20	8547441	295402112.00
2015/03/24	34.16	35.00	33.00	34.47	9149022	316918944.00
2015/03/25	34.80	35.50	33.80	34.69	7299224	256276480.00
2015/03/26	34.36	34.98	33.30	34.12	6230868	216658448.00
2015/03/27	33.93	34.93	33.91	34.18	4868008	169930736.00
2015/03/30	34.18	35.80	33.71	34.70	5554388	195701024.00
2015/03/31	34.40	34.40	33.15	33.56	7725121	263652240.00
2015/04/01	33.64	33.97	33.30	33.84	4909720	167644000.00
2015/04/02	33.79	37.27	33.67	37.27	13110224	472956544.00
2015/04/03	36.31	37.00	36.06	36.81	7515475	278926496.00
2015/04/07	36.50	38.28	36.50	38.03	10573363	402002464.00
2015/04/08	38.30	40.06	37.51	40.02	17235490	678214144.00
2015/04/09	39.50	39.50	37.76	38.38	9205721	360488192.00
2015/04/10	38.39	42.17	37.80	40.53	7205344	294513056.00
2015/04/13	40.43	41.68	39.50	41.20	5861569	242833456.00
2015/04/14	40.95	40.95	39.00	39.40	5462929	220590224.00
2015/04/15	38.50	38.52	36.61	36.86	5990472	227733632.00
2015/04/16	35.99	37.40	34.30	36.20	4797352	175635184.00
2015/04/17	36.21	39.65	36.20	39.08	7069251	274233440.00
2015/04/20	38.50	39.00	37.23	37.28	4794830	184697920.00
2015/04/21	36.80	40.16	36.80	39.89	5192763	204442144.00
2015/04/22	40.49	41.95	40.02	40.16	4613095	191777104.00
2015/04/23	40.06	41.08	39.12	41.00	3413140	137636528.00
2015/04/24	40.70	40.85	39.05	39.35	3188877	128613704.00
2015/04/27	39.35	39.98	38.20	39.49	3243849	129233536.00
2015/04/28	39.60	40.58	38.69	38.94	3028892	121064288.00
2015/04/29	38.50	39.37	38.03	38.96	2169997	85315416.00
2015/04/30	38.70	39.45	37.50	37.55	2841432	111040672.00
2015/05/04	37.55	38.00	36.11	36.93	2964842	111094032.00
2015/05/05	36.91	38.83	36.91	37.10	3011190	115448336.00
2015/05/06	37.19	37.70	36.56	37.13	2012810	75774296.00
2015/05/07	37.11	37.11	35.51	35.91	2092119	76734344.00
2015/05/08	36.70	38.35	36.04	38.31	3699794	139679808.00
2015/05/11	38.68	40.18	38.15	40.16	4079585	161194368.00
2015/05/12	40.32	44.07	39.75	43.68	6397775	270150272.00
2015/05/13	42.61	47.50	42.31	45.32	7663460	346679168.00
2015/05/14	44.83	47.16	44.30	44.93	4422781	200909728.00
2015/05/15	44.89	46.08	42.40	45.01	4225886	186345520.00
2015/05/18	43.98	49.51	43.11	49.51	4954647	240018288.00
2015/05/19	50.10	52.48	47.78	49.42	4740075	235482656.00
2015/05/20	49.35	51.28	48.12	48.65	3390210	169018896.00
2015/05/21	48.64	50.00	47.93	49.00	3100327	151281952.00
2015/05/22	49.70	50.20	46.98	48.78	4229149	203771392.00
2015/05/25	48.70	52.80	47.51	51.67	5050907	254698016.00
2015/05/26	51.75	56.79	50.50	56.72	4764091	256192816.00
2015/05/27	58.00	61.80	55.00	61.44	5672620	334665696.00
2015/05/28	62.20	67.48	55.50	55.63	8331274	526852512.00
2015/05/29	53.01	57.80	50.50	53.70	7110588	383757824.00
2015/06/01	53.45	55.49	51.00	54.15	5697418	303660960.00
2015/06/02	53.98	54.60	51.60	53.15	4986685	264574816.00
2015/06/03	53.15	54.50	52.10	52.84	4189584	222434656.00
2015/06/04	52.88	52.88	47.56	50.08	4927974	245967984.00
2015/06/05	51.10	52.00	48.70	49.54	5769567	288917696.00
2015/06/08	49.99	50.01	47.38	47.99	4577133	221628032.00
2015/06/09	48.00	49.62	47.40	49.59	3781811	185909456.00
2015/06/10	49.80	52.20	49.20	52.00	4884634	251581584.00
2015/06/11	52.00	53.83	52.00	52.61	4081374	215432496.00
2015/06/12	52.61	52.61	50.80	51.02	3942038	202138928.00
2015/06/15	50.78	50.80	47.83	48.00	3369221	164195136.00
2015/06/16	47.80	47.80	45.10	45.60	3024222	139011552.00
2015/06/17	45.75	47.70	45.22	47.63	2826621	130466744.00
2015/06/18	47.97	47.97	44.15	44.40	3053543	140436160.00
数据来源:通达信
