2014/01/17	20.84	25.07	20.84	24.99	55742134	1315719936.00
2014/01/20	23.65	23.92	22.46	22.46	20472158	475780352.00
2014/01/21	21.55	22.30	20.86	21.52	24673193	541932736.00
2014/01/22	20.95	22.10	20.93	21.53	20460882	448099968.00
2014/01/23	21.29	22.04	21.18	21.33	17059156	374214048.00
2014/01/24	21.18	23.05	21.16	22.30	27549611	620996992.00
2014/01/27	21.90	22.00	20.83	20.99	17204405	371212832.00
2014/01/28	21.05	21.59	21.05	21.25	9636994	208682688.00
2014/01/29	21.22	21.44	19.52	19.71	17018545	348723488.00
2014/01/30	19.53	19.53	18.57	18.68	10449778	201112288.00
2014/02/07	18.49	19.07	18.29	19.04	7057067	135388816.00
2014/02/10	19.06	20.03	18.75	19.76	12553668	247952400.00
2014/02/11	19.58	20.01	19.26	19.62	12104717	242485920.00
2014/02/12	19.70	21.44	19.45	21.03	18432429	387105088.00
2014/02/13	20.83	21.00	20.05	20.07	12075535	250892496.00
2014/02/14	20.07	21.02	20.07	20.94	11978358	253220048.00
2014/02/17	20.96	22.12	20.66	21.80	17117814	372470880.00
2014/02/18	21.99	23.70	21.29	22.56	23900169	548152000.00
2014/02/19	22.16	23.21	22.00	22.23	18373685	420355616.00
2014/02/20	21.95	22.39	21.00	21.47	14978296	329643200.00
2014/02/21	21.37	21.80	20.53	20.70	10687324	228737968.00
2014/02/24	20.70	21.04	20.10	20.97	7501526	157770656.00
2014/02/25	20.98	21.30	19.07	19.47	11789177	244559440.00
2014/02/26	19.30	20.10	19.08	20.07	7282868	145850304.00
2014/02/27	20.11	20.23	19.25	19.37	7181015	144020624.00
2014/02/28	19.26	20.23	19.16	20.12	7664273	153890816.00
2014/03/03	20.04	21.41	19.90	21.27	12451513	264561424.00
2014/03/04	21.05	22.53	20.69	21.40	16780576	367224768.00
2014/03/05	21.17	21.23	20.45	20.51	8367123	176724272.00
2014/03/06	20.35	22.19	20.05	21.70	13952545	300280224.00
2014/03/07	21.41	21.63	20.53	20.74	9430675	201978176.00
2014/03/10	20.65	20.65	19.80	19.86	5858306	119713624.00
2014/03/11	19.73	20.44	19.65	20.12	5413564	110754768.00
2014/03/12	19.98	20.14	19.25	19.60	6792854	135779152.00
2014/03/13	19.45	19.84	19.45	19.72	3564912	71331064.00
2014/03/14	19.57	19.95	19.42	19.47	3360819	67080472.00
2014/03/17	19.44	19.80	19.42	19.79	3041750	60793192.00
2014/03/18	19.76	20.08	19.58	19.75	4790179	96585608.00
2014/03/19	19.65	19.79	19.11	19.30	4543897	89338880.00
2014/03/20	19.30	19.44	18.61	18.62	4825680	93205912.00
2014/03/21	18.53	19.11	18.23	19.04	5159675	98363008.00
2014/03/24	19.00	19.20	18.86	18.92	3063425	59176768.00
2014/03/25	19.05	19.05	18.72	18.83	2824953	54282668.00
2014/03/26	18.92	19.13	18.75	18.97	2276077	43940564.00
2014/03/27	18.99	18.99	18.35	18.36	3759198	71082064.00
2014/03/28	18.37	19.01	17.96	18.51	4844909	91345432.00
2014/03/31	18.41	18.49	18.03	18.12	2350051	43643448.00
2014/04/01	18.08	18.41	18.08	18.33	2157020	40265484.00
2014/04/02	18.33	18.56	18.20	18.55	2997685	56092136.00
2014/04/03	18.49	18.92	18.36	18.47	3375487	64032936.00
2014/04/04	18.48	18.62	18.32	18.58	2067893	38963664.00
2014/04/08	18.48	18.95	18.43	18.84	3479623	66386672.00
2014/04/09	18.82	18.98	18.75	18.87	3430703	65890208.00
2014/04/10	18.86	18.93	18.62	18.66	4184279	80152344.00
2014/04/11	18.66	18.69	18.22	18.24	4008158	74944936.00
2014/04/14	18.20	18.54	18.20	18.41	1873324	35114532.00
2014/04/15	18.49	18.49	18.24	18.26	1951366	36396888.00
2014/04/16	18.23	18.38	18.21	18.31	1877082	35041952.00
2014/04/17	18.36	18.89	18.34	18.81	4470534	85344696.00
2014/04/18	18.65	18.94	18.61	18.74	2781580	53175720.00
2014/04/21	18.84	19.24	18.73	18.86	5903532	114200864.00
2014/04/22	18.76	18.92	18.25	18.46	3538655	66689320.00
2014/04/23	18.47	18.56	18.33	18.35	1770204	33235700.00
2014/04/24	18.25	18.44	17.98	17.99	2452134	45406176.00
2014/04/25	17.95	18.29	17.67	17.81	2361285	43468156.00
2014/04/28	17.84	17.90	16.79	16.82	3146861	55567308.00
2014/04/29	16.82	17.14	16.82	17.00	2164622	37534028.00
2014/04/30	17.05	17.17	16.99	17.13	1474406	25709658.00
2014/05/05	17.15	17.51	16.95	17.51	2534422	44662204.00
2014/05/06	17.44	17.79	17.34	17.60	3046628	54809840.00
2014/05/07	17.46	17.85	17.25	17.59	2671051	47702292.00
2014/05/08	17.45	17.53	17.21	17.23	2296586	40620104.00
2014/05/09	17.31	17.31	16.94	16.99	1854989	32309424.00
2014/05/12	17.16	17.64	17.10	17.56	2769992	49262256.00
2014/05/13	17.63	17.79	17.45	17.53	2159620	38775620.00
2014/05/14	17.65	17.74	17.56	17.61	1967994	35431432.00
2014/05/15	17.55	17.70	17.24	17.28	2022936	36056176.00
2014/05/16	17.28	17.42	17.09	17.20	2062158	36261328.00
2014/05/19	17.15	17.30	16.96	17.10	1182209	20626372.00
2014/05/20	17.50	18.15	17.47	17.57	4159341	75467504.00
2014/05/21	17.42	17.74	17.19	17.73	2432690	43630340.00
2014/05/22	17.77	17.99	17.66	17.74	3264369	59411048.00
2014/05/23	17.75	17.83	17.59	17.80	1794542	32414538.00
2014/05/26	17.84	17.91	17.77	17.88	2091866	38059208.00
2014/05/27	17.88	17.88	17.53	17.54	2050769	36964392.00
2014/05/28	17.60	17.79	17.53	17.73	1744773	31431868.00
2014/05/29	17.74	17.84	17.39	17.43	1958793	35235360.00
2014/05/30	17.39	17.55	17.32	17.42	1531897	27249088.00
2014/06/03	17.43	17.74	17.43	17.67	1889193	33975380.00
2014/06/04	17.79	17.85	17.52	17.83	2342204	42259780.00
2014/06/05	17.85	17.92	17.69	17.91	2861676	52025540.00
2014/06/06	17.93	17.94	17.71	17.76	2063152	37454244.00
2014/06/09	17.73	17.90	17.60	17.63	2288429	41461916.00
2014/06/10	17.47	17.79	17.45	17.78	1834157	33035210.00
2014/06/11	17.81	17.87	17.70	17.77	1920640	34782472.00
2014/06/12	17.70	17.71	17.54	17.56	2103931	37769940.00
2014/06/13	17.64	17.81	17.45	17.80	3986250	71805456.00
2014/06/16	18.05	18.80	18.00	18.54	8859842	166359376.00
2014/06/17	18.36	18.74	18.26	18.36	5309157	99938744.00
2014/06/18	18.30	18.56	18.07	18.12	4439189	82964344.00
2014/06/19	18.17	18.63	18.05	18.48	6450180	121109160.00
2014/06/20	18.47	20.14	18.37	19.44	11054146	216651072.00
2014/06/23	19.55	19.84	19.20	19.48	7587456	151105568.00
2014/06/24	19.36	19.64	19.05	19.62	5229650	102988848.00
2014/06/25	19.58	19.96	19.43	19.54	7232362	145261568.00
2014/06/26	19.67	20.64	19.35	20.20	11179301	229254816.00
2014/06/27	20.26	20.72	19.62	20.21	11100868	223928192.00
2014/06/30	20.19	20.19	19.44	19.47	8002329	157819072.00
2014/07/01	19.42	19.71	19.24	19.57	5589670	108836680.00
2014/07/02	19.62	19.63	19.02	19.18	5995057	115218112.00
2014/07/03	19.23	19.33	19.08	19.23	3704234	71159728.00
2014/07/04	19.30	19.56	19.24	19.40	4794104	93163776.00
2014/07/07	19.33	19.49	18.90	19.16	3807330	72683176.00
2014/07/08	19.23	19.38	18.89	19.37	3008211	57686208.00
2014/07/09	19.28	19.47	18.80	18.81	3650915	69885120.00
2014/07/10	18.71	18.97	18.70	18.75	3064840	57668944.00
2014/07/11	18.77	19.09	18.70	19.02	2452351	46509744.00
2014/07/14	19.03	19.13	18.81	19.11	2453228	46627792.00
2014/07/15	19.18	19.18	18.70	18.74	2885174	54361856.00
2014/07/16	18.72	18.73	18.28	18.38	3137587	58056472.00
2014/07/17	18.35	18.54	18.26	18.52	1888996	34723916.00
2014/07/18	18.47	18.61	18.37	18.43	1811326	33507288.00
2014/07/21	18.45	18.59	18.40	18.57	1545239	28612710.00
2014/07/22	18.65	18.97	18.62	18.93	3512505	66250544.00
2014/07/23	18.94	18.96	18.51	18.54	3081282	57531744.00
2014/07/24	18.50	18.64	18.24	18.57	2445732	45208336.00
2014/07/25	18.68	18.80	18.56	18.74	1795010	33528256.00
2014/07/28	18.75	19.18	18.75	19.14	4894805	93373488.00
2014/07/29	19.30	19.58	19.17	19.32	4457190	85872984.00
2014/07/30	19.26	19.43	19.07	19.35	4501736	86733104.00
2014/07/31	19.80	19.80	19.45	19.47	4093448	80045568.00
2014/08/01	19.40	19.76	19.00	19.08	4471189	86722520.00
2014/08/04	19.10	19.43	19.07	19.42	3823303	73926800.00
2014/08/05	19.46	19.59	19.13	19.58	5206596	101018480.00
2014/08/06	19.86	19.86	19.43	19.45	4810835	94247600.00
2014/08/07	19.43	19.53	19.21	19.22	3774353	73005368.00
2014/08/08	19.29	19.47	19.23	19.39	2115957	40952196.00
2014/08/11	19.36	19.65	19.30	19.50	3992382	77978584.00
2014/08/12	19.50	19.57	19.29	19.34	3450350	66851720.00
2014/08/13	19.32	19.34	19.09	19.21	3501532	67225312.00
2014/08/14	19.25	19.47	19.18	19.20	2702827	52212432.00
2014/08/15	19.23	19.63	19.22	19.51	4543456	88345376.00
2014/08/18	19.55	20.13	19.48	20.08	8277107	164099200.00
2014/08/19	20.10	20.15	19.65	19.82	4199917	83364024.00
2014/08/20	19.88	20.18	19.78	19.98	4518097	90425360.00
2014/08/21	20.00	20.11	19.53	19.67	3704809	73103216.00
2014/08/22	19.71	20.09	19.65	20.03	3564731	70842752.00
2014/08/25	20.03	20.56	19.84	20.24	7138070	144723744.00
2014/08/26	20.20	20.28	19.40	19.41	5531521	109448880.00
2014/08/27	19.41	19.51	19.30	19.40	2179982	42276096.00
2014/08/28	19.40	19.73	19.29	19.32	2703260	52758812.00
2014/08/29	19.28	19.48	19.22	19.45	2009691	38942256.00
2014/09/01	19.46	19.73	19.45	19.65	2484378	48703788.00
2014/09/02	19.78	19.95	19.66	19.88	3707120	73424592.00
2014/09/03	19.87	19.98	19.68	19.96	4473117	88843000.00
2014/09/04	19.95	20.15	19.85	20.13	4830425	96771752.00
2014/09/05	20.12	20.16	19.92	20.09	3937449	78819280.00
2014/09/09	20.15	20.24	19.90	19.94	3254030	65059024.00
2014/09/10	19.86	20.16	19.81	20.13	3616176	72475680.00
2014/09/11	20.15	20.71	20.15	20.29	8107638	165260992.00
2014/09/12	20.30	20.58	20.18	20.57	4822417	98533888.00
2014/09/15	20.55	20.55	20.28	20.47	3924601	80145616.00
2014/09/16	20.54	20.54	19.62	19.66	5119789	102687464.00
2014/09/17	19.70	19.85	19.53	19.78	2990263	58812104.00
2014/09/18	19.77	19.83	19.61	19.73	2339844	46114688.00
2014/09/19	19.79	20.03	19.70	20.02	2335969	46388584.00
2014/09/22	19.88	19.94	19.30	19.46	2697630	52864936.00
2014/09/23	19.49	19.67	19.47	19.66	1670474	32713660.00
2014/09/24	19.61	19.87	19.51	19.86	2964135	58609544.00
2014/09/25	19.95	20.48	19.95	20.05	5384363	108922472.00
2014/09/26	20.11	20.18	19.91	20.08	2467115	49494288.00
2014/09/29	20.19	20.31	20.11	20.26	2956230	59737392.00
2014/09/30	20.20	20.44	20.20	20.37	3218160	65544668.00
2014/10/08	20.40	20.43	20.08	20.29	3940324	79600576.00
2014/10/09	20.34	20.65	20.21	20.49	4854026	99100696.00
2014/10/10	20.24	20.48	20.11	20.16	3506415	71087904.00
2014/10/13	20.09	20.09	19.81	20.04	2809367	56051284.00
2014/10/14	20.04	20.47	20.04	20.23	3855250	78261304.00
2014/10/15	20.37	20.37	19.91	20.30	3103130	62654384.00
2014/10/16	20.10	20.46	20.03	20.08	3645145	73854072.00
2014/10/17	19.88	21.88	19.70	21.08	9822469	204318432.00
2014/10/20	21.06	21.37	20.97	21.20	6700919	142083584.00
2014/10/21	21.14	22.31	21.02	21.57	9707601	211568800.00
2014/10/22	21.41	22.08	21.39	21.81	8281893	180665344.00
2014/10/23	21.77	22.31	20.85	21.49	6961016	149097856.00
2014/10/24	21.32	21.68	20.90	21.06	4273031	90564600.00
2014/10/27	21.01	21.23	20.60	21.14	3297739	69019448.00
2014/10/28	21.21	22.38	21.21	22.34	8929021	196200288.00
2014/10/29	22.37	22.52	22.06	22.34	9154057	203657088.00
2014/10/30	22.34	22.60	21.87	21.91	7036848	156119744.00
2014/10/31	22.05	22.28	21.67	22.22	6237890	137067088.00
2014/11/03	22.26	22.44	21.89	21.99	4501762	99521768.00
2014/11/04	21.86	22.20	21.42	22.18	5713519	124230560.00
2014/11/05	22.05	22.97	21.93	22.48	8061962	181550160.00
2014/11/06	22.58	23.85	22.33	23.45	11770869	272398304.00
2014/11/07	23.39	23.77	22.61	22.81	10552346	244642288.00
2014/11/10	22.65	23.98	22.50	23.90	9421263	219173856.00
2014/11/11	23.90	23.90	22.49	22.84	8435304	195024192.00
2014/11/12	22.93	23.46	22.63	23.41	6225615	144498768.00
2014/11/13	23.17	23.39	22.42	22.49	6704753	153129536.00
2014/11/14	22.21	22.38	21.19	21.34	6849853	148686752.00
2014/11/17	21.27	21.96	21.18	21.53	4088122	88653448.00
2014/11/18	21.56	21.98	21.50	21.87	3476159	75671464.00
2014/11/19	21.88	21.93	21.43	21.60	3209644	69356304.00
2014/11/20	21.50	21.95	21.44	21.83	3024563	66007248.00
2014/11/21	21.68	22.50	21.67	22.22	4729158	104769960.00
2014/11/24	22.40	22.57	21.93	22.24	5703695	126652400.00
2014/11/25	22.24	22.48	22.06	22.35	4286762	95289584.00
2014/11/26	22.44	22.69	22.00	22.25	4146083	92567432.00
2014/11/27	22.30	22.39	21.92	22.13	4972705	110144736.00
2014/11/28	22.14	22.19	21.48	21.67	5616265	121971304.00
2014/12/01	21.64	21.98	21.35	21.89	4368641	94795088.00
2014/12/02	21.86	22.33	21.75	22.21	4638067	102719928.00
2014/12/03	22.30	22.46	21.85	22.44	5589621	123830168.00
2014/12/04	22.44	22.90	22.32	22.75	6326941	142936496.00
2014/12/05	23.10	23.50	21.86	22.50	9906130	226854320.00
2014/12/08	22.11	23.25	21.80	22.63	6467099	145352960.00
2014/12/09	22.35	22.50	21.28	21.30	6065895	132785968.00
2014/12/10	21.23	21.91	21.21	21.77	3496205	75657168.00
2014/12/11	21.67	22.17	21.59	22.01	3721989	81193456.00
2014/12/12	21.98	22.09	21.63	21.77	3454897	75382272.00
2014/12/15	21.89	22.10	21.77	22.09	4754406	104479512.00
2014/12/16	22.09	22.30	21.70	21.75	4685664	102858296.00
2014/12/17	21.65	21.88	21.20	21.25	5060714	108567312.00
2014/12/18	21.51	21.78	21.30	21.48	3911599	84280024.00
2014/12/19	21.39	21.39	20.55	20.75	5867266	122016360.00
2014/12/22	20.65	20.75	19.03	19.30	5994053	118047248.00
2014/12/23	19.18	19.75	19.15	19.30	2581906	50310488.00
2014/12/24	19.51	19.83	19.51	19.75	2466770	48583588.00
2014/12/25	19.89	20.00	19.70	19.85	2480153	49097152.00
2014/12/26	19.85	19.85	19.57	19.82	2416208	47676800.00
2014/12/29	19.77	19.81	19.23	19.27	3386225	65724324.00
2014/12/30	19.44	19.44	19.07	19.19	2037518	39138864.00
2014/12/31	19.18	19.60	19.18	19.44	2342823	45405088.00
2015/01/05	19.38	19.76	19.10	19.73	3408316	66386620.00
2015/01/06	19.65	20.20	19.52	20.09	3917898	77648712.00
2015/01/07	20.06	20.43	19.80	20.27	5548337	111775160.00
2015/01/08	20.18	20.40	19.84	19.96	3998373	80243128.00
2015/01/09	19.90	20.08	19.73	19.75	2880153	57416448.00
2015/01/12	19.62	19.62	19.05	19.23	2497310	48274052.00
2015/01/13	19.27	19.62	19.21	19.56	1631440	31761850.00
2015/01/14	19.57	19.65	19.31	19.47	1346334	26248336.00
2015/01/15	19.52	19.68	19.40	19.63	1617929	31642880.00
2015/01/16	19.84	20.27	19.83	20.15	3768197	75837744.00
2015/01/19	19.76	20.39	19.22	19.55	3421317	68045216.00
2015/01/20	19.58	20.17	19.58	20.07	3437907	68723656.00
2015/01/21	20.02	20.40	20.01	20.26	5730881	116130440.00
2015/01/22	20.29	20.56	20.25	20.43	4389937	89613368.00
2015/01/23	20.50	20.54	20.07	20.15	4462462	90551712.00
2015/01/26	20.09	20.32	20.09	20.29	5102041	103027624.00
2015/01/27	20.30	20.57	20.07	20.24	6449005	131091032.00
2015/01/28	20.20	20.41	20.12	20.27	4624394	93889432.00
2015/01/29	20.03	20.22	19.81	19.92	4193881	83683712.00
2015/01/30	19.90	20.13	19.61	19.62	2858760	56465536.00
2015/02/02	19.50	19.83	19.42	19.66	2508719	49364912.00
2015/02/03	19.84	19.88	19.57	19.84	2001889	39532136.00
2015/02/04	19.84	19.90	19.73	19.79	2406456	47656688.00
2015/02/05	19.94	19.95	19.40	19.44	2613410	51429468.00
2015/02/06	19.44	19.68	19.22	19.27	2207998	42895772.00
2015/02/09	19.27	19.49	19.14	19.23	1334755	25709984.00
2015/02/10	19.24	19.32	19.18	19.28	1904867	36651132.00
2015/02/11	19.30	19.46	19.25	19.43	1691936	32766998.00
2015/02/12	19.45	19.71	19.41	19.59	1632858	31942046.00
2015/02/13	19.80	20.35	19.75	20.16	5268318	106045912.00
2015/02/16	20.20	20.33	20.00	20.22	3571653	72093856.00
2015/02/17	20.23	20.31	20.10	20.21	2260009	45659604.00
2015/02/25	20.18	20.26	20.00	20.16	1919565	38643836.00
2015/02/26	20.20	20.44	20.07	20.41	4471631	90803040.00
2015/02/27	20.34	20.45	20.23	20.27	3298344	66985552.00
2015/03/02	20.30	20.68	20.22	20.66	5487758	111972616.00
2015/03/03	20.50	21.25	20.43	20.81	8252121	172410512.00
2015/03/04	20.85	21.22	20.63	20.88	6074210	126958184.00
2015/03/05	20.94	20.97	20.65	20.85	4134435	85917016.00
2015/03/06	20.83	20.93	20.49	20.50	3477306	71831824.00
2015/03/09	20.41	20.71	20.25	20.70	3053940	62668872.00
2015/03/10	20.63	20.89	20.58	20.80	3361170	69803848.00
2015/03/11	20.77	20.94	20.45	20.56	4057148	83908048.00
2015/03/12	20.65	20.72	20.30	20.42	3388734	69328408.00
2015/03/13	20.57	20.73	20.45	20.71	2956035	60756864.00
2015/03/16	21.02	21.49	20.90	21.41	7410838	157036496.00
2015/03/17	21.50	21.77	21.20	21.44	7710097	165587776.00
2015/03/18	21.41	21.75	21.37	21.73	5801273	125403288.00
2015/03/19	21.71	21.95	21.53	21.74	6313934	137334224.00
2015/03/20	21.69	21.84	21.60	21.77	4868506	105699744.00
2015/03/23	21.98	22.30	21.80	22.00	7978277	175429728.00
2015/03/24	22.00	22.08	21.35	21.69	8235879	178399696.00
2015/03/25	21.61	22.97	21.47	22.64	13462830	302011392.00
2015/03/26	22.50	23.33	22.30	22.63	9367500	213327536.00
2015/03/27	22.63	23.20	22.49	22.78	7025244	160391664.00
2015/03/30	23.00	23.46	22.78	23.13	11501805	265755536.00
2015/03/31	23.13	23.50	22.80	22.86	8289161	191688432.00
2015/04/01	22.87	23.35	22.71	23.10	9580424	220572928.00
2015/04/02	23.29	23.30	22.81	23.08	10340700	237993040.00
2015/04/03	22.90	23.97	22.81	23.80	15876915	373081344.00
2015/04/07	23.82	25.01	23.60	24.44	14176563	344352192.00
2015/04/08	24.32	24.47	23.62	23.82	12203055	292964416.00
2015/04/09	24.25	25.55	24.15	24.70	21726253	538147840.00
2015/04/10	24.50	25.28	24.39	25.14	17725507	438915872.00
2015/04/13	25.24	25.55	24.73	25.19	13314948	335060672.00
2015/04/14	25.15	25.54	24.80	25.25	10823534	272066816.00
2015/04/15	25.21	25.21	23.81	23.82	11070637	269789888.00
2015/04/16	23.98	25.04	23.86	24.61	13247546	325061024.00
2015/04/17	24.83	25.18	24.06	24.20	14558668	356205184.00
2015/04/20	24.10	24.30	23.53	23.60	13199352	314442496.00
2015/04/21	23.59	24.26	23.55	24.24	9485267	226757600.00
2015/04/22	24.46	24.99	24.00	24.80	16145630	397304928.00
2015/04/23	25.11	25.49	24.68	24.90	14354593	359524928.00
2015/04/24	24.42	24.84	24.26	24.60	10009264	245062240.00
2015/04/27	24.75	27.00	24.75	26.14	19596812	510692480.00
2015/04/28	26.09	26.34	24.98	25.35	12548985	319927456.00
2015/04/29	25.10	26.11	25.00	25.59	10867955	278464000.00
2015/04/30	25.76	25.93	25.05	25.08	8280137	210151680.00
2015/05/04	24.91	25.17	24.52	24.79	7670189	189806800.00
2015/05/05	24.74	24.82	23.55	23.68	8569174	207854480.00
2015/05/06	23.80	24.17	22.90	23.07	7566593	179095776.00
2015/05/07	23.14	23.42	23.01	23.09	5847872	135623056.00
2015/05/08	23.41	23.86	23.17	23.76	6388767	149717488.00
2015/05/11	24.08	24.43	23.68	24.42	8982805	216334416.00
2015/05/12	24.43	25.15	24.32	24.79	10802889	267724160.00
2015/05/13	24.79	25.00	24.43	24.57	8176417	201407024.00
2015/05/14	24.80	25.90	24.57	25.55	15126197	383255616.00
2015/05/15	25.54	25.54	24.55	24.78	11552268	288038848.00
2015/05/18	24.79	27.26	24.78	27.26	24746889	651502272.00
2015/05/19	27.52	27.69	26.68	27.40	20352795	553784384.00
2015/05/20	27.85	29.79	27.31	27.39	19371455	548313536.00
2015/05/21	27.50	28.31	27.31	28.15	13947729	388690176.00
2015/05/22	28.50	28.94	27.70	28.64	16813160	476540000.00
2015/05/25	28.64	29.85	28.50	29.48	17051109	500343968.00
2015/05/26	29.69	30.96	29.12	30.37	17443564	525368896.00
2015/05/27	30.34	33.41	29.50	33.41	24759894	781086400.00
2015/05/28	34.66	36.34	31.11	31.98	34937998	1216469376.00
2015/05/29	32.52	33.41	30.22	32.29	22417548	722468864.00
2015/06/01	33.10	34.20	32.35	34.17	19123904	643968640.00
2015/06/02	35.60	35.60	33.71	35.24	19754668	685935232.00
2015/06/03	35.25	35.33	33.51	33.81	16114222	549937920.00
2015/06/04	33.81	33.90	30.43	32.54	16711432	533839744.00
2015/06/05	32.90	33.50	31.85	32.69	14535586	476642272.00
2015/06/08	32.84	32.88	31.10	31.79	12979532	414022240.00
2015/06/09	31.75	34.58	31.46	34.24	16016186	526356256.00
2015/06/10	33.23	33.78	32.60	33.07	13621245	453060800.00
2015/06/11	32.98	33.17	32.51	32.80	10058902	329471072.00
2015/06/12	32.95	33.80	32.80	33.38	13660307	457266560.00
2015/06/15	33.39	34.29	32.88	33.05	12067021	405315488.00
2015/06/16	33.21	33.90	32.51	32.90	14766507	490618240.00
2015/06/17	32.50	32.68	30.05	31.68	14607329	456037920.00
2015/06/18	31.15	31.94	29.59	29.62	9269416	286422816.00
数据来源:通达信
