2009/12/25	8.29	9.88	8.29	9.59	94458620	1347095552.00
2009/12/28	9.40	10.61	9.10	10.61	70545843	1074849280.00
2009/12/29	10.18	11.45	10.18	10.72	63252271	1069191936.00
2009/12/30	10.66	11.14	10.40	10.76	33292793	562762496.00
2009/12/31	10.71	11.27	10.49	10.67	30525913	519213536.00
2010/01/04	10.61	11.62	10.55	11.30	39640863	690438592.00
2010/01/05	11.21	11.30	10.85	11.29	25611734	446244672.00
2010/01/06	11.10	11.61	10.97	11.03	27255361	479488672.00
2010/01/07	10.87	10.99	10.22	10.35	26736811	443356960.00
2010/01/08	10.23	10.36	9.97	10.33	14741500	236257008.00
2010/01/11	10.25	10.38	9.91	9.96	14983349	237753376.00
2010/01/12	9.95	10.19	9.82	10.15	12398595	197538560.00
2010/01/13	9.97	10.11	9.85	9.89	12526345	196933584.00
2010/01/14	9.89	10.19	9.89	10.11	10268425	163040976.00
2010/01/15	10.08	10.28	10.03	10.19	11025502	176699856.00
2010/01/18	10.20	10.27	10.02	10.15	8405705	133963544.00
2010/01/19	10.14	10.14	9.88	10.06	9050917	142789552.00
2010/01/20	10.07	10.11	9.15	9.31	13843163	211855296.00
2010/01/21	9.43	9.61	9.15	9.57	9302448	137329424.00
2010/01/22	9.40	9.41	8.85	9.07	7008078	101702464.00
2010/01/25	8.83	9.08	8.83	8.87	4278347	60614892.00
2010/01/26	8.91	9.06	8.84	9.01	5877087	83462624.00
2010/01/27	9.03	9.54	8.93	9.29	11918439	175104768.00
2010/01/28	9.15	9.20	8.95	9.12	5728680	82335456.00
2010/01/29	9.07	9.08	8.83	9.03	5596297	79674864.00
2010/02/01	8.95	9.00	8.31	8.44	6990292	94252760.00
2010/02/02	8.48	8.55	8.19	8.24	5519998	73563632.00
2010/02/03	8.31	8.44	7.83	8.37	8264435	106976104.00
2010/02/04	8.21	8.76	8.03	8.46	10170486	136364864.00
2010/02/05	8.15	8.29	8.01	8.09	5205441	67565944.00
2010/02/08	8.03	8.28	8.03	8.24	3961918	51719720.00
2010/02/09	8.15	8.25	8.07	8.14	2879223	37416280.00
2010/02/10	8.19	8.27	8.11	8.25	3160606	41317992.00
2010/02/11	8.23	8.34	8.14	8.26	2998695	39420352.00
2010/02/12	8.31	8.35	8.22	8.28	2846316	37504816.00
2010/02/22	8.28	8.28	8.11	8.11	3551074	46202920.00
2010/02/23	8.03	8.11	7.82	8.05	3784992	48174044.00
2010/02/24	8.01	8.85	7.93	8.77	14789023	202117104.00
2010/02/25	8.63	8.86	8.59	8.77	9295896	129045496.00
2010/02/26	8.66	8.77	8.61	8.62	5594561	77056448.00
2010/03/01	8.71	9.12	8.62	9.00	8514921	120671608.00
2010/03/02	9.01	9.07	8.82	8.99	6095374	86249368.00
2010/03/03	8.94	8.95	8.75	8.88	6049693	84985192.00
2010/03/04	8.88	9.07	8.41	8.49	6447494	89753832.00
2010/03/05	8.49	8.60	8.33	8.42	3799148	51284064.00
2010/03/08	8.44	8.68	8.44	8.65	3897482	53376220.00
2010/03/09	8.72	8.72	8.49	8.61	2652273	36385700.00
2010/03/10	8.61	8.95	8.61	8.73	6002151	83962392.00
2010/03/11	8.67	8.75	8.47	8.63	2749517	37610816.00
2010/03/12	8.55	8.65	8.36	8.37	3132596	42203168.00
2010/03/15	8.26	8.32	8.18	8.22	2118650	27825664.00
2010/03/16	8.21	8.31	8.19	8.29	1428204	18780256.00
2010/03/17	8.34	8.49	8.30	8.45	2640953	35408416.00
2010/03/18	8.45	8.55	8.39	8.47	2821449	38011148.00
2010/03/19	8.51	8.60	8.22	8.55	3025127	40970120.00
2010/03/22	8.54	8.75	8.51	8.71	5134596	70763152.00
2010/03/23	8.73	8.73	8.57	8.59	3293391	45172144.00
2010/03/24	8.58	8.69	8.47	8.49	3500079	47758952.00
2010/03/25	8.37	8.55	8.13	8.18	14934578	196684208.00
2010/03/26	8.18	8.40	8.10	8.31	7009749	92117752.00
2010/03/29	8.28	8.49	8.23	8.38	9014744	120207280.00
2010/03/30	8.42	8.53	8.28	8.39	7920868	105855312.00
2010/03/31	8.43	8.44	8.28	8.40	7316508	97339776.00
2010/04/01	8.39	8.92	8.38	8.77	18676464	257781280.00
2010/04/02	8.69	9.04	8.68	8.91	17241389	242688128.00
2010/04/06	8.95	9.14	8.84	8.96	10756577	153000192.00
2010/04/07	8.97	9.10	8.83	9.09	9483631	134812896.00
2010/04/08	9.08	9.52	8.95	9.17	17919511	263246016.00
2010/04/09	9.17	9.37	9.09	9.20	11410866	167243728.00
2010/04/12	9.19	9.34	8.93	9.01	10221750	147319392.00
2010/04/13	8.98	9.27	8.71	9.05	9598553	137047056.00
2010/04/14	9.05	9.25	9.00	9.23	8501317	123418976.00
2010/04/15	9.30	9.30	8.81	8.94	7675139	109977040.00
2010/04/16	8.94	9.01	8.88	8.92	3664943	52024252.00
2010/04/19	8.88	8.88	8.25	8.33	7673338	104996656.00
2010/04/21	8.46	8.70	8.39	8.69	6149384	83816592.00
2010/04/22	8.62	8.71	8.48	8.54	5263428	71651968.00
2010/04/23	8.54	8.75	8.49	8.53	3942012	53935796.00
2010/04/26	8.53	8.60	8.30	8.39	4206241	56344808.00
2010/04/27	8.39	8.61	8.31	8.61	7689360	103796856.00
2010/04/28	8.48	8.71	8.41	8.64	5765387	78813816.00
2010/04/29	8.68	8.80	8.35	8.39	6176948	84986600.00
2010/04/30	8.41	8.48	7.69	7.75	7970579	100930456.00
2010/05/04	7.61	7.83	7.40	7.74	4278518	52282760.00
2010/05/05	7.64	8.03	7.53	8.01	4263837	53460648.00
2010/05/06	8.00	8.08	7.64	7.65	3499008	44033156.00
2010/05/10	7.48	7.72	7.27	7.45	4048142	48619872.00
2010/05/11	7.66	7.74	7.19	7.21	3209164	38226776.00
2010/05/12	7.19	7.27	6.59	6.83	4480602	49879876.00
2010/05/13	6.83	6.99	6.62	6.99	3164918	34975860.00
2010/05/14	6.88	7.01	6.82	6.92	2442997	27243284.00
2010/05/17	6.81	6.81	6.17	6.17	4154121	43742500.00
2010/05/18	6.21	6.36	6.03	6.27	4350064	43872176.00
2010/05/19	6.12	6.38	6.12	6.27	3239385	33024058.00
2010/05/20	6.25	6.36	6.05	6.07	2934539	29713278.00
2010/05/21	5.87	6.21	5.78	6.16	3314438	32355462.00
2010/05/24	6.15	6.66	6.14	6.57	6457408	67673112.00
2010/05/25	6.47	6.69	6.42	6.47	3884841	41135824.00
2010/05/26	6.48	6.57	6.41	6.53	2118537	22312188.00
2010/05/27	6.61	7.01	6.55	6.93	9441370	104327200.00
2010/05/28	6.94	6.95	6.76	6.82	5224304	57603112.00
2010/05/31	6.77	7.28	6.74	7.01	10639310	121093680.00
2010/06/01	7.33	7.60	6.91	7.09	13574214	157463584.00
2010/06/02	6.88	6.88	6.54	6.83	6967772	75423168.00
2010/06/03	6.88	6.89	6.62	6.69	4764406	51995300.00
2010/06/04	6.59	6.66	6.51	6.62	3112756	33183732.00
2010/06/07	6.51	6.51	6.33	6.38	2654991	27421264.00
2010/06/08	6.35	6.57	6.35	6.48	3048999	31645684.00
2010/06/09	6.51	6.73	6.45	6.71	3933905	41590764.00
2010/06/10	6.71	6.79	6.65	6.68	3397489	36527032.00
2010/06/11	6.69	6.77	6.62	6.68	2587815	27727780.00
2010/06/17	6.75	6.85	6.71	6.77	3214929	34861632.00
2010/06/18	6.73	6.79	6.41	6.43	2917184	30799284.00
2010/06/21	6.41	6.77	6.41	6.75	3072967	32675070.00
2010/06/22	6.72	6.85	6.68	6.79	3204029	34702272.00
2010/06/23	6.78	6.84	6.61	6.67	2548377	27411940.00
2010/06/24	6.65	6.83	6.61	6.81	2786292	30200336.00
2010/06/25	6.71	6.80	6.51	6.56	2385619	25322630.00
2010/06/28	6.53	6.70	6.51	6.57	1909432	20247152.00
2010/06/29	6.57	6.67	6.23	6.26	3155991	32580488.00
2010/06/30	6.25	6.45	5.98	6.37	3142053	31558162.00
2010/07/01	6.35	6.49	6.22	6.25	1735449	17729616.00
2010/07/02	6.25	6.32	6.05	6.19	1966338	19497350.00
2010/07/05	6.12	6.25	6.00	6.19	1314603	12989330.00
2010/07/06	6.14	6.44	6.09	6.37	1916442	19444680.00
2010/07/07	6.31	6.39	6.31	6.39	1256965	12834329.00
2010/07/08	6.43	6.47	6.32	6.37	1382310	14188231.00
2010/07/09	6.37	6.77	6.31	6.75	4216015	44600132.00
2010/07/12	6.75	6.81	6.65	6.79	3276297	35408832.00
2010/07/13	6.68	6.76	6.59	6.71	2358291	25215726.00
2010/07/14	6.73	6.94	6.71	6.87	4959703	54341784.00
2010/07/15	6.85	6.95	6.56	6.59	3733370	40588044.00
2010/07/16	6.61	6.91	6.49	6.85	4241589	45588324.00
2010/07/19	6.71	7.24	6.71	7.05	8842027	99912944.00
2010/07/20	7.02	7.17	6.98	7.11	6762284	76597992.00
2010/07/21	7.07	7.28	7.01	7.13	5509893	62961052.00
2010/07/22	7.22	7.39	7.10	7.38	5907482	68269568.00
2010/07/23	7.40	7.40	7.22	7.31	5978045	69508112.00
2010/07/26	7.25	7.61	7.25	7.55	6447496	75896672.00
2010/07/27	7.54	7.63	7.32	7.33	7073721	84097792.00
2010/07/28	7.28	7.51	7.21	7.48	5059594	59391176.00
2010/07/29	7.45	7.61	7.35	7.48	10303163	122658552.00
2010/07/30	7.40	7.44	7.26	7.40	4813192	56316044.00
2010/08/02	7.38	7.53	7.35	7.43	5883277	69713176.00
2010/08/03	7.41	7.47	7.16	7.18	4992275	58292540.00
2010/08/04	7.11	7.29	7.10	7.27	3058046	35074596.00
2010/08/05	7.31	7.35	7.19	7.27	2384058	27581444.00
2010/08/06	7.25	7.37	7.15	7.36	3262853	37879280.00
2010/08/09	7.37	7.93	7.36	7.77	11716687	141708688.00
2010/08/10	7.62	7.73	7.31	7.32	7932315	95110224.00
2010/08/11	7.31	7.42	7.21	7.38	2966333	34618604.00
2010/08/12	7.28	7.35	7.10	7.14	3302915	37960012.00
2010/08/13	7.13	7.30	7.10	7.27	2405933	27620406.00
2010/08/16	7.28	7.51	7.21	7.40	3802206	44716760.00
2010/08/17	7.45	7.53	7.41	7.50	3743678	44571928.00
2010/08/18	7.53	7.57	7.39	7.49	3215737	38121824.00
2010/08/19	7.51	7.53	7.41	7.47	3265459	38836312.00
2010/08/20	7.46	7.64	7.41	7.48	6444864	77242056.00
2010/08/23	7.51	7.72	7.49	7.63	7175277	86973688.00
2010/08/24	7.68	7.75	7.55	7.62	5432722	65898712.00
2010/08/25	7.61	7.61	7.21	7.23	4685465	55104256.00
2010/08/26	7.25	7.38	7.25	7.33	2450897	28531292.00
2010/08/27	7.35	7.35	7.21	7.30	1729596	20056390.00
2010/08/30	7.33	7.61	7.30	7.59	3508380	41458588.00
2010/08/31	7.55	7.55	7.40	7.47	3012720	35744920.00
2010/09/01	7.47	7.49	7.26	7.31	3356053	39398624.00
2010/09/02	7.36	7.61	7.35	7.51	5720290	68199576.00
2010/09/03	7.57	7.73	7.51	7.65	7581324	91995896.00
2010/09/06	7.69	7.75	7.55	7.67	6008269	73049280.00
2010/09/07	7.68	7.71	7.52	7.62	3736953	45091200.00
2010/09/08	7.67	8.12	7.67	7.80	12766682	160327584.00
2010/09/09	7.75	7.81	7.53	7.56	6605290	80289736.00
2010/09/10	7.53	7.71	7.46	7.65	3553410	42935308.00
2010/09/13	7.65	7.78	7.56	7.74	4690003	57306824.00
2010/09/14	7.74	7.83	7.66	7.69	4295461	52808312.00
2010/09/15	7.65	7.73	7.56	7.59	3451179	41927252.00
2010/09/16	7.63	7.63	7.27	7.31	3849772	45296408.00
2010/09/17	7.30	7.38	7.23	7.27	1930014	22434792.00
2010/09/20	7.27	7.32	7.11	7.21	1560376	17984970.00
2010/09/21	7.23	7.29	7.07	7.13	1349482	15413806.00
2010/09/27	7.21	7.43	7.14	7.37	1902209	22210922.00
2010/09/28	7.36	7.45	7.17	7.28	2083222	24234038.00
2010/09/29	7.25	7.61	7.12	7.47	4282549	50294568.00
2010/09/30	7.47	7.51	7.36	7.42	3120599	36949476.00
2010/10/08	7.47	7.75	7.41	7.67	6673678	80889904.00
2010/10/11	7.75	7.99	7.72	7.79	10692212	133471976.00
2010/10/12	7.72	8.61	7.65	8.61	21892108	288668384.00
2010/10/13	8.87	9.52	8.87	9.33	31628380	458301408.00
2010/10/14	9.14	9.68	8.85	9.35	26507354	386408640.00
2010/10/15	9.15	9.66	8.93	9.29	17324327	253029088.00
2010/10/18	9.18	9.29	8.55	8.69	11419003	160153168.00
2010/10/19	8.67	9.07	8.65	8.91	7073718	99045912.00
2010/10/20	8.68	9.51	8.60	9.21	18777676	269399264.00
2010/10/21	9.21	9.25	8.82	8.97	9735630	137516896.00
2010/10/22	8.93	9.11	8.80	8.91	6931834	97784272.00
2010/10/25	9.08	9.45	8.80	9.21	11958247	171952400.00
2010/10/26	9.23	9.54	8.88	9.03	13885130	200782624.00
2010/10/27	9.03	9.05	8.81	8.84	7154558	100325720.00
2010/10/28	8.95	8.97	8.61	8.63	7803278	107647144.00
2010/10/29	8.67	8.83	8.67	8.81	5007173	69274368.00
2010/11/01	8.86	9.05	8.81	8.97	9018710	127312984.00
2010/11/02	8.99	8.99	8.75	8.76	8951800	124311984.00
2010/11/03	8.76	8.99	8.65	8.91	9212611	128752304.00
2010/11/04	8.93	9.10	8.82	9.09	11017568	156116400.00
2010/11/05	9.15	9.93	9.03	9.70	25403334	379713344.00
2010/11/08	9.55	9.78	9.45	9.65	15009164	226488256.00
2010/11/09	9.67	9.71	9.37	9.47	10832252	161930336.00
2010/11/11	9.37	9.78	9.28	9.29	9833663	147177792.00
2010/11/12	9.32	9.32	8.35	8.39	11818699	164871104.00
2010/11/15	8.65	8.96	8.48	8.73	8381657	115055376.00
2010/11/16	8.75	8.79	8.19	8.29	5918996	78838472.00
2010/11/17	8.21	8.41	8.06	8.15	3618704	47207856.00
2010/11/18	8.21	8.34	8.11	8.26	2727484	35494644.00
2010/11/19	8.27	8.35	7.95	8.28	5274706	68198912.00
2010/11/22	8.22	8.41	8.15	8.33	4059571	53306476.00
2010/11/23	8.35	8.35	7.89	8.07	3209850	41192888.00
2010/11/24	8.01	8.33	7.95	8.33	3307218	42982060.00
2010/11/25	8.33	8.59	8.30	8.43	4838177	64634792.00
2010/11/26	8.41	8.83	8.26	8.56	8349415	113168616.00
2010/11/29	8.55	8.55	8.22	8.35	3916598	51608716.00
2010/11/30	8.35	8.39	7.77	7.97	4354713	55564672.00
2010/12/01	8.02	8.06	7.88	7.96	2150176	27119652.00
2010/12/02	8.09	8.21	7.96	8.04	2731479	35084596.00
2010/12/03	8.05	8.14	7.85	7.95	1783116	22503804.00
2010/12/06	7.97	8.07	7.88	7.99	1843020	23333794.00
2010/12/07	8.00	8.13	7.89	8.11	2512618	32046220.00
2010/12/08	8.11	8.13	7.99	8.01	1870388	23906264.00
2010/12/09	8.01	8.01	7.75	7.77	2353942	29381388.00
2010/12/10	7.75	7.88	7.73	7.85	1601584	19831280.00
2010/12/13	7.88	8.08	7.87	8.08	2565073	32607832.00
2010/12/14	8.09	8.33	8.01	8.29	4371504	56700596.00
2010/12/15	8.27	9.14	8.11	8.77	14895987	204800944.00
2010/12/16	8.57	8.77	8.48	8.55	6815349	92600800.00
2010/12/17	8.48	8.58	8.29	8.36	4041198	53594304.00
2010/12/20	8.36	8.49	7.85	8.14	3956115	51423980.00
2010/12/21	8.18	8.40	8.18	8.33	2950756	38759128.00
2010/12/22	8.41	8.46	8.20	8.23	3451717	45346960.00
2010/12/23	8.21	8.33	8.15	8.19	2294975	29901552.00
2010/12/24	8.11	8.26	8.01	8.13	3104774	40109000.00
2010/12/27	8.09	8.37	7.95	8.01	2644884	34401728.00
2010/12/28	7.95	8.13	7.59	7.60	2427388	29969266.00
2010/12/29	7.60	7.83	7.56	7.75	1701488	20866932.00
2010/12/30	7.79	7.79	7.60	7.65	1368689	16697326.00
2010/12/31	7.67	7.85	7.67	7.82	1745549	21552122.00
2011/01/04	7.90	8.06	7.90	8.01	2877095	36467176.00
2011/01/05	8.01	8.01	7.85	7.94	2387882	29987162.00
2011/01/06	8.02	8.02	7.75	7.81	1863814	23185688.00
2011/01/07	7.75	7.90	7.70	7.81	1810702	22426476.00
2011/01/10	7.81	7.81	7.65	7.68	1496840	18360800.00
2011/01/11	7.71	7.80	7.58	7.62	1220967	14807671.00
2011/01/12	7.68	7.68	7.30	7.46	4449330	52752448.00
2011/01/13	7.45	7.68	7.39	7.67	2791271	33533440.00
2011/01/14	7.59	7.59	7.39	7.39	1665395	19782888.00
2011/01/17	7.35	7.43	6.97	6.99	1858881	21235448.00
2011/01/18	6.95	7.01	6.85	6.94	1131304	12551605.00
2011/01/19	7.01	7.09	6.95	7.08	1157119	12972505.00
2011/01/20	7.08	7.22	6.72	6.75	2219846	24677756.00
2011/01/21	6.77	7.03	6.76	6.88	1699948	18792344.00
2011/01/24	6.88	6.92	6.70	6.75	1229122	13333971.00
2011/01/25	6.75	6.85	6.55	6.60	1291295	13703158.00
2011/01/26	6.61	6.81	6.60	6.77	945957	10187013.00
2011/01/27	6.73	6.91	6.67	6.89	1591546	17409180.00
2011/01/28	6.88	7.05	6.83	6.98	1482959	16419380.00
2011/01/31	6.89	7.07	6.89	7.05	1536653	17210378.00
2011/02/01	7.11	7.14	7.01	7.03	1170701	13176961.00
2011/02/09	6.94	7.03	6.81	6.82	1475120	16275227.00
2011/02/10	6.82	7.01	6.82	7.01	1463785	16202050.00
2011/02/11	7.01	7.29	6.97	7.27	4000930	45672060.00
2011/02/14	7.31	7.66	7.18	7.64	4863061	57729304.00
2011/02/15	7.63	8.37	7.51	7.93	11218499	141214688.00
2011/02/16	7.86	8.17	7.79	7.99	7578935	95318584.00
2011/02/17	7.91	8.12	7.74	7.83	4768910	59437944.00
2011/02/18	7.81	7.91	7.52	7.62	3181877	38595272.00
2011/02/21	7.55	7.73	7.51	7.72	2451647	29772456.00
2011/02/22	7.74	7.80	7.41	7.42	2752777	33012564.00
2011/02/23	7.42	7.60	7.35	7.55	1895670	22550468.00
2011/02/24	7.53	7.59	7.42	7.51	1757107	21013740.00
2011/02/25	7.52	7.63	7.41	7.56	1916129	22999944.00
2011/02/28	7.55	7.77	7.46	7.75	2998383	36434288.00
2011/03/01	7.74	7.75	7.62	7.67	2615433	31878196.00
2011/03/02	7.65	7.74	7.55	7.60	1927250	23332922.00
2011/03/03	7.59	7.68	7.55	7.57	1883019	22829228.00
2011/03/04	7.57	7.69	7.53	7.67	2078514	25224972.00
2011/03/07	7.68	7.96	7.67	7.88	5072746	63063200.00
2011/03/08	7.91	7.91	7.73	7.81	2820076	34850560.00
2011/03/09	7.81	7.87	7.77	7.79	2118027	26212926.00
2011/03/10	7.83	7.85	7.58	7.59	3054683	37188784.00
2011/03/11	7.56	7.65	7.48	7.49	2187141	26314680.00
2011/03/14	7.48	7.58	7.45	7.52	1757243	20972356.00
2011/03/15	7.55	7.58	7.11	7.27	3379142	39024588.00
2011/03/16	7.27	7.35	7.21	7.33	2193785	25444592.00
2011/03/17	7.31	7.51	7.06	7.29	2722041	31685092.00
2011/03/18	7.31	7.38	7.25	7.31	1494594	17381602.00
2011/03/21	7.29	7.39	7.23	7.29	1111885	12901526.00
2011/03/22	7.33	7.34	7.18	7.28	1081711	12505700.00
2011/03/23	7.31	7.41	7.25	7.39	1855540	21726988.00
2011/03/24	7.41	7.49	7.31	7.33	1786375	20941102.00
2011/03/25	7.37	7.41	7.33	7.39	1777291	20888972.00
2011/03/28	7.39	7.76	7.39	7.66	5995081	72417208.00
2011/03/29	7.57	7.63	7.41	7.43	3692231	44085252.00
2011/03/30	7.40	7.49	7.26	7.27	2093866	24422264.00
2011/03/31	7.25	7.36	7.13	7.13	1896274	21800980.00
2011/04/01	7.19	7.25	7.12	7.23	989744	11344932.00
2011/04/06	7.23	7.27	7.11	7.25	1366776	15701246.00
2011/04/07	7.26	7.37	7.22	7.31	1521818	17729520.00
2011/04/08	7.28	7.39	7.23	7.35	1580938	18488616.00
2011/04/11	7.41	7.47	7.33	7.39	2489116	29309904.00
2011/04/12	7.38	7.48	7.28	7.46	2442394	28745246.00
2011/04/13	7.41	7.45	7.29	7.43	2296304	26940650.00
2011/04/14	7.43	7.51	7.38	7.46	2520530	29897220.00
2011/04/15	7.35	7.52	7.29	7.45	2809149	33157432.00
2011/04/18	7.37	7.47	7.34	7.39	2295250	27038590.00
2011/04/19	7.37	7.37	7.13	7.15	2731062	31302722.00
2011/04/27	7.15	7.35	6.95	7.00	3014759	34390380.00
2011/04/28	7.06	7.64	6.87	7.49	6784397	78948328.00
2011/04/29	7.38	7.60	7.15	7.55	7344401	87063416.00
2011/05/03	7.55	7.70	7.36	7.68	6745329	81035528.00
2011/05/04	7.61	7.78	7.46	7.58	6486545	78491504.00
2011/05/05	7.57	7.71	7.48	7.69	5585343	67959920.00
2011/05/06	7.69	7.69	7.42	7.47	4150209	49692616.00
2011/05/09	7.49	7.96	7.43	7.85	8911091	109680488.00
2011/05/10	7.84	8.03	7.77	7.87	8020949	100193072.00
2011/05/11	7.81	7.98	7.72	7.87	5552915	69211592.00
2011/05/12	7.81	7.86	7.63	7.65	4347945	53494008.00
2011/05/13	7.64	8.17	7.61	8.12	9652294	121360288.00
2011/05/16	8.03	8.21	8.01	8.13	9680162	124665368.00
2011/05/17	8.13	8.35	7.97	8.21	9824178	127357104.00
2011/05/18	8.19	8.27	8.00	8.24	5659162	72747632.00
2011/05/19	8.18	8.25	8.02	8.03	4031634	51690060.00
2011/05/20	8.01	8.09	7.89	7.93	3814088	48313836.00
2011/05/23	7.97	8.03	7.22	7.35	6728568	81297472.00
2011/05/24	7.22	7.34	7.07	7.25	3587400	41139088.00
2011/05/25	7.29	7.32	7.10	7.11	2287743	26205914.00
2011/05/27	7.05	7.20	6.95	7.05	2015677	22785902.00
2011/05/30	7.03	7.20	6.93	7.09	1607875	18235376.00
2011/05/31	7.17	7.39	7.07	7.36	2629304	30439066.00
2011/06/01	7.32	7.41	7.23	7.31	1803913	20977920.00
2011/06/02	7.25	7.25	6.88	7.07	2736228	30756084.00
2011/06/03	7.03	7.22	7.03	7.16	2048474	23290922.00
2011/06/07	7.08	7.16	7.02	7.13	2014085	22783202.00
2011/06/08	7.09	7.13	6.99	7.07	2299661	25893890.00
2011/06/09	7.02	7.11	6.79	6.79	1907510	21226084.00
2011/06/10	6.81	6.85	6.57	6.69	2188510	23437134.00
2011/06/13	6.63	6.81	6.55	6.78	1268051	13673832.00
2011/06/14	6.78	6.91	6.75	6.89	2382762	26156768.00
2011/06/15	6.89	6.89	6.75	6.77	1085435	11822106.00
2011/06/16	6.69	6.70	6.58	6.61	1543856	16421036.00
2011/06/17	6.61	6.66	6.45	6.45	1293619	13605679.00
2011/06/20	6.41	6.46	6.25	6.30	1559273	15902909.00
2011/06/21	6.33	6.41	6.29	6.35	1232674	12567343.00
2011/06/22	6.40	6.41	6.21	6.33	1033156	10530528.00
2011/06/23	6.31	6.46	6.19	6.41	2122797	21553758.00
2011/06/24	6.42	6.61	6.36	6.55	3079075	32124296.00
2011/06/27	6.53	6.68	6.49	6.58	2476473	26185760.00
2011/06/28	6.66	6.66	6.53	6.61	1530914	16123498.00
2011/06/29	6.66	6.66	6.49	6.50	1723241	17874640.00
2011/06/30	6.50	6.63	6.47	6.62	2630387	27399040.00
2011/07/01	6.66	6.69	6.59	6.62	1729785	18162696.00
2011/07/04	6.63	6.81	6.63	6.77	3468508	36899592.00
2011/07/05	6.77	6.82	6.70	6.79	2350219	25172346.00
2011/07/06	6.79	6.92	6.71	6.86	3498158	37692668.00
2011/07/07	6.83	6.87	6.73	6.75	2912366	31299656.00
2011/07/08	6.75	6.79	6.73	6.77	1689514	18042816.00
2011/07/11	6.77	6.86	6.73	6.80	2001089	21465480.00
2011/07/12	6.79	6.79	6.58	6.59	2363468	24844912.00
2011/07/13	6.61	6.87	6.55	6.81	3817728	40597712.00
2011/07/14	6.81	7.10	6.77	7.06	7601743	83687928.00
2011/07/15	7.03	7.11	6.95	7.06	3809046	42377824.00
2011/07/18	7.03	7.09	6.91	7.01	2425290	26741652.00
2011/07/19	6.95	7.13	6.89	7.05	4304206	47561228.00
2011/07/20	7.01	7.05	6.88	6.91	4345089	47957848.00
2011/07/21	6.87	6.89	6.77	6.78	1937314	20908188.00
2011/07/22	6.83	6.87	6.78	6.79	913110	9842994.00
2011/07/25	6.79	6.83	6.50	6.53	2124237	22290760.00
2011/07/26	6.53	6.61	6.51	6.59	958341	9952930.00
2011/07/27	6.59	6.79	6.53	6.77	1537084	16265796.00
2011/07/28	6.71	6.71	6.63	6.69	789905	8343073.00
2011/07/29	6.74	6.80	6.64	6.74	1210222	12857952.00
2011/08/01	6.70	6.97	6.70	6.91	2244586	24451352.00
2011/08/02	6.91	7.03	6.80	7.01	2264556	24828608.00
2011/08/03	6.89	7.13	6.87	7.11	3623576	40507496.00
2011/08/04	7.09	7.21	6.99	7.02	2403867	26911838.00
2011/08/05	6.83	7.01	6.77	6.85	2081676	22581416.00
2011/08/08	6.83	6.93	6.30	6.81	3040279	32397208.00
2011/08/09	6.57	6.83	6.50	6.79	1842989	19528520.00
2011/08/10	6.87	7.35	6.87	7.17	5332327	59956432.00
2011/08/11	7.02	7.49	6.99	7.36	5511962	63262608.00
2011/08/12	7.36	7.58	7.30	7.37	5796558	67736568.00
2011/08/15	7.41	7.41	7.23	7.34	3731390	42915236.00
2011/08/16	7.33	7.48	7.15	7.23	4905375	56213112.00
2011/08/17	7.16	7.44	7.03	7.37	7890249	90324232.00
2011/08/18	7.31	7.37	7.15	7.35	4919330	56214912.00
2011/08/19	7.13	7.54	7.10	7.37	5738146	66602728.00
2011/08/22	7.30	7.47	7.27	7.34	2932487	33983168.00
2011/08/23	7.41	7.45	7.25	7.36	2408353	27778792.00
2011/08/24	7.40	7.40	7.15	7.19	3499371	40093692.00
2011/08/25	7.23	7.35	7.16	7.31	2507264	28689704.00
2011/08/26	7.28	7.51	7.27	7.46	3894127	45559128.00
2011/08/29	7.41	7.45	7.30	7.35	2093647	24288476.00
2011/08/30	7.40	7.42	7.17	7.17	2285580	26253780.00
2011/08/31	7.19	7.21	7.01	7.13	2068091	23160128.00
2011/09/01	7.17	7.21	6.97	7.01	1179714	13169853.00
2011/09/02	7.01	7.05	6.91	6.96	1042047	11437547.00
2011/09/05	6.90	6.90	6.75	6.79	1210256	13005278.00
2011/09/06	6.73	6.86	6.71	6.81	662825	7143084.00
2011/09/07	6.87	7.00	6.84	6.97	1016866	11120689.00
2011/09/08	6.97	7.01	6.87	6.88	694651	7605019.00
2011/09/09	6.97	6.98	6.83	6.83	833569	9066553.00
2011/09/13	6.78	6.80	6.71	6.79	473172	5055713.00
2011/09/14	6.84	6.89	6.69	6.88	701537	7546345.00
2011/09/15	6.88	6.93	6.84	6.85	481804	5237440.00
2011/09/16	6.87	6.94	6.82	6.83	501139	5451849.00
2011/09/19	6.83	6.95	6.77	6.89	1060420	11552679.00
2011/09/20	6.87	6.92	6.77	6.87	663684	7163487.00
2011/09/21	6.84	7.15	6.84	7.09	1848976	20537172.00
2011/09/22	7.03	7.10	6.77	6.77	1391208	15221836.00
2011/09/23	6.70	6.90	6.63	6.81	1252493	13367502.00
2011/09/26	6.77	6.86	6.67	6.73	729378	7778320.00
2011/09/27	6.81	6.96	6.77	6.95	1017536	11037662.00
2011/09/28	6.95	6.97	6.78	6.83	616259	6702714.00
2011/09/29	6.80	6.90	6.77	6.80	723289	7811906.00
2011/09/30	6.83	6.87	6.57	6.63	1255078	13169997.00
2011/10/10	6.63	6.77	6.63	6.67	748029	7922255.00
2011/10/11	6.88	6.92	6.58	6.67	766107	8158706.00
2011/10/12	6.60	6.85	6.60	6.83	2157791	23147936.00
2011/10/13	6.85	7.10	6.83	7.03	6835142	75222832.00
2011/10/14	7.01	7.01	6.78	6.87	3139412	34123716.00
2011/10/17	6.87	6.95	6.67	6.76	2368301	25352448.00
2011/10/18	6.73	6.73	6.60	6.62	1796510	18934932.00
2011/10/19	6.61	6.69	6.52	6.54	1288754	13420708.00
2011/10/20	6.54	6.54	6.15	6.37	2929413	29375820.00
2011/10/21	6.29	6.37	6.21	6.25	698471	6969537.00
2011/10/24	6.29	6.53	6.25	6.48	1294227	13084709.00
2011/10/25	6.47	6.60	6.39	6.55	1643198	16978464.00
2011/10/26	6.57	6.64	6.47	6.60	2494331	25968066.00
2011/10/27	6.63	6.63	6.53	6.59	1370867	14296706.00
2011/10/28	6.60	6.73	6.60	6.69	1478098	15585122.00
2011/10/31	6.69	6.71	6.57	6.63	1249875	13072296.00
2011/11/01	6.63	6.73	6.57	6.67	1367227	14476064.00
2011/11/02	6.57	6.93	6.51	6.87	2429198	26048952.00
2011/11/03	6.86	6.97	6.81	6.88	2973209	32351596.00
2011/11/04	6.87	7.04	6.80	6.96	2300225	25306764.00
2011/11/07	6.85	7.03	6.84	6.97	1142562	12567660.00
2011/11/08	6.97	7.01	6.82	6.90	1343502	14693645.00
2011/11/09	6.91	6.94	6.79	6.93	1913143	20699224.00
2011/11/10	6.84	6.97	6.82	6.87	2362408	25644292.00
2011/11/11	6.85	7.17	6.83	7.06	3291757	36722588.00
2011/11/14	7.07	7.38	7.07	7.26	3658072	41604200.00
2011/11/15	7.26	7.43	7.17	7.33	3157833	36329960.00
2011/11/16	7.30	7.39	7.17	7.27	2877939	33016324.00
2011/11/17	7.30	7.55	7.29	7.31	4488512	52158472.00
2011/11/18	7.37	7.39	7.24	7.35	6097864	70302864.00
2011/11/21	7.33	7.44	7.20	7.35	2148787	24783668.00
2011/11/22	7.35	7.49	7.29	7.40	2689867	31327060.00
2011/11/23	7.43	7.64	7.43	7.55	4481265	53387972.00
2011/11/24	7.53	7.61	6.98	7.27	5103861	59706644.00
2011/11/25	7.19	7.45	7.17	7.41	2107393	24445512.00
2011/11/28	7.41	7.61	7.41	7.61	2662680	31691466.00
2011/11/29	7.66	7.67	7.50	7.59	2354692	28088338.00
2011/11/30	7.61	7.61	7.25	7.45	2143835	25132704.00
2011/12/01	7.60	7.75	7.41	7.42	4827736	57274416.00
2011/12/02	7.45	7.59	7.30	7.41	1673733	19655710.00
2011/12/05	7.31	7.43	6.94	6.97	3941686	44225068.00
2011/12/06	6.97	7.09	6.77	6.96	3074697	33549792.00
2011/12/07	6.97	6.97	6.83	6.87	1335594	14495340.00
2011/12/08	6.81	6.95	6.77	6.87	1029088	11170757.00
2011/12/09	6.87	7.41	6.82	7.23	3454384	39111104.00
2011/12/12	7.17	7.30	7.07	7.18	1318584	14924077.00
2011/12/13	7.02	7.15	6.89	7.03	2131794	23580346.00
2011/12/14	7.03	7.19	6.95	7.10	866478	9715767.00
2011/12/15	7.11	7.20	6.92	7.10	1267334	14129434.00
2011/12/16	7.03	7.31	6.92	7.30	1613098	18084734.00
2011/12/19	7.24	7.42	7.17	7.37	5559692	64099668.00
2011/12/20	7.29	7.43	7.27	7.36	1364937	15801432.00
2011/12/21	7.37	7.44	7.25	7.30	789469	9122093.00
2011/12/22	7.20	7.35	7.03	7.31	1303073	14811271.00
2011/12/23	7.17	7.43	7.17	7.33	1554176	17885984.00
2011/12/26	7.24	7.33	7.10	7.13	670077	7586890.00
2011/12/27	7.17	7.17	6.98	7.02	645899	7196963.00
2011/12/28	7.11	7.69	7.09	7.23	3854956	44214384.00
2011/12/29	7.04	7.15	6.93	7.03	2557758	28223056.00
2011/12/30	6.97	7.07	6.83	7.04	2075023	22751756.00
2012/01/04	7.05	7.13	6.97	7.01	770238	8553920.00
2012/01/05	7.02	7.07	6.43	6.69	2372857	25034768.00
2012/01/06	6.55	6.63	6.46	6.57	1146952	11835706.00
2012/01/09	6.57	6.79	6.50	6.73	1259416	13319646.00
2012/01/10	6.70	7.05	6.67	7.01	1471292	16095469.00
2012/01/11	7.01	7.13	6.91	7.00	615391	6809097.00
2012/01/12	6.91	7.13	6.85	7.00	1336860	14848855.00
2012/01/13	7.06	7.06	6.71	6.79	819279	8844445.00
2012/01/16	6.79	6.79	6.52	6.63	499933	5255940.00
2012/01/17	6.69	6.93	6.61	6.90	2041873	21704620.00
2012/01/18	6.83	7.05	6.67	6.78	1449852	15792637.00
2012/01/19	6.63	6.90	6.63	6.85	978792	10586285.00
2012/01/20	6.80	6.94	6.80	6.93	1261051	13672294.00
2012/01/30	6.91	6.97	6.85	6.89	956698	10423568.00
2012/01/31	6.72	6.86	6.72	6.77	2212874	23724548.00
2012/02/01	6.79	6.79	6.69	6.71	360709	3843854.00
2012/02/02	6.73	6.82	6.71	6.81	281309	3013261.00
2012/02/03	6.82	6.89	6.77	6.85	592297	6392167.00
2012/02/06	7.07	7.43	6.89	7.01	3233254	36089172.00
2012/02/07	6.82	6.97	6.82	6.89	1269495	13751324.00
2012/02/08	6.87	7.02	6.84	6.99	2158351	23670022.00
2012/02/09	6.99	7.03	6.94	6.97	1315993	14505306.00
2012/02/10	6.97	7.06	6.93	7.00	1243734	13743167.00
2012/02/13	6.99	6.99	6.88	6.96	909197	9954850.00
2012/02/14	6.96	7.00	6.79	6.89	1616291	17535176.00
2012/02/15	6.85	6.97	6.84	6.94	1394642	15251727.00
2012/02/16	6.94	7.01	6.87	6.93	1157518	12680673.00
2012/02/17	6.92	7.09	6.87	7.07	2634725	29122612.00
2012/02/20	7.12	7.13	6.97	7.03	2691902	29904904.00
2012/02/21	7.02	7.07	6.91	7.03	1210217	13338194.00
2012/02/22	7.01	7.12	6.92	7.12	2619095	29081914.00
2012/02/23	7.08	7.21	7.02	7.18	3356381	37751044.00
2012/02/24	7.17	7.24	7.09	7.20	2939377	33302300.00
2012/02/27	7.20	7.34	7.13	7.15	3716140	42355352.00
2012/02/28	7.13	7.23	7.07	7.15	2997130	33668372.00
2012/02/29	7.15	7.34	7.09	7.18	5022643	57260604.00
2012/03/01	7.10	7.17	7.05	7.10	2142986	23980648.00
2012/03/02	7.10	7.21	7.07	7.18	2063781	23275724.00
2012/03/05	7.20	7.31	7.14	7.25	4087547	46609428.00
2012/03/06	7.19	7.22	6.98	7.09	2449436	27480288.00
2012/03/07	7.02	7.27	7.00	7.17	2811390	31749588.00
2012/03/08	7.18	7.43	7.18	7.32	4858737	56143228.00
2012/03/09	7.32	7.40	7.27	7.38	2641055	30518580.00
2012/03/12	7.43	7.49	7.28	7.35	2884793	33519550.00
2012/03/13	7.34	7.51	7.33	7.49	2689840	31518790.00
2012/03/14	7.50	7.50	7.07	7.19	3425377	39414944.00
2012/03/15	7.19	7.25	6.97	7.05	2799343	31202446.00
2012/03/16	7.09	7.19	6.98	7.18	1796739	20136352.00
2012/03/19	7.17	7.35	7.05	7.32	2633338	29836026.00
2012/03/20	7.37	7.53	7.18	7.44	4516798	52431204.00
2012/03/21	7.37	7.42	7.23	7.37	1881689	21724396.00
2012/03/22	7.33	7.48	7.16	7.17	2994621	34586152.00
2012/03/23	7.10	7.20	7.07	7.12	1643888	18475956.00
2012/03/26	7.19	7.19	7.03	7.12	889312	9953799.00
2012/03/27	7.13	7.25	7.13	7.17	1478943	16767452.00
2012/03/30	6.90	7.18	6.84	7.02	2549448	28268836.00
2012/04/05	7.07	7.25	6.97	7.23	1595394	17917930.00
2012/04/06	7.23	7.30	7.16	7.26	1149928	13107153.00
2012/04/09	7.23	7.37	7.22	7.25	2049782	23577032.00
2012/04/10	7.24	7.36	7.10	7.35	1748455	19936712.00
2012/04/11	7.28	7.50	7.26	7.43	3637342	42463300.00
2012/04/12	7.43	7.63	7.35	7.61	4052125	47835856.00
2012/04/13	7.59	7.63	7.44	7.49	2958860	35079576.00
2012/04/16	7.49	7.59	7.44	7.56	1891438	22417184.00
2012/04/17	7.52	7.66	7.37	7.43	2026744	23901214.00
2012/04/18	7.49	7.62	7.42	7.59	1897515	22532500.00
2012/04/19	7.60	7.61	7.49	7.53	1546933	18402100.00
2012/04/20	7.52	7.65	7.50	7.63	2782001	33181568.00
2012/04/24	7.59	7.67	7.38	7.57	3273732	38643288.00
2012/04/25	7.51	7.93	7.45	7.89	4326773	52272016.00
2012/04/26	7.90	8.07	7.78	7.86	4840797	60070228.00
2012/04/27	7.95	7.95	7.79	7.86	2344284	28974772.00
2012/05/02	7.96	8.04	7.85	8.01	3026118	37827732.00
2012/05/03	7.96	8.00	7.74	7.82	2978333	36707852.00
2012/05/04	7.88	7.90	7.78	7.87	2426250	29886768.00
2012/05/07	7.85	7.97	7.78	7.92	2384476	29541784.00
2012/05/08	7.93	8.12	7.74	8.10	3733878	46684656.00
2012/05/09	8.11	8.27	7.97	7.99	5296090	67347648.00
2012/05/10	8.00	8.27	8.00	8.14	3617226	46294204.00
2012/05/11	8.05	8.14	7.83	7.89	2847426	35575320.00
2012/05/14	8.02	8.20	7.94	8.06	3555508	45056524.00
2012/05/15	7.97	8.07	7.81	8.04	2603183	32324530.00
2012/05/16	8.03	8.18	7.95	8.10	3389543	42973124.00
2012/05/17	8.07	8.22	7.97	8.11	2141918	27153668.00
2012/05/18	8.04	8.09	7.80	7.83	1949466	24198312.00
2012/05/21	7.80	7.91	7.65	7.69	2294737	27968992.00
2012/05/22	7.74	7.84	7.74	7.81	2230562	27279676.00
2012/05/23	7.81	8.00	7.75	7.94	2163648	26707214.00
2012/05/24	8.01	8.07	7.71	7.73	2032275	25062668.00
2012/05/25	7.73	7.78	7.65	7.68	1320140	15988218.00
2012/05/28	7.65	7.76	7.47	7.75	1467058	17514888.00
2012/05/29	7.76	7.85	7.69	7.82	1328401	16218922.00
2012/05/30	7.83	7.83	7.68	7.71	1144126	13909522.00
2012/05/31	7.67	7.89	7.59	7.82	1696428	20679180.00
2012/06/01	7.83	7.87	7.77	7.87	2030029	24946742.00
2012/06/04	7.68	7.83	7.65	7.67	1303613	15823700.00
2012/06/05	7.67	7.80	7.62	7.79	1365413	16557237.00
2012/06/06	7.78	7.86	7.72	7.75	669108	8169887.00
2012/06/07	7.79	7.95	7.79	7.81	1720722	21248486.00
2012/06/08	7.99	8.00	7.81	7.84	1378402	17066944.00
2012/06/11	7.85	7.85	7.63	7.82	1311945	15957895.00
2012/06/12	7.82	7.82	7.67	7.71	1036495	12558073.00
2012/06/13	7.75	7.97	7.69	7.96	2666828	32878056.00
2012/06/14	7.96	8.07	7.85	8.01	2534885	20932616.00
2012/06/15	7.90	8.09	7.78	8.05	3076876	25193704.00
2012/06/18	8.08	8.08	7.94	8.00	2152593	17832412.00
2012/06/19	8.01	8.01	7.86	7.89	1426847	11691963.00
2012/06/20	7.90	8.42	7.78	8.17	4367115	36705184.00
2012/06/21	8.07	8.12	7.80	7.85	3377111	27639426.00
2012/06/25	7.82	7.84	7.62	7.73	2743494	21966164.00
2012/06/26	7.75	7.79	7.57	7.64	1534569	12152262.00
2012/06/27	7.60	7.77	7.59	7.75	1723888	13778329.00
2012/06/28	7.73	7.85	7.71	7.71	1900886	15366397.00
2012/06/29	7.70	7.82	7.60	7.80	1740137	13915983.00
2012/07/02	7.84	7.87	7.70	7.86	2087335	16817100.00
2012/07/03	7.87	8.13	7.78	8.02	3449051	28503980.00
2012/07/04	8.01	8.14	7.93	8.02	2185124	18232596.00
2012/07/05	8.02	8.13	7.90	7.92	1692066	13964105.00
2012/07/06	7.94	8.09	7.92	8.01	2505419	20759128.00
2012/07/09	7.97	8.07	7.75	7.84	2969340	24395220.00
2012/07/10	7.82	7.83	7.65	7.76	1786851	14295037.00
2012/07/11	7.73	7.84	7.66	7.83	1173645	9451382.00
2012/07/12	7.85	7.95	7.75	7.90	2161802	17547038.00
2012/07/13	7.85	7.96	7.85	7.93	1642919	13475732.00
2012/07/16	7.93	8.02	7.67	7.74	4016623	32727168.00
2012/07/17	7.55	7.78	7.55	7.71	1479637	11823630.00
2012/07/18	7.70	7.93	7.69	7.91	1539689	12399098.00
2012/07/19	7.94	7.99	7.90	7.94	1763702	14499921.00
2012/07/20	7.93	7.93	7.83	7.86	562150	4584505.00
2012/07/23	7.74	7.87	7.70	7.80	786996	6338337.00
2012/07/24	7.80	7.97	7.77	7.91	884857	7217647.00
2012/07/25	7.86	7.91	7.62	7.81	873050	7044942.00
2012/07/26	7.81	7.81	7.67	7.71	1300447	10405270.00
2012/07/27	7.74	7.77	7.68	7.70	748697	5978782.00
2012/07/30	7.71	7.75	7.68	7.71	820181	6550704.00
2012/07/31	7.72	7.74	7.17	7.28	2834378	21741872.00
2012/08/01	7.23	7.37	7.17	7.23	1376070	10371636.00
2012/08/02	7.23	7.29	7.02	7.11	1417108	10473806.00
2012/08/03	7.15	7.42	7.03	7.41	1586502	11908597.00
2012/08/06	7.32	7.60	7.27	7.54	2126715	16511977.00
2012/08/07	7.58	7.75	7.58	7.62	1709850	13597432.00
2012/08/08	7.62	7.78	7.50	7.64	2466314	19548394.00
2012/08/09	7.69	7.81	7.57	7.75	2062892	16529002.00
2012/08/10	7.75	7.77	7.55	7.61	2530348	19966080.00
2012/08/13	7.62	7.64	7.52	7.57	877195	6894247.00
2012/08/14	7.53	7.63	7.42	7.55	1305313	10196446.00
2012/08/15	7.59	7.59	7.28	7.41	869479	6721895.00
2012/08/16	7.40	7.59	7.38	7.47	814594	6349933.00
2012/08/17	7.53	7.66	7.46	7.60	1176722	9265687.00
2012/08/20	7.52	7.67	7.52	7.66	1177757	9309434.00
2012/08/21	7.67	7.75	7.62	7.73	2113032	16793242.00
2012/08/22	7.81	7.81	7.57	7.64	1024193	8109335.00
2012/08/23	7.66	7.72	7.57	7.64	1367755	10841843.00
2012/08/24	7.66	7.66	7.47	7.60	1160599	9086140.00
2012/08/27	7.52	8.05	7.42	7.86	3338735	26899364.00
2012/08/28	7.74	8.12	7.74	8.08	4697988	38797216.00
2012/08/29	8.02	8.15	7.87	7.96	3114853	25926930.00
2012/08/30	7.96	8.51	7.92	8.45	8177725	69794056.00
2012/08/31	8.41	8.83	8.20	8.27	9504564	83453856.00
2012/09/03	8.18	8.47	8.12	8.41	5600832	48436584.00
2012/09/04	8.41	8.69	8.23	8.29	4752757	41642524.00
2012/09/05	8.27	8.27	8.11	8.19	2723693	23020704.00
2012/09/06	8.18	8.38	8.16	8.27	2645944	22580144.00
2012/09/07	8.32	8.67	8.32	8.50	5284467	46680460.00
2012/09/10	8.65	8.97	8.45	8.75	5162653	46582068.00
2012/09/11	8.59	8.71	8.52	8.65	3980214	35291104.00
2012/09/12	8.55	8.86	8.55	8.72	4083541	36779672.00
2012/09/13	8.82	9.08	8.73	8.74	6055464	55682552.00
2012/09/14	8.92	8.92	8.52	8.77	7523779	67351208.00
2012/09/17	8.71	8.71	8.24	8.27	5994033	52200560.00
2012/09/18	8.22	8.46	8.10	8.18	4854596	41255312.00
2012/09/19	8.22	8.26	8.09	8.20	2167274	18340000.00
2012/09/20	8.20	8.22	7.91	7.98	4081293	33896432.00
2012/09/21	7.95	8.26	7.89	8.11	3106665	26200584.00
2012/09/24	8.12	8.35	8.04	8.27	3111636	26569416.00
2012/09/25	8.18	8.19	8.05	8.11	1748980	14682698.00
2012/09/26	8.11	8.12	7.72	7.84	2952350	24032240.00
2012/09/27	7.74	8.07	7.74	7.98	1782762	14618717.00
2012/09/28	7.98	8.22	7.87	8.16	1937665	16196392.00
2012/10/08	8.15	8.22	8.04	8.16	2135452	17931880.00
2012/10/09	8.17	8.36	8.15	8.35	2595646	22264362.00
2012/10/10	8.32	8.47	8.32	8.36	2216252	19206676.00
2012/10/11	8.36	8.36	8.16	8.30	1927305	16469309.00
2012/10/12	8.30	8.60	8.29	8.50	5989016	52178524.00
2012/10/15	8.51	8.81	8.40	8.54	7929794	70457616.00
2012/10/16	8.48	8.51	8.32	8.38	3943999	34232644.00
2012/10/17	8.38	8.42	8.16	8.17	3330028	28326624.00
2012/10/18	8.19	8.26	8.15	8.24	4489501	38131556.00
2012/10/19	8.24	8.27	8.20	8.20	1587547	13513283.00
2012/10/22	8.20	8.52	8.17	8.51	6069435	52849212.00
2012/10/23	8.42	8.54	8.37	8.43	2559562	22362356.00
2012/10/24	8.42	8.67	8.22	8.29	3305379	28807088.00
2012/10/25	8.31	8.66	8.17	8.57	7315359	63742352.00
2012/10/26	8.48	8.58	8.19	8.30	4471790	38681320.00
2012/10/29	8.34	8.47	8.12	8.44	5130457	44492888.00
2012/10/30	8.42	8.62	8.42	8.48	4680719	41319072.00
2012/10/31	8.48	9.11	8.38	8.84	14646533	133013296.00
2012/11/01	8.76	9.05	8.72	8.85	10228419	93336024.00
2012/11/02	8.85	8.94	8.73	8.82	5157973	47061936.00
2012/11/05	8.82	9.14	8.79	8.89	9551171	88557944.00
2012/11/06	8.82	8.99	8.47	8.92	8033844	72117616.00
2012/11/07	8.89	8.97	8.74	8.80	3913190	35780736.00
2012/11/08	8.67	8.93	8.57	8.73	4333200	39276656.00
2012/11/09	8.73	8.90	8.53	8.71	4464666	40147516.00
2012/11/12	8.63	8.78	8.59	8.70	2439020	21879882.00
2012/11/13	8.72	8.77	8.57	8.69	3021616	27021676.00
2012/11/14	8.59	8.77	8.31	8.76	4354156	38506040.00
2012/11/15	8.73	8.73	8.53	8.64	1644049	14619408.00
2012/11/16	8.59	8.59	8.21	8.36	3701510	32048876.00
2012/11/19	8.30	8.46	8.28	8.41	1280548	11066126.00
2012/11/20	8.42	8.60	8.42	8.47	1876013	16497902.00
2012/11/21	8.47	8.68	8.32	8.67	1921905	16908540.00
2012/11/22	8.64	8.97	8.60	8.80	5653451	51520712.00
2012/11/23	8.81	8.96	8.67	8.95	3906399	35764624.00
2012/11/26	8.94	8.94	8.71	8.78	2172873	19724432.00
2012/11/27	8.70	8.70	8.37	8.50	3208967	28189304.00
2012/11/28	8.44	8.67	8.22	8.61	2362338	20677980.00
2012/11/29	8.61	8.66	8.30	8.33	3520449	30533892.00
2012/11/30	8.44	8.47	8.17	8.44	2369228	20415084.00
2012/12/03	8.43	8.59	8.37	8.48	1958975	17170960.00
2012/12/04	8.52	8.85	8.48	8.79	4186437	37548856.00
2012/12/05	8.81	9.07	8.70	9.02	6940606	64052084.00
2012/12/06	8.97	9.33	8.77	9.08	8814097	82180392.00
2012/12/07	9.03	9.29	8.92	9.01	8217020	77226856.00
2012/12/10	9.01	9.04	8.89	8.94	4990625	46129104.00
2012/12/11	8.94	9.04	8.85	8.90	3577438	32955374.00
2012/12/12	8.72	8.82	8.37	8.51	27309471	241036736.00
2012/12/13	8.42	8.66	8.34	8.53	8636452	76045248.00
2012/12/14	8.58	8.88	8.53	8.82	15273962	136997536.00
2012/12/17	8.80	8.91	8.69	8.70	7088558	63988884.00
2012/12/18	8.69	8.77	8.52	8.66	7619391	67877488.00
2012/12/19	8.64	8.79	8.64	8.77	6599035	59429868.00
2012/12/20	8.78	8.90	8.72	8.87	7297124	66500344.00
2012/12/21	8.87	8.88	8.60	8.62	6960777	62865160.00
2012/12/24	8.56	8.87	8.42	8.85	7374080	65348476.00
2012/12/25	8.80	9.08	8.75	9.04	10560286	97871616.00
2012/12/26	9.04	9.14	8.91	9.06	8085867	75067376.00
2012/12/27	9.04	9.14	8.75	9.03	10001066	92780064.00
2012/12/28	8.98	9.04	8.88	8.96	5687062	52441084.00
2012/12/31	8.99	9.37	8.96	9.25	9241710	87546048.00
2013/01/04	9.28	9.38	9.07	9.17	7035322	66714560.00
2013/01/07	9.16	9.67	9.10	9.64	11131818	108626448.00
2013/01/08	9.61	9.87	9.42	9.58	7085189	70254000.00
2013/01/09	9.56	9.86	9.47	9.79	6416136	64122424.00
2013/01/10	9.80	9.85	9.63	9.72	3740741	37355932.00
2013/01/11	9.77	9.77	8.97	9.19	21437977	203860432.00
2013/01/14	9.13	9.42	9.00	9.35	14104281	133860360.00
2013/01/15	9.33	9.42	9.24	9.35	10668418	102563232.00
2013/01/16	9.32	9.32	9.09	9.16	9276865	87724744.00
2013/01/17	9.14	9.32	9.07	9.24	5173079	49003720.00
2013/01/18	9.22	9.32	9.18	9.28	5401461	51496140.00
2013/01/21	9.29	9.53	9.23	9.50	8488285	82114480.00
2013/01/22	9.45	9.45	9.19	9.23	6196009	59273356.00
2013/01/23	9.21	9.26	9.03	9.22	7055406	66217384.00
2013/01/24	9.22	9.25	8.83	9.06	6221911	58061632.00
2013/01/25	9.03	9.06	8.90	8.97	2604044	24116820.00
2013/01/28	8.96	9.17	8.92	9.12	4045716	37879912.00
2013/01/29	9.13	9.26	9.07	9.22	4003769	37840740.00
2013/01/30	9.22	9.27	8.99	9.22	5684830	53675952.00
2013/01/31	9.16	9.20	9.05	9.09	3918456	36751576.00
2013/02/01	9.05	9.27	9.03	9.27	4796715	45391464.00
2013/02/04	9.26	9.37	9.14	9.28	5993360	57264184.00
2013/02/05	9.24	9.39	9.14	9.36	4246966	40737328.00
2013/02/06	9.34	9.43	9.26	9.33	4321739	41480256.00
2013/02/07	9.33	9.49	9.33	9.41	4956107	48046964.00
2013/02/08	9.45	9.58	9.39	9.54	6237871	61006472.00
2013/02/18	9.61	9.82	9.48	9.55	7391252	73431560.00
2013/02/19	9.56	9.56	9.28	9.30	4272551	41234088.00
2013/02/20	9.28	9.82	9.23	9.76	14382464	143421264.00
2013/02/21	9.86	9.88	9.57	9.74	12528290	125776984.00
2013/02/22	9.71	9.84	9.44	9.65	8660978	86198936.00
2013/02/25	9.67	10.13	9.57	10.06	16367656	167116528.00
2013/02/26	10.07	10.16	9.74	9.84	10578532	108722672.00
2013/02/27	9.92	9.98	9.72	9.83	5493254	55456036.00
2013/02/28	9.78	9.99	9.57	9.98	9318027	93650000.00
2013/03/01	9.92	10.25	9.88	10.10	9227446	95877480.00
2013/03/04	9.99	10.00	9.57	9.63	8970307	90071712.00
2013/03/05	9.65	9.94	9.51	9.91	8210217	82386128.00
2013/03/06	9.95	10.01	9.77	9.85	6579933	66893848.00
2013/03/07	9.83	9.86	9.58	9.71	5997531	59896064.00
2013/03/08	9.71	9.71	9.34	9.44	8826570	86335600.00
2013/03/11	9.45	9.57	9.40	9.51	4393121	42906108.00
2013/03/12	9.52	9.62	9.22	9.33	5521838	53529264.00
2013/03/13	9.34	9.41	9.15	9.33	4134294	39570060.00
2013/03/14	9.32	9.48	9.26	9.33	3083576	29771444.00
2013/03/15	9.37	9.60	9.32	9.51	5786573	56543328.00
2013/03/18	9.47	9.60	9.42	9.45	2461879	24066880.00
2013/03/19	9.45	9.60	9.45	9.58	3513093	34497864.00
2013/03/20	9.54	9.74	9.54	9.71	4791699	47666512.00
2013/03/21	9.69	9.98	9.68	9.89	8454573	85663104.00
2013/03/22	9.90	9.99	9.72	9.88	6571480	66828792.00
2013/03/25	10.24	10.89	10.24	10.30	28406902	305679328.00
2013/03/26	10.02	10.14	9.88	10.02	9176139	94261976.00
2013/03/27	9.95	10.07	9.82	9.98	4939198	50500436.00
2013/03/28	9.88	9.89	9.60	9.63	4964481	49782872.00
2013/03/29	9.63	9.92	9.63	9.87	5391686	54234880.00
2013/04/01	9.87	10.01	9.70	9.91	4080959	41340648.00
2013/04/02	10.05	10.21	9.92	9.98	7207638	74492472.00
2013/04/03	10.00	10.17	9.81	9.97	4594719	47064416.00
2013/04/08	9.98	10.09	9.73	10.02	5170319	52702096.00
2013/04/09	10.06	10.07	9.62	9.70	13199352	132370616.00
2013/04/10	9.71	9.89	9.64	9.82	8534447	85659576.00
2013/04/11	9.87	9.88	9.65	9.68	3794036	37904824.00
2013/04/12	9.63	9.67	9.47	9.48	7302375	71734936.00
2013/04/15	9.46	9.46	9.12	9.23	5217850	49831152.00
2013/04/16	9.13	9.16	8.92	9.09	7637616	71212904.00
2013/04/17	9.09	9.28	9.06	9.24	4612712	43847672.00
2013/04/24	9.43	9.52	9.14	9.25	11008957	105371672.00
2013/04/25	9.20	9.20	8.78	8.84	7116819	65370184.00
2013/04/26	8.83	8.92	8.73	8.89	2962472	26948626.00
2013/05/02	8.86	8.86	8.54	8.55	5088254	45616912.00
2013/05/03	8.57	8.78	8.51	8.56	13293467	118089720.00
2013/05/06	8.62	8.87	8.58	8.79	10602900	95832640.00
2013/05/07	8.78	8.86	8.72	8.82	5890974	53343008.00
2013/05/08	8.84	8.91	8.83	8.90	5607479	51338864.00
2013/05/09	8.90	9.27	8.87	9.25	14517175	136584368.00
2013/05/10	9.13	9.57	9.13	9.44	9967971	96866072.00
2013/05/13	9.46	9.46	9.25	9.39	3185062	30603120.00
2013/05/14	9.37	9.37	8.93	9.05	6072677	56673176.00
2013/05/15	9.05	9.10	8.92	8.99	3169387	29414264.00
2013/05/16	8.97	9.20	8.89	9.19	4646716	43464952.00
2013/05/17	9.17	9.37	9.14	9.28	6831037	65289052.00
2013/05/20	9.29	9.57	9.24	9.56	8528277	82832736.00
2013/05/21	9.58	9.67	9.44	9.64	7948450	78323912.00
2013/05/22	9.61	9.69	9.44	9.46	6930939	68356096.00
2013/05/23	9.48	9.65	9.20	9.32	11993568	116772072.00
2013/05/24	9.38	9.47	9.11	9.31	9039192	85937632.00
2013/05/27	9.29	9.57	9.18	9.52	10580762	102855936.00
2013/05/28	9.55	9.70	9.45	9.60	11964947	117848504.00
2013/05/29	9.62	9.66	9.45	9.49	9428129	92930432.00
2013/05/30	9.49	9.54	9.18	9.28	11565257	111445768.00
2013/05/31	9.29	9.40	9.09	9.17	7907995	75505824.00
2013/06/03	9.12	9.44	9.11	9.39	8178999	78534088.00
2013/06/04	9.37	9.45	9.22	9.29	5898318	56734940.00
2013/06/05	9.28	9.67	9.26	9.63	16525880	162322112.00
2013/06/06	9.62	9.70	9.52	9.61	9828063	97223576.00
2013/06/07	9.60	9.77	9.45	9.74	11150981	110342264.00
2013/06/13	9.72	9.72	8.90	9.03	8830206	83312800.00
2013/06/14	8.94	9.25	8.94	9.18	4827999	45468600.00
2013/06/17	9.22	9.95	9.19	9.94	15052055	149776064.00
2013/06/18	9.90	9.96	9.70	9.87	7350738	74456520.00
2013/06/19	9.88	10.04	9.60	9.90	6827596	68932848.00
2013/06/20	9.91	9.94	9.56	9.62	5628089	56381108.00
2013/06/21	9.47	9.60	9.16	9.41	5135467	49402044.00
2013/06/24	9.48	9.49	8.74	8.91	5283144	48490052.00
2013/06/25	8.82	8.89	8.01	8.68	7795357	67451408.00
2013/06/26	8.66	8.85	8.38	8.62	8350204	72721560.00
2013/06/27	8.71	8.99	8.57	8.64	6920748	61733496.00
2013/06/28	8.56	8.84	8.47	8.75	6812682	60227908.00
2013/07/01	8.86	8.86	8.26	8.47	12596184	108309680.00
2013/07/02	8.37	8.43	8.01	8.23	17504954	145068816.00
2013/07/03	8.13	8.13	7.90	7.97	11335038	92038624.00
2013/07/04	7.94	8.09	7.81	8.03	7480334	60742176.00
2013/07/05	8.06	8.13	7.98	8.01	5542522	45356792.00
2013/07/08	8.13	8.13	7.64	7.66	7795835	62405148.00
2013/07/09	7.69	7.77	7.51	7.61	5654429	43887744.00
2013/07/10	7.61	7.81	7.51	7.81	12538288	97428840.00
2013/07/11	7.77	8.10	7.77	8.03	11146627	90479592.00
2013/07/12	8.02	8.08	7.87	7.89	7951483	64647824.00
2013/07/15	7.90	8.15	7.89	8.15	10077001	82411424.00
2013/07/16	8.07	8.21	8.00	8.12	7386102	60781596.00
2013/07/17	8.08	8.08	7.84	7.86	6887608	55736448.00
2013/07/18	7.85	7.91	7.74	7.80	3619751	28742092.00
2013/07/19	7.77	7.83	7.44	7.45	8362022	64891400.00
2013/07/22	7.35	7.61	7.28	7.57	5395698	41026896.00
2013/07/23	7.56	7.78	7.50	7.71	5742292	44952936.00
2013/07/24	7.69	7.76	7.46	7.59	5702379	44028480.00
2013/07/25	7.54	7.65	7.50	7.55	4144228	31963806.00
2013/07/26	7.53	7.73	7.51	7.58	4392904	34035432.00
2013/07/29	7.55	7.68	7.51	7.61	5090969	39492992.00
2013/07/30	7.60	7.71	7.48	7.67	5526954	42839420.00
2013/07/31	7.70	7.75	7.55	7.62	4135852	32205984.00
2013/08/01	7.69	7.81	7.68	7.79	8307065	65553300.00
2013/08/02	7.81	7.87	7.71	7.75	6805673	53775888.00
2013/08/05	7.75	7.81	7.67	7.80	5571436	43880768.00
2013/08/06	7.79	7.83	7.68	7.80	8309132	65645704.00
2013/08/07	7.75	7.80	7.64	7.66	9116087	71578928.00
2013/08/08	7.65	7.67	7.54	7.56	6634935	51294576.00
2013/08/09	7.56	7.65	7.56	7.62	4427722	34292028.00
2013/08/12	7.69	7.92	7.64	7.91	12852409	102105584.00
2013/08/13	7.91	7.96	7.84	7.91	9491734	76356920.00
2013/08/14	7.90	7.96	7.78	7.85	9571905	76619160.00
2013/08/15	7.90	8.02	7.82	7.87	10298279	83237296.00
2013/08/16	7.81	8.09	7.71	7.77	9636616	77124640.00
2013/08/19	7.69	7.83	7.65	7.80	4389672	34646168.00
2013/08/20	7.78	7.82	7.64	7.66	5286361	41578092.00
2013/08/21	7.66	7.72	7.59	7.71	3774089	29434462.00
2013/08/22	7.71	7.71	7.62	7.67	3796954	29603770.00
2013/08/23	7.67	7.70	7.51	7.58	4454128	34512784.00
2013/08/26	7.59	7.82	7.56	7.81	5971667	46833164.00
2013/08/27	7.82	7.84	7.73	7.81	4673135	36974796.00
2013/08/28	7.76	7.79	7.68	7.71	4436479	34900624.00
2013/08/29	7.70	7.78	7.68	7.73	3504865	27554870.00
2013/08/30	7.73	7.89	7.69	7.79	8489372	67480384.00
2013/09/02	7.83	7.86	7.64	7.73	6368857	50033604.00
2013/09/03	7.74	8.14	7.73	7.96	14308719	116183440.00
2013/09/04	7.90	8.02	7.85	7.98	9659585	78019384.00
2013/09/05	7.98	7.98	7.89	7.93	6457791	52147544.00
2013/09/06	7.96	8.06	7.93	7.99	8417317	68436144.00
2013/09/09	8.11	8.13	7.98	8.09	11081751	90846152.00
2013/09/10	8.06	8.35	8.04	8.33	13149635	109884664.00
2013/09/11	8.38	8.39	8.20	8.27	11582033	97539088.00
2013/09/12	8.19	8.43	8.18	8.32	6694244	56517168.00
2013/09/13	8.34	8.54	8.27	8.39	7917371	67517976.00
2013/09/16	8.40	8.42	8.20	8.23	5516386	46490984.00
2013/09/17	8.23	8.26	8.02	8.08	5728023	47363664.00
2013/09/18	8.06	8.29	8.04	8.21	5040007	41762948.00
2013/09/23	8.23	8.56	8.23	8.42	7501516	64233404.00
2013/09/24	8.42	8.46	8.31	8.41	5787856	49297136.00
2013/09/25	8.46	8.60	8.34	8.48	7371214	63355688.00
2013/09/26	8.49	8.49	8.11	8.31	6366436	53643024.00
2013/09/27	8.24	8.51	8.24	8.38	5511504	46969728.00
2013/09/30	8.38	8.61	8.34	8.45	4793790	41222632.00
2013/10/08	8.56	8.65	8.44	8.53	6232591	53932640.00
2013/10/09	8.65	8.65	8.38	8.47	7183177	61852632.00
2013/10/10	8.46	8.51	8.27	8.40	7802747	66638168.00
2013/10/11	8.39	8.55	8.34	8.44	8454140	72550992.00
2013/10/14	8.43	8.63	8.41	8.62	13129901	114289872.00
2013/10/15	8.65	8.66	8.44	8.57	8207065	70983336.00
2013/10/16	8.52	8.52	8.32	8.42	9851733	84295344.00
2013/10/17	8.45	8.72	8.42	8.53	18450387	160694784.00
2013/10/18	8.49	8.49	8.29	8.42	9009981	76468288.00
2013/10/21	8.38	8.60	8.30	8.54	10165143	87853432.00
2013/10/22	8.58	8.76	8.38	8.57	13371530	115938400.00
2013/10/23	8.61	8.63	8.34	8.43	7030827	60495144.00
2013/10/24	8.38	8.45	8.25	8.31	5423333	45821952.00
2013/10/25	8.27	8.37	8.06	8.09	5862337	48636012.00
2013/10/28	8.11	8.46	8.08	8.23	5483488	46060368.00
2013/10/29	8.23	8.28	7.83	8.07	5810383	47481648.00
2013/10/30	8.03	8.24	8.02	8.19	3301201	27400244.00
2013/10/31	8.20	8.47	8.04	8.38	11637871	98625680.00
2013/11/01	8.31	8.55	8.23	8.31	6211200	52458992.00
2013/11/04	8.34	8.40	8.25	8.29	3119089	26295910.00
2013/11/05	8.34	8.61	8.26	8.51	15135403	130179968.00
2013/11/06	8.44	8.74	8.37	8.53	17201686	149650720.00
2013/11/07	8.46	8.74	8.39	8.55	15112697	132267848.00
2013/11/08	8.54	8.54	8.24	8.26	9113589	77389328.00
2013/11/11	8.24	8.25	8.04	8.18	5108100	42328672.00
2013/11/12	8.16	8.45	8.08	8.34	8434074	71421656.00
2013/11/13	8.27	8.29	7.97	8.04	7813502	64267904.00
2013/11/14	8.02	8.06	7.86	8.01	3992074	32336336.00
2013/11/15	8.06	8.20	7.98	8.10	5172805	42724240.00
2013/11/18	8.17	8.29	8.10	8.27	6730399	56213532.00
2013/11/19	8.30	8.44	8.23	8.34	8380933	71028496.00
2013/11/20	8.36	8.40	8.25	8.36	5564624	47124104.00
2013/11/21	8.31	8.51	8.27	8.46	10653252	91222728.00
2013/11/22	8.46	8.56	8.36	8.44	9358340	80361976.00
2013/11/25	8.39	8.51	8.21	8.32	9886584	83908616.00
2013/11/26	8.39	8.43	8.10	8.18	11048779	92730912.00
2013/11/27	8.18	8.28	8.13	8.27	7186230	59966688.00
2013/11/28	8.23	8.39	8.23	8.33	9509354	80285616.00
2013/11/29	8.34	8.41	8.22	8.33	10702248	90133296.00
2013/12/02	8.27	8.27	7.91	8.14	9959433	82432640.00
2013/12/03	8.06	8.35	8.06	8.28	9384029	78751184.00
2013/12/04	8.28	8.40	8.23	8.36	11502110	97567048.00
2013/12/05	8.39	8.50	8.34	8.40	11078028	94692568.00
2013/12/06	8.43	8.43	8.31	8.35	6506431	55277904.00
2013/12/09	8.38	8.41	8.33	8.37	4780057	40647028.00
2013/12/10	8.37	8.40	8.28	8.33	4606762	38980300.00
2013/12/11	8.32	8.34	8.10	8.19	6635927	55314864.00
2013/12/12	8.18	8.35	8.11	8.22	6311396	52885980.00
2013/12/13	8.16	8.21	8.13	8.18	3245310	26974430.00
2013/12/16	8.23	8.35	8.09	8.14	5871286	49024576.00
2013/12/17	8.14	8.22	8.05	8.09	2943382	24320032.00
2013/12/18	8.12	8.24	8.10	8.16	4971349	41373384.00
2013/12/19	8.16	8.29	8.10	8.14	4313600	35911976.00
2013/12/20	8.16	8.16	7.86	7.90	4804135	38902700.00
2013/12/23	7.96	7.96	7.82	7.87	2219316	17808376.00
2013/12/24	7.95	8.05	7.86	7.93	3608152	29133800.00
2013/12/25	7.94	7.98	7.87	7.92	2909482	23392798.00
2013/12/26	7.92	7.95	7.64	7.73	5027843	39753860.00
2013/12/27	7.66	7.87	7.65	7.82	2982002	23630000.00
2013/12/30	7.81	7.91	7.74	7.78	3358676	26607098.00
2013/12/31	7.66	7.80	7.66	7.77	4463236	35042700.00
2014/01/02	7.71	7.75	7.63	7.66	5306742	41448924.00
2014/01/03	7.65	7.65	7.29	7.36	12424066	93252288.00
2014/01/06	7.31	7.31	6.98	6.99	8540478	61661048.00
2014/01/07	6.87	7.05	6.87	7.03	4359453	31057144.00
2014/01/08	7.04	7.11	6.98	7.00	4584420	32861836.00
2014/01/09	7.00	7.05	6.79	6.81	8114109	57284904.00
2014/01/10	6.81	6.85	6.70	6.73	4383792	30169536.00
2014/01/13	6.74	6.90	6.74	6.79	3747813	25934904.00
2014/01/14	6.81	6.93	6.77	6.93	3714885	25875436.00
2014/01/15	6.88	6.94	6.84	6.88	2950403	20723832.00
2014/01/16	6.91	6.94	6.86	6.90	3555425	25038080.00
2014/01/17	6.88	6.98	6.80	6.84	2896538	20282188.00
2014/01/20	6.84	6.85	6.75	6.78	1727814	11975768.00
2014/01/21	6.78	6.88	6.78	6.83	2563311	17867772.00
2014/01/22	6.84	6.98	6.83	6.97	6329203	44640168.00
2014/01/23	6.96	6.99	6.92	6.94	3138349	22273912.00
2014/01/24	6.94	7.00	6.92	6.96	5497052	39027968.00
2014/01/27	6.94	6.95	6.79	6.81	5672371	39719728.00
2014/01/28	6.81	6.86	6.81	6.83	2815119	19635532.00
2014/01/29	6.83	6.89	6.83	6.85	2481678	17383720.00
2014/01/30	6.84	6.86	6.65	6.66	5960189	40982076.00
2014/02/07	6.65	6.70	6.61	6.69	5487476	37357624.00
2014/02/10	6.76	6.91	6.73	6.90	7047697	49157520.00
2014/02/11	6.91	7.03	6.87	7.00	9929547	70706704.00
2014/02/12	7.02	7.04	6.95	7.01	6999558	49918908.00
2014/02/13	7.02	7.02	6.92	6.92	6796103	48295392.00
2014/02/14	6.94	7.01	6.92	6.98	5600175	39771712.00
2014/02/17	6.97	7.09	6.97	7.09	9117449	65483312.00
2014/02/18	7.12	7.12	6.95	6.96	7590613	54258556.00
2014/02/19	6.96	7.28	6.96	7.26	15171707	110062904.00
2014/02/20	7.30	7.41	7.18	7.20	16401871	122380184.00
2014/02/21	7.20	7.24	7.01	7.07	6423095	46521448.00
2014/02/24	7.05	7.09	6.97	7.07	5155205	36981464.00
2014/02/25	7.02	7.24	7.00	7.07	8127875	58680916.00
2014/02/26	7.11	7.12	6.78	6.90	6626213	46875488.00
2014/02/27	6.89	7.36	6.85	7.27	13978132	102030160.00
2014/02/28	7.23	7.31	7.13	7.25	9665323	71242088.00
2014/03/03	7.22	7.35	7.15	7.24	12493010	92137696.00
2014/03/04	7.22	7.23	7.06	7.11	5897135	42804376.00
2014/03/05	7.11	7.16	7.04	7.07	4714497	34144928.00
2014/03/06	7.07	7.10	6.98	7.08	3898430	27982824.00
2014/03/07	7.08	7.11	6.98	7.00	4725291	33937168.00
2014/03/10	6.93	7.02	6.82	6.82	5003035	35197476.00
2014/03/11	6.84	6.86	6.76	6.85	3264904	22705380.00
2014/03/12	6.88	6.89	6.73	6.84	2778730	19313194.00
2014/03/13	6.83	6.91	6.82	6.87	2823899	19796440.00
2014/03/14	6.86	6.86	6.74	6.75	3446134	23862592.00
2014/03/17	6.84	6.93	6.83	6.91	4824817	33847772.00
2014/03/18	6.92	6.94	6.86	6.89	3063383	21524896.00
2014/03/19	6.87	6.88	6.74	6.80	3299599	22861228.00
2014/03/20	6.80	6.93	6.76	6.81	6137806	42980832.00
2014/03/21	6.80	7.07	6.77	7.05	10720578	76043344.00
2014/03/24	7.08	7.31	7.03	7.25	12278528	89889232.00
2014/03/25	7.26	7.61	7.19	7.45	27401254	205585680.00
2014/03/26	7.41	7.70	7.31	7.53	27877209	212737568.00
2014/03/27	7.46	7.64	7.36	7.54	24933068	189979872.00
2014/03/28	7.37	7.45	7.23	7.27	23367449	175123968.00
2014/03/31	7.26	7.36	7.05	7.09	10391003	75570648.00
2014/04/01	7.07	7.16	7.01	7.13	4503754	32665964.00
2014/04/02	7.12	7.19	7.11	7.15	5060248	36838588.00
2014/04/03	7.16	7.18	7.04	7.08	4632779	33540694.00
2014/04/04	7.02	7.15	7.02	7.15	4555405	32956736.00
2014/04/08	7.12	7.22	7.10	7.21	6694511	48954536.00
2014/04/09	7.20	7.20	7.10	7.14	7040020	51360588.00
2014/04/10	7.14	7.32	7.12	7.31	11194096	82629104.00
2014/04/11	7.29	7.34	7.22	7.24	5456958	40428820.00
2014/04/14	7.26	7.33	7.23	7.28	4931344	36568084.00
2014/04/15	7.26	7.27	7.10	7.13	5388594	39420208.00
2014/04/16	7.11	7.23	7.10	7.17	3828613	27978026.00
2014/04/17	7.17	7.17	7.07	7.11	3483306	25284748.00
2014/04/18	7.10	7.13	7.05	7.11	2794428	20216540.00
2014/04/21	7.08	7.15	6.94	6.95	4456128	32001278.00
2014/04/22	6.93	6.99	6.86	6.88	4540204	32028788.00
2014/04/23	6.91	7.01	6.90	6.97	2828023	20080532.00
2014/04/24	6.96	6.97	6.88	6.90	2599612	18347520.00
2014/04/25	6.93	6.93	6.78	6.79	2642975	18465636.00
2014/04/28	6.78	6.81	6.61	6.64	3808262	25956620.00
2014/04/29	6.64	6.69	6.58	6.67	3323558	22517564.00
2014/04/30	6.68	6.72	6.64	6.70	1939002	13219225.00
2014/05/05	6.68	6.73	6.62	6.72	1929470	13139174.00
2014/05/06	6.72	6.76	6.68	6.72	2308578	15839704.00
2014/05/07	6.67	6.72	6.65	6.67	1681830	11465595.00
2014/05/08	6.68	6.76	6.65	6.68	2287889	15665784.00
2014/05/09	6.71	6.84	6.69	6.76	3481899	24044628.00
2014/05/12	6.81	6.92	6.78	6.90	3861468	27067384.00
2014/05/13	6.91	6.94	6.81	6.85	2415815	16923752.00
2014/05/14	6.84	6.89	6.80	6.83	1478920	10320498.00
2014/05/15	6.87	6.92	6.80	6.87	3562265	24985120.00
2014/05/16	6.81	6.87	6.77	6.84	2566143	17847124.00
2014/05/19	6.84	6.87	6.74	6.79	1927169	13317756.00
2014/05/20	6.85	6.98	6.80	6.86	3660985	25714988.00
2014/05/21	6.89	6.92	6.82	6.90	2594450	18206616.00
2014/05/22	6.95	7.59	6.94	7.29	29835205	222745184.00
2014/05/23	7.29	7.29	7.00	7.05	14258419	102629616.00
2014/05/26	7.04	7.08	6.95	7.00	7460884	53252024.00
2014/05/27	6.98	7.02	6.88	6.90	5921755	42031516.00
2014/05/28	6.91	6.96	6.87	6.95	4906322	34638008.00
2014/05/29	6.96	6.97	6.82	6.82	5155467	36227440.00
2014/05/30	6.81	6.86	6.80	6.83	3123381	21777536.00
2014/06/03	6.83	6.89	6.81	6.83	3117841	21790870.00
2014/06/04	6.82	6.83	6.67	6.72	3352743	23001744.00
2014/06/05	6.73	6.79	6.69	6.78	3150588	21667612.00
2014/06/06	6.78	6.78	6.68	6.71	2999433	20539850.00
2014/06/09	6.68	6.74	6.66	6.68	2309724	15780879.00
2014/06/10	6.69	6.76	6.67	6.75	2087897	14331033.00
2014/06/11	6.75	6.83	6.73	6.80	2552068	17647094.00
2014/06/12	6.78	6.78	6.71	6.74	2348306	16160365.00
2014/06/13	6.72	6.80	6.70	6.75	2513789	17355592.00
2014/06/16	6.77	6.81	6.77	6.81	2810810	19497746.00
2014/06/17	6.79	6.83	6.77	6.80	2642469	18344142.00
2014/06/18	6.85	6.85	6.75	6.76	2059486	14251741.00
2014/06/19	6.78	6.78	6.59	6.62	2784132	18984320.00
2014/06/20	6.61	6.69	6.61	6.66	1634807	11116231.00
2014/06/23	6.66	6.71	6.66	6.70	1402728	9581001.00
2014/06/24	6.71	6.71	6.61	6.66	3101699	21122264.00
2014/06/25	6.66	6.66	6.58	6.58	3099045	20460868.00
2014/06/26	6.62	6.66	6.59	6.64	2585890	17136128.00
2014/06/27	6.65	6.68	6.61	6.64	3990876	26551888.00
2014/06/30	6.64	6.69	6.63	6.68	2802550	18689274.00
2014/07/01	6.69	6.72	6.66	6.72	2945266	19723030.00
2014/07/02	6.72	6.75	6.68	6.74	2695984	18102732.00
2014/07/03	6.74	6.76	6.70	6.74	3522060	23734756.00
2014/07/04	6.80	6.81	6.69	6.73	6205421	41797956.00
2014/07/07	6.71	6.75	6.70	6.74	2517424	16914328.00
2014/07/08	6.74	6.81	6.73	6.78	5648429	38298848.00
2014/07/09	6.77	6.89	6.69	6.69	7654889	51975908.00
2014/07/10	6.68	6.73	6.67	6.70	2528613	16922904.00
2014/07/11	6.70	6.75	6.67	6.72	4710407	31608960.00
2014/07/14	6.72	6.78	6.68	6.77	4355500	29343880.00
2014/07/15	6.77	6.78	6.73	6.75	3441641	23239964.00
2014/07/16	6.76	6.81	6.74	6.78	5136758	34842984.00
2014/07/17	6.77	6.80	6.72	6.74	4008739	27074236.00
2014/07/18	6.74	6.77	6.70	6.75	3140862	21170822.00
2014/07/21	6.77	6.77	6.69	6.71	2309349	15497769.00
2014/07/22	6.68	6.81	6.68	6.79	6911886	46666648.00
2014/07/23	6.76	6.81	6.75	6.77	4075445	27614636.00
2014/07/24	6.78	6.86	6.76	6.83	7871472	53715440.00
2014/07/25	6.84	6.89	6.84	6.89	7193534	49435416.00
2014/07/28	6.90	7.03	6.90	7.00	12338366	86130632.00
2014/07/29	7.00	7.03	6.95	6.98	9454103	66047912.00
2014/07/30	6.98	7.03	6.95	6.99	7576924	52881616.00
2014/07/31	6.98	7.05	6.98	7.04	6426042	45029304.00
2014/08/01	7.00	7.06	6.96	6.98	11107796	77885896.00
2014/08/04	6.96	7.05	6.96	7.04	7691258	53873848.00
2014/08/05	7.05	7.08	7.02	7.08	7782961	54877976.00
2014/08/06	7.08	7.21	7.07	7.10	10982365	78249520.00
2014/08/07	7.10	7.37	7.07	7.11	17891678	128914768.00
2014/08/08	7.09	7.17	7.05	7.07	7240179	51285572.00
2014/08/11	7.08	7.15	7.04	7.13	5969426	42438188.00
2014/08/12	7.11	7.28	7.06	7.27	19304636	139252736.00
2014/08/13	7.30	7.37	7.11	7.21	18548487	134347088.00
2014/08/14	7.21	7.23	7.12	7.16	8210870	58737876.00
2014/08/15	7.15	7.20	7.11	7.17	7570978	54275340.00
2014/08/18	7.19	7.24	7.17	7.24	8763992	63165248.00
2014/08/19	7.24	7.25	7.15	7.20	6968766	50159464.00
2014/08/20	7.22	7.25	7.18	7.22	6126876	44195416.00
2014/08/21	7.22	7.22	7.12	7.15	5404624	38653436.00
2014/08/22	7.14	7.19	7.12	7.18	4441854	31809108.00
2014/08/25	7.16	7.21	7.14	7.15	4131926	29602304.00
2014/08/26	7.15	7.16	6.98	7.01	7898588	55788964.00
2014/08/27	7.01	7.04	6.99	7.01	3235919	22690922.00
2014/08/28	7.04	7.05	6.98	7.01	4086079	28620962.00
2014/08/29	7.02	7.04	6.98	7.04	2707287	18992076.00
2014/09/01	7.07	7.08	7.01	7.07	4990606	35175280.00
2014/09/02	7.07	7.16	7.06	7.14	8066042	57374276.00
2014/09/03	7.15	7.20	7.15	7.19	7455088	53489480.00
2014/09/04	7.20	7.27	7.16	7.24	10446403	75443264.00
2014/09/05	7.25	7.28	7.20	7.27	10835913	78398240.00
2014/09/09	7.30	7.30	7.22	7.26	6769885	49110032.00
2014/09/10	7.27	7.31	7.23	7.29	8618236	62695392.00
2014/09/11	7.29	7.42	7.25	7.29	13741146	100655600.00
2014/09/12	7.27	7.39	7.25	7.34	10509174	77096408.00
2014/09/15	7.34	7.39	7.30	7.38	8486681	62480480.00
2014/09/16	7.38	7.42	7.21	7.22	12238290	89749952.00
2014/09/17	7.20	7.31	7.19	7.28	8559563	62026004.00
2014/09/18	7.25	7.38	7.24	7.36	9368084	68708040.00
2014/09/19	7.36	7.45	7.31	7.45	10200676	75386072.00
2014/09/22	7.46	7.48	7.36	7.42	10229916	75904080.00
2014/09/23	7.44	7.56	7.40	7.53	14291056	106998784.00
2014/09/24	7.50	7.61	7.46	7.60	13193169	99820576.00
2014/09/25	7.62	7.65	7.52	7.55	11953976	90681520.00
2014/09/26	7.51	7.55	7.45	7.49	7719707	57778672.00
2014/09/29	7.49	7.64	7.49	7.64	11938116	90782056.00
2014/09/30	7.63	7.63	7.54	7.57	7293458	55290876.00
2014/10/08	7.57	7.68	7.54	7.66	11242562	85839632.00
2014/10/09	7.73	7.76	7.59	7.65	11912649	91501032.00
2014/10/10	7.62	7.69	7.59	7.62	9051582	69142168.00
2014/10/13	7.62	7.66	7.51	7.60	7164675	54280416.00
2014/10/14	7.57	7.65	7.53	7.58	6988433	53085772.00
2014/10/15	7.58	7.59	7.50	7.57	5262930	39718216.00
2014/10/16	7.55	7.63	7.49	7.50	6904205	52219964.00
2014/10/17	7.47	7.52	7.31	7.40	7026249	51970024.00
2014/10/20	7.43	7.47	7.39	7.46	5700299	42407600.00
2014/10/21	7.46	7.47	7.36	7.41	3897368	28914308.00
2014/10/22	7.40	7.45	7.32	7.33	4303769	31803756.00
2014/10/23	7.30	7.38	7.18	7.20	5835135	42394192.00
2014/10/24	7.20	7.24	7.17	7.21	3047868	21955188.00
2014/10/27	7.22	7.25	7.16	7.21	3083406	22226134.00
2014/10/28	7.22	7.37	7.22	7.37	6258100	45790176.00
2014/10/29	7.40	7.75	7.36	7.71	20880688	158019488.00
2014/10/30	7.66	7.75	7.60	7.71	10368742	79321736.00
2014/10/31	7.72	7.96	7.60	7.85	27222530	211447504.00
2014/11/03	7.81	8.10	7.73	7.85	27459277	214448800.00
2014/11/04	7.81	7.81	7.64	7.75	13191235	101858224.00
2014/11/05	7.71	7.86	7.67	7.78	12444717	96763288.00
2014/11/06	7.77	7.85	7.70	7.82	7025493	54598508.00
2014/11/07	7.82	7.95	7.67	7.68	13515106	105735000.00
2014/11/10	7.68	7.89	7.66	7.83	10037246	78359440.00
2014/11/11	7.84	7.99	7.70	7.89	20823492	164167616.00
2014/11/12	7.83	8.16	7.72	8.15	23582088	189022720.00
2014/11/13	8.10	8.12	7.95	8.02	15451979	124030304.00
2014/11/14	7.98	7.98	7.84	7.93	7796189	61604252.00
2014/11/17	7.93	7.97	7.80	7.81	7396646	58360788.00
2014/11/18	7.80	7.95	7.74	7.80	6878091	53977536.00
2014/11/19	7.80	7.86	7.73	7.77	6628809	51586488.00
2014/11/20	7.75	7.79	7.69	7.78	5737910	44470896.00
2014/11/21	7.77	7.93	7.75	7.87	8560893	67330256.00
2014/11/24	7.91	8.11	7.89	8.02	18103294	145172016.00
2014/11/25	8.02	8.27	7.98	8.15	17028105	138358656.00
2014/11/26	8.18	8.19	7.99	8.07	10828977	87436672.00
2014/11/27	8.09	8.12	7.90	8.01	11222358	90014024.00
2014/11/28	8.00	8.09	7.92	8.07	10591668	84619960.00
2014/12/01	8.10	8.28	8.02	8.14	16186384	131803816.00
2014/12/02	8.13	8.27	8.10	8.23	15973341	131120272.00
2014/12/03	8.27	8.51	8.17	8.39	23862748	199039680.00
2014/12/04	8.33	8.54	8.31	8.51	19998417	168406576.00
2014/12/05	8.51	8.51	8.01	8.13	21515511	177194832.00
2014/12/08	8.14	8.27	8.02	8.24	16494403	134660992.00
2014/12/09	8.24	8.50	8.05	8.11	23499368	194703920.00
2014/12/10	8.09	8.48	8.07	8.47	22508706	187938512.00
2014/12/11	8.48	8.78	8.38	8.61	25231084	216810096.00
2014/12/12	8.61	8.66	8.41	8.53	14266496	121406904.00
2014/12/15	8.53	8.77	8.45	8.76	15790104	135929408.00
2014/12/16	8.70	8.76	8.58	8.70	14520051	125814432.00
2014/12/17	8.65	8.76	8.41	8.50	13117225	112401824.00
2014/12/18	8.51	8.54	8.37	8.41	9293509	78395200.00
2014/12/19	8.39	8.64	8.31	8.63	13847158	117296936.00
2014/12/22	8.48	8.85	8.37	8.55	20421393	176495488.00
2014/12/23	8.51	8.51	8.14	8.20	12962690	107742752.00
2014/12/24	8.15	8.28	8.10	8.23	8696863	71150816.00
2014/12/25	8.23	8.43	8.15	8.39	8550855	71055632.00
2014/12/26	8.40	8.52	8.32	8.50	10579821	89230192.00
2014/12/29	8.53	8.57	8.30	8.37	9416264	79716848.00
2014/12/30	8.36	8.36	8.14	8.16	7418955	61054840.00
2014/12/31	8.16	8.27	8.10	8.25	6303935	51715944.00
2015/01/05	8.26	8.68	8.26	8.66	18036647	154163968.00
2015/01/06	8.60	8.86	8.56	8.81	20275190	177380608.00
2015/01/07	8.79	8.84	8.63	8.77	11871783	103527248.00
2015/01/08	8.75	8.88	8.71	8.73	11700264	102806816.00
2015/01/09	8.71	8.74	8.55	8.56	12319400	106416976.00
2015/01/12	8.55	8.55	8.15	8.25	11127365	92343104.00
2015/01/13	8.24	8.40	8.19	8.36	6233271	51962644.00
2015/01/14	8.36	8.36	8.18	8.21	5787830	47758780.00
2015/01/15	8.21	8.41	8.21	8.40	5184960	43061432.00
2015/01/16	8.41	8.43	8.30	8.37	5753659	48167076.00
2015/01/19	8.17	8.28	7.76	7.88	11678989	94002632.00
2015/01/20	7.88	8.15	7.88	8.11	7694959	61935480.00
2015/01/21	8.16	8.49	8.11	8.43	10374718	86591904.00
2015/01/22	8.37	8.50	8.33	8.36	7483775	62898164.00
2015/01/23	8.40	8.44	8.28	8.33	6103350	50842424.00
2015/01/26	8.33	8.50	8.22	8.49	7876804	66018944.00
2015/01/27	8.48	8.59	8.44	8.59	13070426	111444696.00
2015/01/28	8.60	8.73	8.48	8.51	13525825	117003184.00
2015/01/29	8.43	8.52	8.29	8.46	4486987	37719884.00
2015/01/30	8.45	8.79	8.43	8.59	16954225	146951488.00
2015/02/02	8.46	9.22	8.45	9.05	32406233	290873376.00
2015/02/03	9.11	9.44	8.95	9.00	31575191	291289472.00
2015/02/04	8.92	9.64	8.92	9.51	25881668	240815904.00
2015/02/05	9.52	9.74	9.40	9.57	21166667	203737472.00
2015/02/06	9.60	10.15	9.57	9.88	23651583	232516896.00
2015/02/09	9.87	9.88	9.28	9.41	19314184	183961216.00
2015/02/10	9.35	9.73	9.26	9.72	10491012	101011872.00
2015/02/11	9.67	9.87	9.10	9.17	24640672	232661824.00
2015/02/12	9.21	9.35	9.16	9.32	15740892	146114832.00
2015/02/13	9.36	9.59	9.15	9.57	13285302	124760904.00
2015/02/16	9.53	9.66	9.42	9.53	8349523	79911600.00
2015/02/17	9.50	9.66	9.45	9.54	6550688	62606800.00
2015/02/25	9.48	10.49	9.48	10.49	26340826	272367840.00
2015/02/26	10.35	10.57	10.21	10.52	16914012	176050896.00
2015/02/27	10.54	10.82	10.25	10.61	13971693	147373248.00
2015/03/02	11.25	11.55	11.00	11.16	28004693	316100256.00
2015/03/03	11.17	11.77	10.85	11.35	15942890	180149984.00
2015/03/04	11.15	11.45	11.06	11.18	9213487	103181968.00
2015/03/05	11.10	11.10	10.68	10.89	11020760	119421944.00
2015/03/06	10.88	10.90	10.50	10.59	9096633	96666896.00
2015/03/09	10.50	10.96	10.30	10.85	10381253	111594936.00
2015/03/10	10.80	11.36	10.71	11.03	9043869	100805608.00
2015/03/11	11.04	11.13	10.83	10.94	5251910	57240972.00
2015/03/12	11.00	11.03	10.72	10.87	4751070	51278172.00
2015/03/13	10.85	11.08	10.66	10.86	6809312	73746864.00
2015/03/16	10.86	11.10	10.73	11.07	15475861	168330384.00
2015/03/17	11.05	11.11	10.82	10.98	16292644	177986608.00
2015/03/18	10.98	11.28	10.93	11.15	17125630	190335072.00
2015/03/19	11.17	11.56	11.01	11.55	20839332	236589840.00
2015/03/20	11.52	11.75	11.25	11.39	14915443	169867824.00
2015/03/23	11.40	11.47	11.11	11.37	15760556	177402384.00
2015/03/24	11.32	11.32	10.85	11.09	16362472	181718208.00
2015/03/25	11.08	11.30	10.91	11.18	13291364	148349664.00
2015/03/26	11.06	11.11	10.70	10.81	16455317	179546048.00
2015/03/27	10.81	10.94	10.76	10.82	11830812	128138584.00
2015/03/30	10.82	11.01	10.82	11.00	18918580	206576960.00
2015/03/31	11.05	11.10	10.81	10.86	19824711	216718960.00
2015/04/01	10.86	11.06	10.81	11.04	16169057	177175936.00
2015/04/02	11.09	11.27	11.05	11.24	24224054	270638560.00
2015/04/03	11.20	11.36	11.10	11.35	25474071	286715264.00
2015/04/07	11.37	11.75	11.37	11.74	29737998	345492416.00
2015/04/08	11.88	11.94	11.22	11.38	26583559	304244288.00
2015/04/09	11.38	11.40	10.84	10.98	16586004	182863936.00
2015/04/10	10.99	11.11	10.85	11.07	18841577	207344272.00
2015/04/13	11.06	11.36	11.04	11.29	22695875	254238128.00
2015/04/14	11.28	11.60	11.08	11.56	27642868	312158496.00
2015/04/15	11.64	11.69	11.12	11.15	20393606	231179424.00
2015/04/16	10.96	11.30	10.87	11.24	14235784	158119328.00
2015/04/17	11.30	12.36	11.27	12.08	49407711	582799744.00
2015/04/20	12.15	12.88	11.80	12.30	60145251	744232256.00
2015/04/21	12.20	12.68	12.10	12.58	32128633	398688384.00
2015/04/22	12.62	12.78	12.45	12.57	30171382	379037408.00
2015/04/23	12.49	12.50	12.04	12.34	28363797	348313728.00
2015/04/24	12.15	12.40	12.04	12.29	19038215	232854864.00
2015/04/27	12.40	12.50	12.10	12.31	19359927	237316752.00
2015/04/28	12.32	12.38	11.65	11.78	21348542	255487984.00
2015/04/29	11.81	11.98	11.63	11.91	12933212	153415680.00
2015/04/30	11.91	12.08	11.78	11.91	12451813	148530736.00
2015/05/04	11.92	12.46	11.82	12.45	21540992	263622800.00
2015/05/05	12.63	12.95	11.92	11.97	33176829	414506144.00
2015/05/06	11.82	11.97	11.06	11.30	20107597	233980992.00
2015/05/07	11.20	11.30	10.63	10.65	14199380	156104176.00
2015/05/08	10.70	10.96	10.57	10.90	14390526	154906400.00
2015/05/11	11.07	11.21	10.91	11.20	13807826	152665264.00
2015/05/12	11.21	11.56	11.21	11.51	17858137	203869744.00
2015/05/13	11.47	11.47	11.18	11.25	17034773	192437216.00
2015/05/14	11.25	11.95	11.21	11.91	24631046	286462048.00
2015/05/15	11.88	12.36	11.80	11.89	26585345	319962336.00
2015/05/18	11.79	12.07	11.72	11.77	14253910	169249440.00
2015/05/19	11.80	12.22	11.72	12.12	16787306	202092688.00
2015/05/20	12.00	12.28	11.95	12.03	19109877	231911888.00
2015/05/21	12.01	12.25	12.00	12.20	17556829	212611168.00
2015/05/22	12.29	12.45	11.97	12.39	30738574	375598912.00
2015/05/25	12.37	12.78	12.31	12.69	29391723	370413024.00
2015/05/26	12.71	13.18	12.39	13.07	36249622	461267680.00
2015/05/27	13.02	13.36	12.66	13.33	31565106	410736032.00
2015/05/28	13.34	13.85	12.10	12.31	39685762	526880544.00
2015/05/29	12.31	12.55	11.65	12.05	22131579	268100128.00
2015/06/01	12.06	13.26	12.06	13.26	25376017	320771872.00
2015/06/02	13.40	14.43	13.11	14.24	36974638	505539520.00
2015/06/03	14.33	14.33	13.49	13.92	24971547	349274624.00
2015/06/04	13.92	14.19	13.10	14.15	22020673	303176640.00
2015/06/05	14.20	14.85	14.00	14.50	32465843	470890784.00
2015/06/08	14.50	15.30	14.50	14.97	33382201	498772160.00
2015/06/09	14.98	15.07	14.15	14.45	23503905	341661376.00
2015/06/10	14.40	14.76	14.01	14.47	19551093	283496192.00
2015/06/11	14.47	14.65	14.21	14.36	15347788	220520096.00
2015/06/12	14.38	14.75	14.37	14.56	27196341	395461504.00
2015/06/15	14.60	14.63	13.90	14.04	20733672	294603072.00
2015/06/16	14.02	14.02	12.91	13.08	19510048	261807392.00
2015/06/17	13.00	13.75	12.82	13.71	19543638	259230048.00
2015/06/18	13.58	13.63	13.04	13.39	18989940	254047680.00
:
