  4.62   0.00
  9.90   0.00
  1.03   0.00
  0.00   0.04
 25.54   0.00
  7.94   0.00
  9.36   0.00
  3.41   0.00
 10.00   0.01
 17.66   0.00
  0.00   0.07
  4.65   0.00
  2.92   0.01
 23.90   0.00
 10.82   0.00
  0.84   0.02
  1.68   0.01
  6.57   0.00
  0.00   0.18
 10.23   0.00
  0.00   0.07
  0.04   0.03
 21.84   0.00
  8.69   0.00
  8.29   0.00
  7.88   0.00
  2.90   0.00
  7.39   0.00
 24.01   0.00
 12.42   0.01
  4.20   0.01
 10.30   0.00
 30.91   1.52
  2.39   0.00
 22.12   0.00
  9.00   0.00
  6.83   0.00
  3.02   0.01
 10.73   0.00
  7.16   0.00
  0.84   0.01
  8.56   0.00
 19.35   0.00
 30.60   0.00
 10.37   0.00
  3.15   0.00
  7.80   0.00
 26.80   0.00
 11.13   0.00
 10.77   0.00
  0.00   0.05
  0.74   0.01
 14.45   0.00
 22.64   0.00
  8.58   0.00
 11.57   0.00
  9.28   0.00
  0.00   0.05
 11.01   0.00
  0.00   0.03
 25.83   0.00
 26.61   0.00
 13.47   0.00
 12.56   0.00
 21.11   0.00
  4.79   0.01
 17.70   0.00
  3.76   0.01
 14.82   0.00
  7.27   0.00
  6.21   0.00
  3.41   0.00
 14.41   0.00
  0.34   0.01
 19.35   0.00
 13.42   0.00
  0.32   0.01
  2.44   0.01
  3.54   0.01
  0.39   0.01
  8.16   0.00
 15.78   0.00
  2.90   0.00
  0.00   0.04
  0.00   0.03
  4.05   0.01
 25.85   0.00
  0.00   0.18
 15.01   0.02
 10.90   0.01
 14.10   0.00
  2.58   0.01
  9.61   0.00
  4.96   0.01
  5.41   0.01
  8.70   0.00
  0.00   0.05
  7.34   0.00
  0.00   0.03
 22.86   0.00
  5.18   0.00
  5.84   0.01
 12.28   0.01
  4.98   0.00
  0.65   0.01
  0.02   0.10
  0.26   0.01
  3.53   0.00
  7.30   0.00
  0.00   0.05
 17.08   0.00
  7.02   0.00
 10.87   0.00
  5.65   0.01
  8.60   0.00
  1.52   0.01
  0.11   0.02
 23.39   0.00
 16.60   0.00
  2.81   0.06
  0.57   0.01
  6.96   0.00
  3.04   0.00
  4.44   0.01
 26.03   0.00
 17.98   0.00
 14.99   0.00
  9.60   0.01
 12.52   0.00
  0.00   0.03
  1.00   0.30
 11.86   0.00
 12.63   0.00
  0.00   0.06
  8.06   0.00
 12.13   0.00
  0.01   0.03
  0.00   0.04
  3.29   0.01
  0.00   0.03
  2.66   0.01
  0.00   0.05
  6.83   0.00
  0.01   0.02
 12.80   0.00
  0.00   0.11
  8.65   0.00
 10.84   0.00
  2.99   0.00
 14.23   0.00
  7.54   0.01
  9.97   0.00
  0.00   0.04
  2.09   0.01
  7.73   0.00
  0.81   0.01
  0.06   0.03
 29.01   0.00
  2.58   0.01
 17.12   0.00
  2.00   1.52
 12.43   0.00
 23.30   0.00
 11.60   0.01
 29.60   0.00
 28.59   0.00
  4.12   0.00
  4.29   0.00
  2.56   0.01
  2.94   0.00
  3.44   0.01
 10.15   0.00
  3.47   0.00
 12.21   0.00
  0.03   0.02
  0.00   0.05
 17.74   0.00
  1.90   0.00
  0.04   0.02
  1.19   0.01
  0.04   0.02
  0.90   0.02
  8.40   0.01
  0.00   0.04
 18.36   0.00
  5.76   0.00
  2.40   0.01
  3.63   0.00
  1.58   0.01
  0.00   0.13
  0.00   0.11
  0.22   0.02
  0.00   0.15
  0.94   0.01
  6.63   0.00
  0.14   0.09
  2.01   0.01
  0.59   0.05
  1.94   0.00
  1.35   0.01
  2.48   0.01
  2.18   0.00
 12.52   0.01
  4.73   0.00
  1.03   0.02
  6.90   0.00
  3.01   0.00
  3.74   0.01
  2.21   0.01
  4.85   0.01
 15.19   0.00
  3.94   0.00
  1.36   0.00
  8.52   0.00
  3.28   0.01
 15.38   0.00
  8.25   0.00
  2.56   0.01
  2.13   0.01
 15.08   0.00
  5.83   0.01
  2.97   0.00
  6.95   0.00
 12.66   0.00
  4.28   0.01
 15.69   0.00
  0.00   0.04
 12.24   0.00
 10.32   0.00
  1.74   0.01
  2.18   0.00
 12.54   0.00
  1.76   0.01
  0.27   0.02
  5.25   0.00
 11.57   0.00
 13.21   0.00
  0.00   0.13
  6.02   0.00
  9.48   0.01
 14.99   0.00
 14.27   0.00
 28.45   0.00
 10.15   0.00
  7.72   0.00
 13.09   0.00
  4.54   0.00
  9.92   0.00
  8.99   0.00
  3.66   0.01
  0.02   0.03
  6.51   0.00
  0.59   0.01
  0.00   0.04
  1.42   0.01
  8.67   0.00
 30.69   0.00
  1.52   0.00
  1.09   0.01
  0.01   0.16
  9.87   0.01
  4.15   0.00
  7.63   0.00
 11.36   0.00
  6.32   0.00
 24.48   0.00
 11.56   0.00
  0.00   0.19
 12.93   0.00
  3.56   0.00
 27.76   0.00
  0.00   0.22
  4.05   0.01
  3.24   0.01
  0.00   0.22
  0.00   0.10
  0.56   0.01
  3.17   0.01
  1.23   0.01
  7.97   0.00
  8.32   0.00
  5.83   0.01
  4.91   0.04
 14.53   0.00
 15.54   0.00
  4.25   0.00
  3.81   0.01
  2.52   0.00
  4.96   0.01
  3.88   0.00
  5.19   0.00
 12.34   0.00
  1.00   0.00
  2.43   0.01
  1.08   0.01
  6.63   0.00
  2.73   0.00
  0.00   0.03
 14.76   0.00
 15.96   0.00
  0.95   0.01
  0.02   0.02
  0.00   0.09
  2.98   0.00
  0.00   0.07
  0.00   0.04
  2.36   0.01
  5.94   0.00
 28.57   0.00
 12.39   0.00
  8.11   0.00
  6.05   0.01
 10.46   0.00
  3.44   0.01
  0.00   0.03
  2.04   0.01
  0.00   0.03
  0.02   0.02
  4.32   0.01
  2.67   0.00
  2.00   0.01
  0.00   0.09
 12.75   0.00
  0.24   0.03
  0.81   0.01
  0.00   0.10
  0.03   0.02
  0.22   0.02
 27.23   0.00
  0.00   0.03
 15.46   0.00
  8.15   0.00
 29.46   0.00
  9.04   0.00
  4.12   0.00
  1.66   0.01
 28.33   0.00
 14.36   0.00
  9.17   0.00
  8.07   0.01
  0.00   0.07
  0.00   0.05
  6.04   0.01
 21.99   0.00
  8.10   0.00
 15.25   0.00
 27.79   0.00
  0.00   0.03
  3.53   0.00
 10.93   0.00
  3.03   0.00
  0.37   0.01
 29.70   0.00
  2.68   0.01
 17.85   0.01
 24.70   0.00
 19.20   0.00
  0.00   0.06
  2.51   0.00
 17.80   0.00
 17.62   0.00
  7.63   0.00
  1.19   0.02
  7.75   0.00
  0.06   0.02
  0.87   0.01
  1.62   0.01
  0.00   0.10
  0.30   0.68
  0.02   0.02
 28.17   0.00
  0.40   0.02
 13.80   0.00
  0.00   0.08
  0.00   0.08
 10.87   0.00
  5.26   0.01
 17.75   0.00
  3.03   0.00
  8.98   0.00
  2.26   0.00
 18.33   0.00
  1.00   0.01
  2.00   0.00
  1.72   0.01
  8.65   0.00
 18.11   0.00
  2.46   0.00
  0.34   0.02
  9.16   0.00
  0.30   0.01
 14.74   0.00
 12.98   0.00
  7.18   0.00
  2.30   0.00
 12.33   0.00
  0.72   0.01
  2.14   0.01
  6.11   0.01
  9.43   0.00
 11.25   0.00
  0.73   0.01
  5.19   0.00
  0.03   0.02
  2.00   0.00
 16.93   0.00
  4.22   0.01
  0.20   0.01
  4.28   0.01
  4.38   0.00
  3.32   0.01
  3.71   0.01
  3.18   0.00
 10.16   0.00
  0.75   0.01
  0.00   0.03
 19.43   0.00
  0.03   0.04
  0.24   0.01
  2.53   0.01
  3.01   0.00
 18.32   0.00
  8.94   0.00
  1.37   0.02
  0.21   0.02
  7.16   0.00
  0.46   0.01
 21.84   0.00
  1.49   0.00
  5.47   0.01
  0.81   0.01
  0.29   0.01
  9.93   0.00
  2.65   0.01
  5.88   0.00
  8.82   0.00
 11.69   0.00
  2.49   0.00
  2.80   0.00
 24.55   0.00
  8.98   0.00
 21.86   0.00
 21.81   0.00
  0.00   0.09
 22.18   0.00
  5.23   0.00
  4.66   0.01
  7.44   0.01
  0.00   0.04
 29.72   0.00
 12.88   0.00
 15.17   0.00
  3.66   0.01
  2.18   0.00
 14.99   0.00
  1.92   0.21
 30.31   0.00
  4.98   0.00
  4.21   0.01
  2.05   0.00
  0.00   0.21
  7.13   0.00
  7.11   0.00
