600097 ,
600108 ,
600257 ,600265 ,
600354 ,
600097 ,600108 ,600257 ,600265 ,600354 ,600359 ,600791 ,600467 ,600506 ,600540 ,600598 ,600965 ,600975 ,601118 ,600028 ,600121 ,600123 ,600139 ,600157 ,600188 ,600193 ,600256 ,600259 ,600311 ,600348 ,600395 ,600397 ,600403 ,600489 ,600497 ,600508 ,600532 ,600547 ,600583 ,600652 ,600711 ,600714 ,600766 ,600882 ,600971 ,600988 ,601001 ,601069 ,601088 ,601101 ,601168 ,601225 ,601666 ,601699 ,601808 ,601857 ,601898 ,601899 ,601918 ,601958 ,603993 ,600008 ,600011 ,600021 ,600023 ,600027 ,600098 ,600101 ,600116 ,600131 ,600167 ,600168 ,600187 ,600207 ,600236 ,600283 ,600310 ,600323 ,600396 ,600452 ,600505 ,600509 ,600578 ,600617 ,600635 ,600642 ,600644 ,600674 ,600726 ,600744 ,600758 ,600780 ,600795 ,600863 ,600864 ,600868 ,600874 ,600886 ,600900 ,600917 ,600969 ,600979 ,600982 ,600995 ,601016 ,601139 ,601158 ,601199 ,601991 ,600039 ,600068 ,600133 ,600170 ,600248 ,600284 ,600326 ,600463 ,600477 ,600491 ,600496 ,600502 ,600512 ,600528 ,600545 ,600820 ,600846 ,600853 ,600986 ,601117 ,601186 ,601390 ,601618 ,601668 ,601669 ,601789 ,601800 ,601886 ,603030 ,603828 ,600004 ,600009 ,600012 ,600017 ,600018 ,600020 ,600026 ,600029 ,600033 ,600035 ,600106 ,600115 ,600119 ,600125 ,600190 ,600221 ,600242 ,600269 ,600270 ,600279 ,600317 ,600350 ,600368 ,600377 ,600428 ,600548 ,600561 ,600611 ,600650 ,600662 ,600676 ,600692 ,600708 ,600717 ,600751 ,600787 ,600794 ,600798 ,600834 ,600896 ,600897 ,601000 ,601006 ,601008 ,601018 ,601021 ,601107 ,601111 ,601188 ,601333 ,601518 ,601866 ,601872 ,601880 ,601919 ,603128 ,603167 ,600754 ,601007 ,600037 ,600050 ,600289 ,600406 ,600410 ,600446 ,600476 ,600536 ,600570 ,600571 ,600588 ,600637 ,600718 ,600728 ,600764 ,600770 ,600804 ,600831 ,600845 ,600850 ,601519 ,601929 ,603000 ,603636 ,600000 ,600015 ,600016 ,600030 ,600036 ,600109 ,600369 ,600643 ,600705 ,600816 ,600837 ,600958 ,600999 ,601009 ,601099 ,601166 ,601169 ,601198 ,601288 ,601318 ,601328 ,601336 ,601377 ,601398 ,601555 ,601601 ,601628 ,601688 ,601788 ,601818 ,601901 ,601939 ,601988 ,601998 ,600007 ,600048 ,600052 ,600064 ,600067 ,600077 ,600094 ,600158 ,600159 ,600162 ,600173 ,600185 ,600208 ,600215 ,600223 ,600225 ,600239 ,600240 ,600266 ,600275 ,600322 ,600325 ,600340 ,600376 ,600383 ,600393 ,600510 ,600533 ,600555 ,600565 ,600604 ,600606 ,600621 ,600622 ,600638 ,600639 ,600641 ,600647 ,600657 ,600658 ,600663 ,600665 ,600675 ,600683 ,600684 ,600696 ,600716 ,600724 ,600730 ,600732 ,600733 ,600736 ,600743 ,600767 ,600773 ,600807 ,600823 ,600862 ,600890 ,600057 ,600138 ,600358 ,600415 ,600640 ,600790 ,603729 ,600645 ,601226 ,603017 ,603126 ,603698 ,600054 ,600292 ,600593 ,600706 ,600749 ,600832 ,603099 ,603199 ,603588 ,603869 ,600661 ,600763 ,600088 ,600373 ,600551 ,600633 ,600757 ,600825 ,600880 ,601098 ,601801 ,601928 ,601999 ,600082 ,600149 ,600200 ,600212 ,600260 ,600455 ,600603 ,600620 ,600624 ,600783 ,600784 ,600805 ,600895 ,600005 ,600006 ,600010 ,600019 ,600022 ,600031 ,600038 ,600055 ,600056 ,600059 ,600060 ,600061 ,600063 ,600066 ,600069 ,600070 ,600071 ,600072 ,600073 ,600074 ,600075 ,600078 ,600079 ,600080 ,600081 ,600084 ,600085 ,600089 ,600091 ,600093 ,600095 ,600096 ,600099 ,600100 ,600103 ,600104 ,600105 ,600110 ,600111 ,600112 ,600114 ,600117 ,600118 ,600126 ,600127 ,600130 ,600132 ,600135 ,600137 ,600141 ,600143 ,600145 ,600146 ,600051 ,600058 ,600113 ,600120 ,600122 ,600128 ,600153 ,600175 ,600180 ,600203 ,600211 ,600241 ,600247 ,600272 ,600278 ,600280 ,600287 ,600306 ,600313 ,600327 ,600335 ,600361 ,600382 ,600386 ,600387 ,600511 ,600515 ,600546 ,600576 ,600605 ,600626 ,600648 ,600653 ,600656 ,600682 ,600693 ,600694 ,600697 ,600704 ,600712 ,600713 ,600723 ,600729 ,600734 ,600738 ,600739 ,600753 ,600755 ,600759 ,600774 ,600778 ,600785 ,600811 ,600814 ,
600403 ,601225 ,601016 ,600476 ,601169 ,601398 ,601939 ,601988 ,601998 ,600052 ,600064 ,600215 ,600057 ,600645 ,600633 ,600086 ,600104 ,600114 ,600203 ,600697 ,600738 ,
600850 ,600053 ,600773 ,600074 ,
600763 ,
600403 ,601225 ,601016 ,600476 ,601169 ,601398 ,601939 ,601988 ,601998 ,600052 ,600064 ,600215 ,600057 ,600645 ,600633 ,600086 ,600104 ,600114 ,600203 ,600697 ,600738 ,
600850 ,600053 ,600773 ,600074 ,
600763 ,
600275 ,
600012 ,600071 ,600105 ,600677 ,
600275 ,
600012 ,600071 ,600105 ,600677 ,
600275 ,
600012 ,600071 ,600105 ,600677 ,
600097 ,600108 ,600257 ,600265 ,600354 ,600359 ,600791 ,600467 ,600506 ,600540 ,600598 ,600965 ,600975 ,601118 ,600028 ,600121 ,600123 ,600139 ,600157 ,600188 ,600193 ,600259 ,600311 ,600348 ,600395 ,600397 ,600403 ,600489 ,600497 ,600508 ,600532 ,600547 ,600583 ,600652 ,600711 ,600714 ,600766 ,600971 ,600988 ,601001 ,601069 ,601088 ,601101 ,601168 ,601225 ,601666 ,601699 ,601808 ,601857 ,601898 ,601899 ,601918 ,601958 ,603993 ,600008 ,600011 ,600021 ,600023 ,600027 ,600098 ,600101 ,600116 ,600131 ,600168 ,600187 ,600207 ,600236 ,600283 ,600310 ,600323 ,600396 ,600452 ,600483 ,600505 ,600509 ,600578 ,600617 ,600635 ,600642 ,600644 ,600674 ,600726 ,600758 ,600780 ,600795 ,600863 ,600864 ,600868 ,600874 ,600886 ,600900 ,600917 ,600969 ,600979 ,600982 ,600995 ,601016 ,601139 ,601158 ,601199 ,601991 ,600039 ,600068 ,600133 ,600170 ,600248 ,600284 ,600326 ,600463 ,600477 ,600491 ,600496 ,600502 ,600512 ,600528 ,600545 ,600820 ,600846 ,600853 ,600986 ,601117 ,601186 ,601390 ,601618 ,601668 ,601669 ,601789 ,601800 ,601886 ,603030 ,603828 ,600004 ,600009 ,600012 ,600017 ,600018 ,600020 ,600026 ,600029 ,600033 ,600035 ,600106 ,600115 ,600119 ,600125 ,600190 ,600221 ,600242 ,600269 ,600270 ,600279 ,600317 ,600350 ,600368 ,600377 ,600428 ,600548 ,600611 ,600650 ,600662 ,600676 ,600692 ,600708 ,600717 ,600751 ,600787 ,600794 ,600798 ,600834 ,600897 ,601000 ,601006 ,601008 ,601018 ,601021 ,601107 ,601111 ,601188 ,601333 ,601518 ,601866 ,601872 ,601880 ,601919 ,603128 ,603167 ,600754 ,601007 ,600037 ,600050 ,600289 ,600406 ,600410 ,600446 ,600476 ,600536 ,600570 ,600571 ,600588 ,600637 ,600718 ,600728 ,600764 ,600770 ,600797 ,600804 ,600831 ,600845 ,600850 ,601519 ,601929 ,603000 ,603636 ,600000 ,600015 ,600016 ,600030 ,600036 ,600109 ,600369 ,600643 ,600705 ,600816 ,600837 ,600958 ,600999 ,601009 ,601099 ,601166 ,601169 ,601198 ,601288 ,601318 ,601328 ,601336 ,601377 ,601398 ,601555 ,601601 ,601628 ,601688 ,601788 ,601818 ,601901 ,601939 ,601988 ,601998 ,600007 ,600048 ,600052 ,600064 ,600067 ,600077 ,600094 ,600158 ,600159 ,600162 ,600173 ,600185 ,600208 ,600215 ,600223 ,600225 ,600238 ,600239 ,600240 ,600266 ,600275 ,600322 ,600325 ,600340 ,600376 ,600383 ,600393 ,600503 ,600510 ,600533 ,600555 ,600565 ,600604 ,600606 ,600621 ,600638 ,600639 ,600641 ,600647 ,600658 ,600663 ,600665 ,600675 ,600683 ,600684 ,600696 ,600716 ,600724 ,600730 ,600732 ,600733 ,600736 ,600743 ,600745 ,600748 ,600767 ,600773 ,600807 ,600823 ,600862 ,601588 ,600057 ,600138 ,600358 ,600415 ,600640 ,603729 ,601226 ,603017 ,603126 ,603698 ,600054 ,600292 ,600593 ,600706 ,600749 ,603099 ,603199 ,603588 ,603869 ,600661 ,600088 ,600373 ,600551 ,600633 ,600757 ,600825 ,600880 ,601098 ,601801 ,601928 ,601999 ,600082 ,600149 ,600200 ,600260 ,600455 ,600603 ,600620 ,600624 ,600701 ,600783 ,600784 ,600805 ,600895 ,600005 ,600006 ,600010 ,600019 ,600022 ,600031 ,600038 ,600056 ,600059 ,600060 ,600061 ,600062 ,600063 ,600066 ,600069 ,600070 ,600071 ,600072 ,600073 ,600074 ,600075 ,600076 ,600078 ,600079 ,600080 ,600081 ,600083 ,600084 ,600085 ,600089 ,600090 ,600091 ,600093 ,600095 ,600096 ,600100 ,600103 ,600104 ,600105 ,600107 ,600110 ,600111 ,600112 ,600114 ,600117 ,600118 ,600126 ,600127 ,600129 ,600130 ,600132 ,600135 ,600137 ,600141 ,600143 ,600146 ,600051 ,600058 ,600113 ,600120 ,600122 ,600128 ,600153 ,600175 ,600180 ,600203 ,600211 ,600241 ,600247 ,600250 ,600272 ,600278 ,600280 ,600287 ,600306 ,600313 ,600327 ,600335 ,600361 ,600382 ,600386 ,600387 ,600511 ,600515 ,600546 ,600576 ,600605 ,600626 ,600648 ,600653 ,600655 ,600677 ,600682 ,600693 ,600694 ,600697 ,600704 ,600712 ,600713 ,600723 ,600729 ,600738 ,600739 ,600753 ,600755 ,600759 ,600774 ,600778 ,600785 ,600811 ,600814 ,
600097 ,600108 ,600257 ,600265 ,600354 ,600359 ,600791 ,600467 ,600506 ,600540 ,600598 ,600965 ,600975 ,601118 ,600028 ,600121 ,600123 ,600139 ,600157 ,600188 ,600193 ,600259 ,600311 ,600348 ,600395 ,600397 ,600403 ,600489 ,600497 ,600508 ,600532 ,600547 ,600583 ,600652 ,600711 ,600714 ,600766 ,600971 ,600988 ,601001 ,601069 ,601088 ,601101 ,601168 ,601225 ,601666 ,601699 ,601808 ,601857 ,601898 ,601918 ,601958 ,603993 ,600008 ,600011 ,600021 ,600023 ,600027 ,600098 ,600101 ,600116 ,600131 ,600168 ,600187 ,600207 ,600236 ,600283 ,600310 ,600323 ,600396 ,600452 ,600483 ,600505 ,600509 ,600578 ,600617 ,600635 ,600642 ,600644 ,600674 ,600726 ,600758 ,600780 ,600795 ,600863 ,600864 ,600868 ,600874 ,600886 ,600900 ,600917 ,600969 ,600979 ,600982 ,600995 ,601016 ,601139 ,601158 ,601199 ,601991 ,600039 ,600068 ,600133 ,600170 ,600248 ,600284 ,600326 ,600463 ,600477 ,600491 ,600496 ,600502 ,600512 ,600528 ,600545 ,600846 ,600853 ,600986 ,601117 ,601186 ,601390 ,601618 ,601668 ,601669 ,601789 ,601800 ,601886 ,603030 ,603828 ,600004 ,600009 ,600012 ,600017 ,600018 ,600020 ,600026 ,600029 ,600033 ,600035 ,600106 ,600115 ,600119 ,600125 ,600221 ,600242 ,600269 ,600270 ,600279 ,600317 ,600350 ,600368 ,600377 ,600428 ,600548 ,600611 ,600650 ,600662 ,600692 ,600708 ,600717 ,600751 ,600787 ,600794 ,600798 ,600834 ,600897 ,601000 ,601006 ,601008 ,601018 ,601021 ,601107 ,601111 ,601188 ,601333 ,601518 ,601866 ,601872 ,601880 ,601919 ,603128 ,603167 ,600754 ,601007 ,600037 ,600050 ,600406 ,600410 ,600446 ,600476 ,600570 ,600571 ,600588 ,600637 ,600718 ,600728 ,600764 ,600770 ,600797 ,600804 ,600831 ,600845 ,600850 ,601519 ,601929 ,603000 ,603636 ,600000 ,600015 ,600016 ,600030 ,600036 ,600109 ,600369 ,600643 ,600705 ,600816 ,600837 ,600958 ,600999 ,601009 ,601099 ,601166 ,601169 ,601198 ,601288 ,601318 ,601328 ,601336 ,601377 ,601398 ,601555 ,601601 ,601628 ,601688 ,601788 ,601818 ,601901 ,601939 ,601988 ,601998 ,600007 ,600048 ,600052 ,600064 ,600067 ,600077 ,600094 ,600158 ,600159 ,600162 ,600185 ,600208 ,600215 ,600223 ,600225 ,600238 ,600239 ,600240 ,600266 ,600322 ,600325 ,600340 ,600376 ,600383 ,600393 ,600503 ,600510 ,600533 ,600555 ,600565 ,600604 ,600606 ,600621 ,600638 ,600639 ,600641 ,600647 ,600658 ,600663 ,600665 ,600675 ,600683 ,600684 ,600696 ,600716 ,600724 ,600730 ,600732 ,600733 ,600736 ,600743 ,600745 ,600748 ,600767 ,600773 ,600807 ,600823 ,600862 ,601588 ,600057 ,600138 ,600358 ,600415 ,600640 ,603729 ,601226 ,603017 ,603126 ,603698 ,600054 ,600292 ,600593 ,600706 ,600749 ,603099 ,603199 ,603588 ,603869 ,600661 ,600088 ,600373 ,600551 ,600633 ,600757 ,600825 ,600880 ,601098 ,601801 ,601928 ,601999 ,600082 ,600149 ,600200 ,600260 ,600455 ,600603 ,600620 ,600624 ,600783 ,600784 ,600805 ,600895 ,600005 ,600006 ,600010 ,600019 ,600022 ,600031 ,600038 ,600056 ,600059 ,600060 ,600061 ,600062 ,600063 ,600066 ,600069 ,600070 ,600072 ,600073 ,600074 ,600075 ,600076 ,600078 ,600079 ,600080 ,600081 ,600083 ,600084 ,600085 ,600089 ,600090 ,600093 ,600095 ,600096 ,600100 ,600103 ,600104 ,600107 ,600110 ,600111 ,600112 ,600114 ,600117 ,600118 ,600126 ,600127 ,600129 ,600130 ,600132 ,600141 ,600143 ,600146 ,600051 ,600058 ,600113 ,600120 ,600122 ,600128 ,600153 ,600180 ,600203 ,600211 ,600241 ,600247 ,600250 ,600272 ,600278 ,600280 ,600287 ,600306 ,600313 ,600335 ,600361 ,600382 ,600386 ,600387 ,600511 ,600515 ,600546 ,600576 ,600605 ,600626 ,600648 ,600653 ,600655 ,600682 ,600693 ,600694 ,600697 ,600704 ,600712 ,600713 ,600723 ,600729 ,600738 ,600739 ,600755 ,600759 ,600774 ,600778 ,600785 ,600811 ,600814 ,
601899 ,600676 ,600289 ,600275 ,600701 ,600071 ,600091 ,600105 ,600137 ,600677 ,
600820 ,600190 ,600536 ,600173 ,600135 ,600175 ,600327 ,600753 ,
