1 2 2
2 2 2
3 2 2
4 3 3
5 3 3
6 2 2
7 1 1
8 3 3
9 2 2
10 3 3
11 2 2
12 2 2
13 2 2
14 2 2
15 3 3
16 2 2
17 2 2
18 2 2
19 2 2
20 1 1
21 3 3
22 1 1
23 2 2
24 3 3
25 2 2
26 3 3
27 2 2
28 3 3
29 1 1
30 1 1
31 3 3
32 2 2
33 3 3
34 2 2
35 3 3
36 2 2
37 2 2
38 2 2
39 2 2
40 3 3
41 2 2
42 2 2
43 2 2
44 3 3
45 3 3
46 1 1
47 2 2
48 3 3
49 3 3
50 1 1
51 2 2
52 2 2
53 3 3
54 3 3
55 2 2
56 3 3
57 3 3
58 3 3
59 2 2
60 3 3
61 2 2
62 3 3
63 2 2
64 1 1
65 2 2
66 2 2
67 2 2
68 3 3
69 2 2
70 2 2
71 3 3
72 3 3
73 2 2
74 3 3
75 3 3
76 2 2
77 3 3
78 3 3
79 2 2
80 2 2
81 3 3
82 2 2
83 2 2
84 2 2
85 1 1
86 3 3
87 2 2
88 1 1
89 1 1
90 2 2
91 2 2
92 3 3
93 3 3
94 2 2
95 2 2
96 2 2
97 2 2
98 2 2
99 2 2
100 2 2
101 2 2
102 1 1
103 1 1
104 1 1
105 3 3
106 2 2
107 2 2
108 2 2
109 3 3
110 2 2
111 1 1
112 2 2
113 2 2
114 2 2
115 3 3
116 1 1
117 2 2
118 2 2
119 2 2
120 3 3
121 1 1
122 3 3
123 2 2
124 3 3
125 3 3
126 1 1
127 2 2
128 2 2
129 3 3
130 3 3
131 3 3
132 1 1
133 3 3
134 3 3
135 3 3
136 2 2
137 2 2
138 2 2
139 2 2
140 1 1
141 3 3
142 3 3
143 3 3
144 3 3
145 2 2
146 2 2
147 2 2
148 3 3
149 3 3
150 3 3
151 3 3
152 2 2
153 2 2
154 2 2
155 3 3
156 2 2
157 2 2
158 2 2
159 2 2
160 2 2
161 2 2
162 2 2
163 2 2
164 2 2
165 1 1
166 3 3
167 2 2
168 2 2
169 1 1
170 2 2
171 3 3
172 2 2
173 3 3
174 3 3
175 3 3
176 2 2
177 1 1
178 2 2
179 1 1
180 1 1
181 2 2
182 2 2
183 3 3
184 3 3
185 3 3
186 2 2
187 2 2
188 3 3
189 3 3
190 2 2
191 1 1
192 2 2
193 2 2
194 3 3
195 3 3
196 3 3
197 3 3
198 3 3
199 3 3
200 2 2
201 3 3
202 3 3
203 1 1
204 2 2
205 2 2
206 1 1
207 3 3
208 1 1
209 3 3
210 3 3
211 1 1
212 2 2
213 2 2
214 1 1
215 3 3
216 1 1
217 2 2
218 2 2
219 2 2
220 3 3
221 1 1
222 2 2
223 2 2
224 2 2
225 3 3
226 2 2
227 3 3
228 1 1
229 1 1
230 2 2
231 2 2
232 2 2
233 3 3
234 2 2
235 2 2
236 2 2
237 2 2
238 2 2
239 2 2
240 2 2
241 3 3
242 3 3
243 2 2
244 1 1
245 2 2
246 2 2
247 3 3
248 2 2
249 2 2
250 1 1
251 3 3
252 1 1
253 3 3
254 3 3
255 2 2
256 1 1
257 2 2
258 2 2
259 2 2
260 2 2
261 1 1
262 2 2
263 2 2
264 3 3
265 2 2
266 3 3
267 3 3
268 2 2
269 2 2
270 3 3
271 3 3
272 3 3
273 2 2
274 2 2
275 2 2
276 3 3
277 2 2
278 3 3
279 2 2
280 1 1
281 3 3
282 2 2
283 3 3
284 1 1
285 2 2
286 3 3
287 2 2
288 3 3
289 2 2
290 3 3
291 2 2
292 2 2
293 3 3
294 2 2
295 2 2
296 2 2
297 3 3
298 2 2
299 2 2
300 2 2
301 2 2
302 2 2
303 1 1
304 2 2
305 2 2
306 2 2
307 2 2
308 2 2
309 2 2
310 2 2
311 2 2
312 2 2
313 2 2
314 1 1
315 3 3
316 2 2
317 2 2
318 2 2
319 3 3
320 2 2
321 1 1
322 3 3
323 1 1
324 2 2
325 2 2
326 2 2
327 2 2
328 3 3
329 2 2
330 3 3
331 3 3
332 3 3
333 3 3
334 3 3
335 2 2
336 3 3
337 3 3
338 2 2
339 3 3
340 2 2
341 3 3
342 3 3
343 2 2
344 2 2
345 3 3
346 2 2
347 1 1
348 3 3
349 3 3
