 11.08   0.00
 10.35   0.00
  9.94   0.00
  2.01   0.00
  8.95   0.00
  6.84   0.00
  1.79   0.00
  5.37   0.00
  1.82   0.00
  1.00   0.05
  8.20   0.00
  5.95   0.00
  5.97   0.00
  4.55   0.01
  4.43   0.00
  9.14   0.00
 11.01   0.00
  4.25   0.00
  1.36   0.00
  0.69   0.00
  9.48   0.00
  4.90   0.00
  5.21   0.00
  5.17   0.00
  8.94   0.00
  6.11   0.00
  6.54   0.00
  5.24   0.00
  2.34   0.00
  0.96   0.02
  4.16   0.00
  8.49   0.00
  0.87   0.00
  1.25   0.00
  1.60   0.00
  4.01   0.00
  5.38   0.00
  4.69   0.00
  4.31   0.00
  4.83   0.00
  3.05   0.00
  7.68   0.00
  6.39   0.00
  0.00   0.07
  1.08   0.00
  2.50   0.00
  4.84   0.00
  2.36   0.00
 10.61   0.00
  1.90   0.00
  7.58   0.00
 10.78   0.00
  4.11   0.00
  7.52   0.00
  2.08   0.00
  8.95   0.00
  0.00   0.02
  4.56   0.00
  3.15   0.00
  5.73   0.00
  8.53   0.00
  2.84   0.00
  5.89   0.00
  1.07   0.00
  9.55   0.00
 10.11   0.01
  7.86   0.00
  3.04   0.00
  1.55   0.00
  8.70   0.00
  5.68   0.00
  0.00   0.05
  8.19   0.00
  4.04   0.00
  1.08   0.00
 10.99   0.00
  0.00   0.01
  3.96   0.00
  5.18   0.00
  5.70   0.00
  4.92   0.00
  8.53   0.00
  7.74   0.00
  2.32   0.00
  1.64   0.00
  7.95   0.00
  7.49   0.00
  2.13   0.00
  3.63   0.00
  7.98   0.00
  9.51   0.00
  7.35   0.00
  4.02   0.00
 10.76   0.00
  8.23   0.00
  2.38   0.00
 11.52   0.00
  5.88   0.00
  6.28   0.00
  6.92   0.00
 11.71   0.00
  1.91   0.01
  0.26   0.00
  0.12   0.00
  0.00   0.00
  8.60   0.00
 11.27   0.00
  5.88   0.00
  7.96   0.00
  6.37   0.00
  2.55   0.00
  5.94   0.00
  8.34   0.00
  6.45   0.00
  2.14   0.00
  2.65   0.00
 11.67   0.00
  6.63   0.00
  2.22   0.00
  3.84   0.00
  5.28   0.78
  3.85   0.00
  8.99   0.00
  9.42   0.00
  4.59   0.00
  1.01   0.00
  5.70   0.00
  4.35   0.00
  2.97   0.00
  4.03   0.00
  3.03   0.00
  0.92   0.00
  1.89   0.02
  4.83   0.00
  5.35   0.00
  9.27   0.00
 12.44   0.78
 11.04   0.00
  8.74   0.00
  0.00   0.00
  0.00   0.00
  4.49   0.00
  6.55   0.00
  1.60   0.00
  5.87   0.00
  4.05   0.00
  8.99   0.00
  5.74   0.00
  8.99   0.00
  6.86   0.00
  6.15   0.00
  8.16   0.00
  1.85   0.00
  7.32   0.00
  1.32   0.00
  8.64   0.00
  0.76   0.00
  4.35   0.07
  4.55   0.00
  8.55   0.00
  4.34   0.00
 10.81   0.00
  8.57   0.00
  3.26   0.00
  0.00   0.01
  1.49   0.00
  1.17   0.00
 11.70   0.00
  2.76   0.00
  7.97   0.00
 10.84   0.00
  2.09   0.01
  8.51   0.00
  6.05   0.00
  1.59   0.00
  8.07   0.00
  4.67   0.00
  8.54   0.00
  1.79   0.00
  2.21   0.01
  6.33   0.00
  7.93   0.00
  3.92   0.00
  3.94   0.00
  5.13   0.00
  2.99   0.00
  6.69   0.00
  5.64   0.02
  1.57   0.00
 11.29   0.00
  2.84   0.00
  1.58   0.00
  8.01   0.00
  3.08   0.00
  5.13   0.00
  4.75   0.00
  1.00   0.00
  4.81   0.00
  0.88   0.00
  1.11   0.00
  9.00   0.00
  5.26   0.00
  1.82   0.00
  4.12   0.00
  9.52   0.00
  2.10   0.00
  7.55   0.00
  0.00   0.00
  1.00   0.41
  2.75   0.00
  2.75   0.00
  7.03   0.00
  8.19   0.00
  1.33   0.00
  7.30   0.00
  2.91   0.02
  8.91   0.00
  8.33   0.00
  1.63   0.00
  9.29   0.00
  5.03   0.00
  4.67   0.00
  8.23   0.00
  0.93   0.00
  0.84   0.00
  7.39   0.00
  5.92   0.00
  2.59   0.00
  2.84   0.00
  6.16   0.00
  6.89   0.00
  9.17   0.00
  6.72   0.00
  3.71   0.00
 11.70   0.00
  2.80   0.00
 10.10   0.00
  9.65   0.00
  7.98   0.00
  1.50   0.00
  0.00   0.02
  3.31   0.00
  4.24   0.00
  0.00   0.00
  1.97   0.00
  4.55   0.00
  6.95   0.00
  3.46   0.00
  9.09   0.00
  2.43   0.00
  5.57   0.00
  1.89   0.00
  6.05   0.00
  1.68   0.00
  8.48   0.00
  1.70   0.00
  6.27   0.00
  8.43   0.00
  9.24   0.00
  6.38   0.00
  0.05   0.00
  8.56   0.01
  4.38   0.00
  9.03   0.04
  8.54   0.00
  5.91   0.00
  2.95   0.00
  9.07   0.00
  5.94   0.00
  2.82   0.00
  6.56   0.00
  8.44   0.00
  8.89   0.00
  6.72   0.00
  6.63   0.00
  3.93   0.00
 10.03   0.00
  5.43   0.00
  4.03   0.00
  1.43   0.00
  0.00   0.00
  1.96   0.00
  7.40   0.05
  2.64   0.00
  8.58   0.00
  3.24   0.00
  7.58   0.00
  9.06   0.00
  4.88   0.00
  4.60   0.00
  4.82   0.00
  7.68   0.00
  8.91   0.00
  2.89   0.00
  9.09   0.00
  2.44   0.00
  1.00   0.00
  6.94   0.00
 11.06   0.00
 10.06   0.00
  3.17   0.00
 10.87   0.00
  2.76   0.00
  9.55   0.00
 11.17   0.00
  8.52   0.00
  1.01   0.00
  8.28   0.00
  1.06   0.00
  1.60   0.00
  6.08   0.00
  8.07   0.00
 10.01   0.00
  4.19   0.00
  2.73   0.00
  5.30   0.00
  8.47   0.00
  2.62   0.00
  9.01   0.00
  7.03   0.00
  0.90   0.00
  8.98   0.00
  2.88   0.00
  8.12   0.00
  1.94   0.00
  1.65   0.00
  2.94   0.00
 11.08   0.42
  4.27   0.00
  6.00   0.00
  6.60   0.00
  3.06   0.00
  3.81   0.00
  7.75   0.00
  9.19   0.00
  4.26   0.00
 10.85   0.00
  6.61   0.00
  2.51   0.00
  8.30   0.00
  5.38   0.00
  5.56   0.00
  7.55   0.00
  3.89   0.00
  6.67   0.00
  8.54   0.00
  0.96   0.00
  9.02   0.00
  1.45   0.00
