600020 ,600059 ,600169 ,600183 ,600284 ,600350 ,600527 ,600562 ,600596 ,600600 ,600666 ,600667 ,600818 ,600990 ,
600007 ,600058 ,600073 ,600079 ,600088 ,600132 ,600138 ,600143 ,600168 ,600172 ,600173 ,600195 ,600201 ,600267 ,600273 ,600290 ,600298 ,600305 ,600312 ,600335 ,600348 ,600351 ,600363 ,600366 ,600387 ,600397 ,600399 ,600420 ,600439 ,600458 ,600481 ,600486 ,600491 ,600509 ,600525 ,600563 ,600572 ,600578 ,600584 ,600611 ,600640 ,600655 ,600657 ,600668 ,600699 ,600708 ,600716 ,600730 ,600743 ,600765 ,600787 ,600828 ,600845 ,600859 ,600872 ,600881 ,600885 ,600897 ,600917 ,600963 ,600967 ,600970 ,600995 ,601000 ,601002 ,601012 ,601021 ,601038 ,601098 ,601101 ,
600161 ,600190 ,600239 ,600257 ,600289 ,600300 ,600337 ,600343 ,600396 ,600521 ,600559 ,600601 ,600755 ,600884 ,
600078 ,600119 ,600166 ,600295 ,600326 ,600422 ,600438 ,600507 ,600511 ,600617 ,600641 ,600650 ,600664 ,600704 ,600729 ,600736 ,600756 ,600826 ,600888 ,600978 ,
600008 ,600026 ,600038 ,600039 ,600056 ,600062 ,600081 ,600101 ,600106 ,600114 ,600116 ,600125 ,600141 ,600160 ,600162 ,600175 ,600176 ,600180 ,600188 ,600197 ,600200 ,600206 ,600210 ,600251 ,600255 ,600261 ,600270 ,600277 ,600278 ,600280 ,600282 ,600285 ,600318 ,600329 ,600386 ,600391 ,600395 ,600398 ,600400 ,600405 ,600416 ,600426 ,600428 ,600436 ,600459 ,600460 ,600468 ,600482 ,600497 ,600498 ,600499 ,600501 ,600502 ,600510 ,600528 ,600532 ,600537 ,600548 ,600549 ,600551 ,600552 ,600566 ,600577 ,600580 ,600594 ,600612 ,600621 ,600626 ,600628 ,600634 ,600648 ,600651 ,600654 ,600661 ,600662 ,600676 ,600682 ,600684 ,600687 ,600694 ,600742 ,600750 ,600754 ,600784 ,600801 ,600805 ,600814 ,600830 ,600831 ,600835 ,600846 ,600864 ,600869 ,600894 ,600965 ,600971 ,601001 ,601010 ,601015 ,601016 ,601058 ,601107 ,601126 ,601158 ,
600004 ,600033 ,600054 ,600112 ,600122 ,600123 ,600135 ,600171 ,600236 ,600323 ,600377 ,600380 ,600381 ,600449 ,600487 ,600496 ,600517 ,600526 ,600545 ,600557 ,600567 ,600571 ,600582 ,600623 ,600624 ,600642 ,600711 ,600720 ,600776 ,600780 ,600794 ,600802 ,600811 ,600825 ,600863 ,600874 ,600973 ,600997 ,601139 ,
600017 ,600063 ,600098 ,600120 ,600216 ,600269 ,600292 ,600307 ,600321 ,600327 ,600388 ,600409 ,600410 ,600425 ,600446 ,600479 ,600480 ,600483 ,600495 ,600500 ,600522 ,600536 ,600546 ,600565 ,600586 ,600587 ,600614 ,600635 ,600636 ,600673 ,600697 ,600761 ,600775 ,600783 ,600790 ,600824 ,600850 ,600858 ,600880 ,600987 ,600988 ,600993 ,
600020 ,600059 ,600161 ,600169 ,600183 ,600190 ,600239 ,600257 ,600284 ,600289 ,600300 ,600337 ,600343 ,600350 ,600396 ,600521 ,600527 ,600559 ,600562 ,600596 ,600600 ,600601 ,600666 ,600667 ,600755 ,600818 ,600884 ,600990 ,
600007 ,600058 ,600073 ,600079 ,600088 ,600132 ,600138 ,600143 ,600168 ,600172 ,600173 ,600195 ,600201 ,600267 ,600273 ,600290 ,600298 ,600305 ,600312 ,600335 ,600348 ,600351 ,600363 ,600366 ,600387 ,600397 ,600399 ,600420 ,600439 ,600458 ,600481 ,600486 ,600491 ,600509 ,600525 ,600563 ,600572 ,600578 ,600584 ,600611 ,600640 ,600655 ,600657 ,600668 ,600699 ,600708 ,600716 ,600730 ,600743 ,600765 ,600787 ,600828 ,600845 ,600859 ,600872 ,600881 ,600885 ,600897 ,600917 ,600963 ,600967 ,600970 ,600995 ,601000 ,601002 ,601012 ,601021 ,601038 ,601098 ,601101 ,
600078 ,600119 ,600166 ,600295 ,600326 ,600422 ,600438 ,600507 ,600511 ,600617 ,600641 ,600650 ,600664 ,600704 ,600729 ,600736 ,600756 ,600826 ,600888 ,600978 ,
600008 ,600026 ,600038 ,600039 ,600056 ,600062 ,600081 ,600101 ,600106 ,600114 ,600116 ,600125 ,600141 ,600160 ,600162 ,600175 ,600176 ,600180 ,600188 ,600197 ,600200 ,600206 ,600210 ,600251 ,600255 ,600261 ,600270 ,600277 ,600278 ,600280 ,600282 ,600285 ,600318 ,600329 ,600386 ,600391 ,600395 ,600398 ,600400 ,600405 ,600416 ,600426 ,600428 ,600436 ,600459 ,600460 ,600468 ,600482 ,600497 ,600498 ,600499 ,600501 ,600502 ,600510 ,600528 ,600532 ,600537 ,600548 ,600549 ,600551 ,600552 ,600566 ,600577 ,600580 ,600594 ,600612 ,600621 ,600626 ,600628 ,600634 ,600648 ,600651 ,600654 ,600661 ,600662 ,600676 ,600682 ,600684 ,600687 ,600694 ,600742 ,600750 ,600754 ,600784 ,600801 ,600805 ,600814 ,600830 ,600831 ,600835 ,600846 ,600864 ,600869 ,600894 ,600965 ,600971 ,601001 ,601010 ,601015 ,601016 ,601058 ,601107 ,601126 ,601158 ,
600004 ,600033 ,600054 ,600112 ,600122 ,600123 ,600135 ,600171 ,600236 ,600323 ,600377 ,600380 ,600381 ,600449 ,600487 ,600496 ,600517 ,600526 ,600545 ,600557 ,600567 ,600571 ,600582 ,600623 ,600624 ,600642 ,600711 ,600720 ,600776 ,600780 ,600794 ,600802 ,600811 ,600825 ,600863 ,600874 ,600973 ,600997 ,601139 ,
600017 ,600063 ,600098 ,600120 ,600216 ,600269 ,600292 ,600307 ,600321 ,600327 ,600388 ,600409 ,600410 ,600425 ,600446 ,600479 ,600480 ,600483 ,600495 ,600500 ,600522 ,600536 ,600546 ,600565 ,600586 ,600587 ,600614 ,600635 ,600636 ,600673 ,600697 ,600761 ,600775 ,600783 ,600790 ,600824 ,600850 ,600858 ,600880 ,600987 ,600988 ,600993 ,
600020 ,600059 ,600161 ,600169 ,600183 ,600190 ,600239 ,600257 ,600284 ,600289 ,600300 ,600337 ,600343 ,600350 ,600396 ,600521 ,600527 ,600559 ,600562 ,600596 ,600600 ,600601 ,600666 ,600667 ,600755 ,600818 ,600884 ,600990 ,
600007 ,600058 ,600073 ,600079 ,600088 ,600132 ,600138 ,600143 ,600168 ,600172 ,600173 ,600195 ,600201 ,600267 ,600273 ,600290 ,600298 ,600305 ,600312 ,600335 ,600348 ,600351 ,600363 ,600366 ,600387 ,600397 ,600399 ,600420 ,600439 ,600458 ,600481 ,600486 ,600491 ,600509 ,600525 ,600563 ,600572 ,600578 ,600584 ,600611 ,600640 ,600655 ,600657 ,600668 ,600699 ,600708 ,600716 ,600730 ,600743 ,600765 ,600787 ,600828 ,600845 ,600859 ,600872 ,600881 ,600885 ,600897 ,600917 ,600963 ,600967 ,600970 ,600995 ,601000 ,601002 ,601012 ,601021 ,601038 ,601098 ,601101 ,
600078 ,600119 ,600166 ,600295 ,600326 ,600422 ,600438 ,600507 ,600511 ,600617 ,600641 ,600650 ,600664 ,600704 ,600729 ,600736 ,600756 ,600826 ,600888 ,600978 ,
600008 ,600026 ,600038 ,600039 ,600056 ,600062 ,600081 ,600101 ,600106 ,600114 ,600116 ,600125 ,600141 ,600160 ,600162 ,600175 ,600176 ,600180 ,600188 ,600197 ,600200 ,600206 ,600210 ,600251 ,600255 ,600261 ,600270 ,600277 ,600278 ,600280 ,600282 ,600285 ,600318 ,600329 ,600386 ,600391 ,600395 ,600398 ,600400 ,600405 ,600416 ,600426 ,600428 ,600436 ,600459 ,600460 ,600468 ,600482 ,600497 ,600498 ,600499 ,600501 ,600502 ,600510 ,600528 ,600532 ,600537 ,600548 ,600549 ,600551 ,600552 ,600566 ,600577 ,600580 ,600594 ,600612 ,600621 ,600626 ,600628 ,600634 ,600648 ,600651 ,600654 ,600661 ,600662 ,600676 ,600682 ,600684 ,600687 ,600694 ,600742 ,600750 ,600754 ,600784 ,600801 ,600805 ,600814 ,600830 ,600831 ,600835 ,600846 ,600864 ,600869 ,600894 ,600965 ,600971 ,601001 ,601010 ,601015 ,601016 ,601058 ,601107 ,601126 ,601158 ,
600004 ,600033 ,600054 ,600112 ,600122 ,600123 ,600135 ,600171 ,600236 ,600323 ,600377 ,600380 ,600381 ,600449 ,600487 ,600496 ,600517 ,600526 ,600545 ,600557 ,600567 ,600571 ,600582 ,600623 ,600624 ,600642 ,600711 ,600720 ,600776 ,600780 ,600794 ,600802 ,600811 ,600825 ,600863 ,600874 ,600973 ,600997 ,601139 ,
600017 ,600063 ,600098 ,600120 ,600216 ,600269 ,600292 ,600307 ,600321 ,600327 ,600388 ,600409 ,600410 ,600425 ,600446 ,600479 ,600480 ,600483 ,600495 ,600500 ,600522 ,600536 ,600546 ,600565 ,600586 ,600587 ,600614 ,600635 ,600636 ,600673 ,600697 ,600761 ,600775 ,600783 ,600790 ,600824 ,600850 ,600858 ,600880 ,600987 ,600988 ,600993 ,
600020 ,600059 ,600161 ,600169 ,600183 ,600190 ,600239 ,600257 ,600284 ,600289 ,600300 ,600337 ,600343 ,600350 ,600396 ,600521 ,600527 ,600559 ,600562 ,600596 ,600600 ,600601 ,600666 ,600667 ,600755 ,600818 ,600884 ,600990 ,
600007 ,600058 ,600073 ,600079 ,600088 ,600132 ,600138 ,600143 ,600168 ,600172 ,600173 ,600195 ,600201 ,600267 ,600273 ,600290 ,600298 ,600305 ,600312 ,600335 ,600348 ,600351 ,600363 ,600366 ,600387 ,600397 ,600399 ,600420 ,600439 ,600458 ,600481 ,600486 ,600491 ,600509 ,600525 ,600563 ,600572 ,600578 ,600584 ,600611 ,600640 ,600655 ,600657 ,600668 ,600699 ,600708 ,600716 ,600730 ,600743 ,600765 ,600787 ,600828 ,600845 ,600859 ,600872 ,600881 ,600885 ,600897 ,600917 ,600963 ,600967 ,600970 ,600995 ,601000 ,601002 ,601012 ,601021 ,601038 ,601098 ,601101 ,
600078 ,600119 ,600166 ,600295 ,600326 ,600422 ,600438 ,600507 ,600511 ,600617 ,600641 ,600650 ,600664 ,600704 ,600729 ,600736 ,600756 ,600826 ,600888 ,600978 ,
600008 ,600026 ,600038 ,600039 ,600056 ,600062 ,600081 ,600101 ,600106 ,600114 ,600116 ,600125 ,600141 ,600160 ,600162 ,600175 ,600176 ,600180 ,600188 ,600197 ,600200 ,600206 ,600210 ,600251 ,600255 ,600261 ,600270 ,600277 ,600278 ,600280 ,600282 ,600285 ,600318 ,600329 ,600386 ,600391 ,600395 ,600398 ,600400 ,600405 ,600416 ,600426 ,600428 ,600436 ,600459 ,600460 ,600468 ,600482 ,600497 ,600498 ,600499 ,600501 ,600502 ,600510 ,600528 ,600532 ,600537 ,600548 ,600549 ,600551 ,600552 ,600566 ,600577 ,600580 ,600594 ,600612 ,600621 ,600626 ,600628 ,600634 ,600648 ,600651 ,600654 ,600661 ,600662 ,600676 ,600682 ,600684 ,600687 ,600694 ,600742 ,600750 ,600754 ,600784 ,600801 ,600805 ,600814 ,600830 ,600831 ,600835 ,600846 ,600864 ,600869 ,600894 ,600965 ,600971 ,601001 ,601010 ,601015 ,601016 ,601058 ,601107 ,601126 ,601158 ,
600004 ,600033 ,600054 ,600112 ,600122 ,600123 ,600135 ,600171 ,600236 ,600323 ,600377 ,600380 ,600381 ,600449 ,600487 ,600496 ,600517 ,600526 ,600545 ,600557 ,600567 ,600571 ,600582 ,600623 ,600624 ,600642 ,600711 ,600720 ,600776 ,600780 ,600794 ,600802 ,600811 ,600825 ,600863 ,600874 ,600973 ,600997 ,601139 ,
600017 ,600063 ,600098 ,600120 ,600216 ,600269 ,600292 ,600307 ,600321 ,600327 ,600388 ,600409 ,600410 ,600425 ,600446 ,600479 ,600480 ,600483 ,600495 ,600500 ,600522 ,600536 ,600546 ,600565 ,600586 ,600587 ,600614 ,600635 ,600636 ,600673 ,600697 ,600761 ,600775 ,600783 ,600790 ,600824 ,600850 ,600858 ,600880 ,600987 ,600988 ,600993 ,
600020 ,600059 ,600161 ,600169 ,600183 ,600190 ,600239 ,600257 ,600284 ,600289 ,600300 ,600337 ,600343 ,600350 ,600396 ,600521 ,600527 ,600559 ,600562 ,600596 ,600600 ,600601 ,600666 ,600667 ,600755 ,600818 ,600884 ,600990 ,
600007 ,600058 ,600073 ,600079 ,600088 ,600132 ,600138 ,600143 ,600168 ,600172 ,600173 ,600195 ,600201 ,600267 ,600273 ,600290 ,600298 ,600305 ,600312 ,600335 ,600348 ,600351 ,600363 ,600366 ,600387 ,600397 ,600399 ,600420 ,600439 ,600458 ,600481 ,600486 ,600491 ,600509 ,600525 ,600563 ,600572 ,600578 ,600584 ,600611 ,600640 ,600655 ,600657 ,600668 ,600699 ,600708 ,600716 ,600730 ,600743 ,600765 ,600787 ,600828 ,600845 ,600859 ,600872 ,600881 ,600885 ,600897 ,600917 ,600963 ,600967 ,600970 ,600995 ,601000 ,601002 ,601012 ,601021 ,601038 ,601098 ,601101 ,
600078 ,600119 ,600166 ,600295 ,600326 ,600422 ,600438 ,600507 ,600511 ,600617 ,600641 ,600650 ,600664 ,600704 ,600729 ,600736 ,600756 ,600826 ,600888 ,600978 ,
600008 ,600026 ,600038 ,600039 ,600056 ,600062 ,600081 ,600101 ,600106 ,600114 ,600116 ,600125 ,600141 ,600160 ,600162 ,600175 ,600176 ,600180 ,600188 ,600197 ,600200 ,600206 ,600210 ,600251 ,600255 ,600261 ,600270 ,600277 ,600278 ,600280 ,600282 ,600285 ,600318 ,600329 ,600386 ,600391 ,600395 ,600398 ,600400 ,600405 ,600416 ,600426 ,600428 ,600436 ,600459 ,600460 ,600468 ,600482 ,600497 ,600498 ,600499 ,600501 ,600502 ,600510 ,600528 ,600532 ,600537 ,600548 ,600549 ,600551 ,600552 ,600566 ,600577 ,600580 ,600594 ,600612 ,600621 ,600626 ,600628 ,600634 ,600648 ,600651 ,600654 ,600661 ,600662 ,600676 ,600682 ,600684 ,600687 ,600694 ,600742 ,600750 ,600754 ,600784 ,600801 ,600805 ,600814 ,600830 ,600831 ,600835 ,600846 ,600864 ,600869 ,600894 ,600965 ,600971 ,601001 ,601010 ,601015 ,601016 ,601058 ,601107 ,601126 ,601158 ,
600004 ,600033 ,600054 ,600112 ,600122 ,600123 ,600135 ,600171 ,600236 ,600323 ,600377 ,600380 ,600381 ,600449 ,600487 ,600496 ,600517 ,600526 ,600545 ,600557 ,600567 ,600571 ,600582 ,600623 ,600624 ,600642 ,600711 ,600720 ,600776 ,600780 ,600794 ,600802 ,600811 ,600825 ,600863 ,600874 ,600973 ,600997 ,601139 ,
600017 ,600063 ,600098 ,600120 ,600216 ,600269 ,600292 ,600307 ,600321 ,600327 ,600388 ,600409 ,600410 ,600425 ,600446 ,600479 ,600480 ,600483 ,600495 ,600500 ,600522 ,600536 ,600546 ,600565 ,600586 ,600587 ,600614 ,600635 ,600636 ,600673 ,600697 ,600761 ,600775 ,600783 ,600790 ,600824 ,600850 ,600858 ,600880 ,600987 ,600988 ,600993 ,
600008 ,600017 ,600033 ,600039 ,600062 ,600063 ,600106 ,600123 ,600160 ,600162 ,600166 ,600168 ,600173 ,600183 ,600261 ,600292 ,600321 ,600329 ,600348 ,600391 ,600395 ,600396 ,600420 ,600425 ,600459 ,600491 ,600521 ,600527 ,600537 ,600563 ,600577 ,600586 ,600601 ,600624 ,600667 ,600687 ,600694 ,600704 ,600708 ,600765 ,600776 ,600801 ,600828 ,600831 ,600835 ,600846 ,600858 ,600864 ,600880 ,600897 ,600988 ,601001 ,601058 ,601098 ,601101 ,601158 ,601168 ,601208 ,601313 ,601339 ,601515 ,601880 ,
600122 ,600567 ,600626 ,
600008 ,600017 ,600033 ,600039 ,600062 ,600063 ,600106 ,600123 ,600160 ,600162 ,600166 ,600168 ,600173 ,600183 ,600261 ,600292 ,600321 ,600329 ,600348 ,600391 ,600395 ,600396 ,600420 ,600425 ,600459 ,600491 ,600521 ,600527 ,600537 ,600563 ,600577 ,600586 ,600601 ,600624 ,600667 ,600687 ,600694 ,600704 ,600708 ,600765 ,600776 ,600801 ,600828 ,600831 ,600835 ,600846 ,600858 ,600864 ,600880 ,600897 ,600988 ,601001 ,601058 ,601098 ,601101 ,601158 ,601168 ,601208 ,601313 ,601339 ,601515 ,601880 ,
600122 ,600567 ,600626 ,
600351 ,600422 ,600611 ,600743 ,600894 ,

600020 ,600079 ,600088 ,600119 ,600120 ,600172 ,600180 ,600255 ,600312 ,600323 ,600326 ,600381 ,600386 ,600387 ,600399 ,600416 ,600428 ,600449 ,600480 ,600496 ,600551 ,600562 ,600578 ,600582 ,600584 ,600621 ,600650 ,600655 ,600661 ,600666 ,600673 ,600682 ,600699 ,600730 ,600736 ,600790 ,600814 ,600824 ,600830 ,600850 ,600970 ,600987 ,601126 ,601238 ,601567 ,601666 ,603077 ,
600004 ,600007 ,600008 ,600017 ,600033 ,600039 ,600054 ,600056 ,600058 ,600062 ,600063 ,600073 ,600078 ,600098 ,600106 ,600114 ,600123 ,600132 ,600138 ,600141 ,600143 ,600160 ,600162 ,600166 ,600168 ,600173 ,600183 ,600188 ,600197 ,600210 ,600236 ,600251 ,600257 ,600261 ,600267 ,600270 ,600273 ,600280 ,600285 ,600292 ,600295 ,600300 ,600305 ,600307 ,600321 ,600327 ,600329 ,600343 ,600348 ,600350 ,600351 ,600363 ,600366 ,600377 ,600380 ,600391 ,600395 ,600396 ,600398 ,600400 ,600405 ,600409 ,600420 ,600422 ,600425 ,600438 ,600458 ,600459 ,600486 ,600487 ,600491 ,600495 ,600501 ,600502 ,600507 ,600521 ,600522 ,600525 ,600527 ,600528 ,600532 ,600536 ,600537 ,600545 ,600546 ,600548 ,600549 ,600557 ,600559 ,600563 ,600566 ,600577 ,600580 ,600586 ,600587 ,600601 ,600611 ,600617 ,600623 ,600624 ,600641 ,600651 ,600654 ,600667 ,600668 ,600684 ,600687 ,600694 ,600704 ,600708 ,600711 ,600720 ,600742 ,600743 ,600750 ,600755 ,600756 ,600761 ,600765 ,600775 ,600776 ,600780 ,600787 ,600794 ,600801 ,600805 ,600811 ,600828 ,600831 ,600835 ,600845 ,600846 ,600858 ,600859 ,600864 ,600874 ,600880 ,600888 ,600894 ,600897 ,600963 ,600967 ,600973 ,600988 ,600993 ,600997 ,601001 ,601002 ,601012 ,601015 ,601016 ,601038 ,601058 ,601098 ,601101 ,601107 ,601139 ,601158 ,601168 ,601199 ,601208 ,601218 ,601222 ,601226 ,601231 ,601233 ,601313 ,601339 ,601368 ,601515 ,601678 ,601689 ,601699 ,601700 ,601777 ,601880 ,601908 ,601965 ,603000 ,603005 ,603025 ,
600009 ,600012 ,600026 ,600038 ,600059 ,600081 ,600101 ,600112 ,600116 ,600122 ,600125 ,600135 ,600161 ,600169 ,600171 ,600175 ,600176 ,600190 ,600195 ,600200 ,600201 ,600206 ,600216 ,600239 ,600269 ,600277 ,600278 ,600282 ,600284 ,600289 ,600290 ,600298 ,600318 ,600335 ,600337 ,600388 ,600397 ,600410 ,600426 ,600436 ,600439 ,600446 ,600460 ,600468 ,600479 ,600481 ,600482 ,600483 ,600497 ,600498 ,600499 ,600500 ,600509 ,600510 ,600511 ,600517 ,600526 ,600552 ,600565 ,600567 ,600571 ,600572 ,600594 ,600596 ,600600 ,600612 ,600614 ,600626 ,600628 ,600634 ,600635 ,600636 ,600640 ,600642 ,600648 ,600657 ,600662 ,600664 ,600676 ,600697 ,600716 ,600729 ,600754 ,600783 ,600784 ,600802 ,600818 ,600825 ,600826 ,600863 ,600869 ,600872 ,600881 ,600884 ,600885 ,600917 ,600965 ,600971 ,600978 ,600990 ,600995 ,601000 ,601010 ,601021 ,601311 ,601369 ,601636 ,601717 ,601789 ,601798 ,601799 ,601801 ,601877 ,601886 ,601888 ,601958 ,601968 ,601969 ,603019 ,603116 ,603118 ,
