2004/05/25	3.57	3.66	3.57	3.64	34823900	276942688.00
2004/05/26	3.60	3.64	3.55	3.59	12131900	95439224.00
2004/05/27	3.57	3.67	3.52	3.64	12953400	102822104.00
2004/05/28	3.63	3.66	3.58	3.61	7411100	59021688.00
2004/05/31	3.60	3.64	3.58	3.62	5010300	39643448.00
2004/06/01	3.62	3.76	3.60	3.71	15562100	127675744.00
2004/06/02	3.70	3.74	3.66	3.67	12779800	105364064.00
2004/06/03	3.67	3.79	3.65	3.73	11992500	100062632.00
2004/06/04	3.72	3.75	3.69	3.71	5855100	48798960.00
2004/06/07	3.73	3.74	3.66	3.71	4796500	39578408.00
2004/06/08	3.73	3.73	3.62	3.63	4921400	39979752.00
2004/06/09	3.62	3.64	3.54	3.55	4258600	33442888.00
2004/06/10	3.54	3.57	3.46	3.47	4610700	34605192.00
2004/06/11	3.47	3.57	3.47	3.50	3865800	29309804.00
2004/06/14	3.48	3.50	3.39	3.42	3537800	25523876.00
2004/06/15	3.41	3.47	3.37	3.45	3108400	22359792.00
2004/06/16	3.45	3.46	3.42	3.43	2010400	14630313.00
2004/06/17	3.43	3.46	3.38	3.39	2090800	15014517.00
2004/06/18	3.38	3.41	3.37	3.40	2176900	15405830.00
2004/06/21	3.40	3.46	3.39	3.46	2347600	17011942.00
2004/06/22	3.46	3.50	3.43	3.46	3356800	24786944.00
2004/06/23	3.45	3.46	3.41	3.42	1501700	10848579.00
2004/06/24	3.42	3.46	3.41	3.42	1595000	11542781.00
2004/06/25	3.42	3.42	3.31	3.32	3129600	21880300.00
2004/06/28	3.32	3.33	3.28	3.29	2049300	13817774.00
2004/06/29	3.29	3.36	3.28	3.35	1493300	10151151.00
2004/06/30	3.35	3.35	3.29	3.30	1008000	6858318.00
2004/07/01	3.30	3.37	3.29	3.36	2502400	17336852.00
2004/07/02	3.34	3.36	3.32	3.34	1356700	9357839.00
2004/07/05	3.36	3.38	3.33	3.36	717300	4975588.00
2004/07/06	3.35	3.38	3.34	3.34	1335600	9304748.00
2004/07/07	3.34	3.35	3.31	3.32	922600	6317093.00
2004/07/08	3.31	3.33	3.31	3.33	741093	5053838.00
2004/07/09	3.33	3.34	3.31	3.31	609859	4163263.00
2004/07/12	3.30	3.31	3.25	3.25	1299665	8630242.00
2004/07/13	3.25	3.28	3.24	3.27	613441	4043297.00
2004/07/14	3.27	3.28	3.20	3.23	1507823	9759174.00
2004/07/15	3.23	3.25	3.20	3.22	1195578	7702421.00
2004/07/16	3.23	3.30	3.22	3.29	2587414	17211388.00
2004/07/19	3.30	3.35	3.30	3.32	2583822	17698148.00
2004/07/20	3.32	3.32	3.28	3.30	1024104	6895919.00
2004/07/21	3.29	3.31	3.28	3.29	709289	4764980.00
2004/07/22	3.30	3.30	3.22	3.23	869050	5754073.00
2004/07/23	3.23	3.27	3.21	3.26	980981	6365897.00
2004/07/26	3.24	3.25	3.21	3.23	617665	3997660.00
2004/07/27	3.18	3.22	3.09	3.10	2943341	17974472.00
2004/07/28	3.10	3.12	3.08	3.12	1511575	9051348.00
2004/07/29	3.12	3.15	3.11	3.14	1289060	7853362.00
2004/07/30	3.14	3.15	3.09	3.10	1072433	6470072.00
2004/08/02	3.09	3.11	3.06	3.09	680209	4037081.00
2004/08/03	3.09	3.12	3.09	3.11	725455	4362888.00
2004/08/04	3.12	3.18	3.11	3.16	1876088	11622952.00
2004/08/05	3.16	3.16	3.12	3.13	885880	5445037.00
2004/08/06	3.13	3.15	3.11	3.12	685000	4178217.00
2004/08/09	3.12	3.13	3.10	3.11	482390	2915147.00
2004/08/10	3.11	3.13	3.11	3.12	500135	3030268.00
2004/08/11	3.12	3.12	3.08	3.09	810053	4848812.00
2004/08/12	3.08	3.10	3.05	3.07	948585	5582105.00
2004/08/13	3.06	3.09	3.06	3.08	421649	2491627.00
2004/08/16	3.05	3.09	3.05	3.06	610241	3570358.00
2004/08/17	3.06	3.12	3.06	3.09	643378	3822784.00
2004/08/18	3.08	3.11	3.08	3.08	448382	2686937.00
2004/08/19	3.08	3.08	3.06	3.07	483050	2834575.00
2004/08/20	3.07	3.08	3.02	3.06	1003838	5827419.00
2004/08/23	3.06	3.12	3.05	3.10	1484499	8862971.00
2004/08/24	3.10	3.15	3.09	3.13	1723063	10506844.00
2004/08/25	3.12	3.13	3.10	3.12	706422	4265942.00
2004/08/26	3.12	3.12	3.08	3.09	611099	3668245.00
2004/08/27	3.08	3.10	3.06	3.07	497159	2944407.00
2004/08/30	3.07	3.09	3.03	3.08	474273	2771609.00
2004/08/31	3.13	3.16	3.11	3.12	1714410	10464249.00
2004/09/01	3.12	3.12	3.09	3.09	572650	3426901.00
2004/09/02	3.08	3.14	3.08	3.12	576812	3469956.00
2004/09/03	3.12	3.14	3.11	3.12	580700	3534761.00
2004/09/06	3.11	3.14	3.11	3.13	377600	2298119.00
2004/09/07	3.14	3.14	3.12	3.13	442878	2696432.00
2004/09/08	3.13	3.13	3.11	3.11	484787	2927941.00
2004/09/09	3.10	3.10	3.05	3.07	612300	3616331.00
2004/09/10	3.07	3.10	3.05	3.10	870581	5126627.00
2004/09/13	3.08	3.09	3.06	3.08	586700	3451211.00
2004/09/14	3.09	3.15	3.09	3.13	2202136	13434064.00
2004/09/15	3.13	3.25	3.12	3.21	4623830	29376762.00
2004/09/16	3.23	3.30	3.20	3.27	6270057	41336328.00
2004/09/17	3.27	3.30	3.25	3.29	3756879	24969070.00
2004/09/20	3.29	3.34	3.29	3.32	5399706	36773472.00
2004/09/21	3.32	3.33	3.28	3.29	2809163	18939048.00
2004/09/22	3.29	3.33	3.27	3.29	2951520	19939952.00
2004/09/23	3.28	3.33	3.27	3.33	1786700	12104641.00
2004/09/24	3.36	3.41	3.28	3.32	5233451	36214592.00
2004/09/27	3.33	3.36	3.28	3.32	3197270	21818502.00
2004/09/28	3.31	3.35	3.29	3.32	898979	6127803.00
2004/09/29	3.32	3.33	3.28	3.31	868269	5854026.00
2004/09/30	3.29	3.31	3.23	3.27	1440215	9514109.00
2004/10/08	3.26	3.30	3.24	3.30	872439	5775804.00
2004/10/11	3.29	3.31	3.26	3.28	2029900	13607847.00
2004/10/12	3.26	3.27	3.22	3.25	1348490	8796842.00
2004/10/13	3.24	3.26	3.21	3.24	798506	5198251.00
2004/10/14	3.25	3.26	3.15	3.17	1285800	8188268.00
2004/10/15	3.16	3.18	3.10	3.13	1918549	11644297.00
2004/10/18	3.14	3.18	3.11	3.18	1478482	9164923.00
2004/10/19	3.20	3.26	3.20	3.20	2942182	18953006.00
2004/10/20	3.18	3.20	3.16	3.18	773251	4856080.00
2004/10/21	3.20	3.21	3.16	3.19	1143713	7158218.00
2004/10/22	3.17	3.20	3.13	3.17	783562	4903777.00
2004/10/25	3.18	3.21	3.15	3.16	807069	5069377.00
2004/10/26	3.18	3.23	3.12	3.23	1243556	7920349.00
2004/10/27	3.23	3.28	3.21	3.28	2266501	14932602.00
2004/10/28	3.29	3.31	3.26	3.27	2484707	16614278.00
2004/10/29	3.23	3.27	3.19	3.26	1976979	12862762.00
2004/11/01	3.24	3.27	3.21	3.23	1037001	6738448.00
2004/11/02	3.23	3.24	3.20	3.21	384044	2466349.00
2004/11/03	3.23	3.27	3.20	3.27	847533	5530088.00
2004/11/04	3.27	3.28	3.23	3.24	702662	4631289.00
2004/11/05	3.24	3.26	3.23	3.26	502712	3292647.00
2004/11/08	3.25	3.26	3.22	3.23	319142	2080042.00
2004/11/09	3.23	3.27	3.23	3.26	347987	2281498.00
2004/11/10	3.26	3.32	3.24	3.31	1987238	13352267.00
2004/11/11	3.31	3.34	3.28	3.31	4520852	30726512.00
2004/11/12	3.31	3.33	3.30	3.33	1790026	12204606.00
2004/11/15	3.34	3.37	3.31	3.37	2808725	19475904.00
2004/11/16	3.37	3.39	3.35	3.37	3772118	26501768.00
2004/11/17	3.37	3.38	3.32	3.33	2127655	14686427.00
2004/11/18	3.33	3.39	3.32	3.38	2126187	14904286.00
2004/11/19	3.39	3.44	3.39	3.41	2538110	18241380.00
2004/11/22	3.43	3.46	3.38	3.38	3239866	23394916.00
2004/11/23	3.39	3.44	3.39	3.42	3883505	28056796.00
2004/11/24	3.42	3.43	3.39	3.39	1949200	13992907.00
2004/11/25	3.38	3.43	3.38	3.42	2064404	14823482.00
2004/11/26	3.42	3.44	3.40	3.41	781000	5630123.00
2004/11/29	3.41	3.45	3.40	3.41	1771010	12803777.00
2004/11/30	3.40	3.41	3.36	3.38	994242	7024125.00
2004/12/01	3.37	3.39	3.37	3.38	545367	3839047.00
2004/12/02	3.37	3.39	3.36	3.39	533425	3749583.00
2004/12/03	3.38	3.42	3.37	3.41	911414	6505442.00
2004/12/06	3.40	3.43	3.40	3.43	866582	6252818.00
2004/12/07	3.43	3.43	3.38	3.40	832605	5955485.00
2004/12/08	3.41	3.44	3.40	3.42	407449	2933171.00
2004/12/09	3.41	3.45	3.39	3.43	927149	6719909.00
2004/12/10	3.42	3.45	3.40	3.43	1288277	9323689.00
2004/12/13	3.41	3.44	3.37	3.40	943738	6713711.00
2004/12/14	3.38	3.41	3.37	3.40	431467	3050332.00
2004/12/15	3.40	3.40	3.34	3.38	825914	5770099.00
2004/12/16	3.37	3.37	3.33	3.36	752400	5241320.00
2004/12/17	3.33	3.36	3.26	3.30	817013	5572549.00
2004/12/20	3.27	3.31	3.27	3.31	533281	3597302.00
2004/12/21	3.30	3.37	3.29	3.31	236563	1617888.00
2004/12/22	3.32	3.36	3.29	3.36	503451	3463725.00
2004/12/23	3.37	3.37	3.31	3.35	393391	2709638.00
2004/12/24	3.33	3.36	3.32	3.35	251670	1737509.00
2004/12/27	3.34	3.37	3.34	3.35	362108	2514696.00
2004/12/28	3.34	3.36	3.32	3.35	617327	4273044.00
2004/12/30	3.35	3.38	3.33	3.37	1211504	8460766.00
2004/12/31	3.37	3.41	3.36	3.40	1146571	8097661.00
2005/01/04	3.37	3.39	3.35	3.37	669418	4687043.00
2005/01/05	3.36	3.43	3.36	3.42	1244429	8942954.00
2005/01/06	3.42	3.43	3.40	3.42	570406	4093843.00
2005/01/07	3.41	3.43	3.39	3.40	767170	5493344.00
2005/01/10	3.39	3.43	3.38	3.42	414262	2975850.00
2005/01/11	3.41	3.45	3.41	3.45	1145757	8341856.00
2005/01/12	3.45	3.46	3.43	3.45	505913	3679813.00
2005/01/13	3.45	3.46	3.43	3.45	634900	4622886.00
2005/01/14	3.45	3.45	3.39	3.40	1282415	9199405.00
2005/01/17	3.38	3.43	3.37	3.41	1048050	7451778.00
2005/01/18	3.40	3.41	3.32	3.35	1376811	9551118.00
2005/01/19	3.35	3.37	3.32	3.36	340743	2357732.00
2005/01/20	3.34	3.36	3.32	3.35	498971	3435018.00
2005/01/21	3.33	3.40	3.30	3.38	595557	4149991.00
2005/01/24	3.41	3.44	3.33	3.37	828046	5821164.00
2005/01/25	3.34	3.38	3.33	3.37	309340	2154651.00
2005/01/26	3.35	3.35	3.32	3.35	406967	2793553.00
2005/01/27	3.31	3.34	3.30	3.33	408930	2776950.00
2005/01/28	3.29	3.31	3.27	3.28	462195	3088752.00
2005/01/31	3.26	3.27	3.16	3.21	888281	5661130.00
2005/02/01	3.21	3.25	3.18	3.21	237180	1514421.00
2005/02/02	3.21	3.33	3.18	3.33	1384048	9148833.00
2005/02/03	3.32	3.32	3.26	3.29	887765	5936452.00
2005/02/04	3.27	3.33	3.27	3.32	489095	3316016.00
2005/02/16	3.34	3.34	3.28	3.28	730150	4926080.00
2005/02/17	3.28	3.29	3.24	3.28	510013	3359790.00
2005/02/18	3.28	3.28	3.25	3.27	358705	2366305.00
2005/02/21	3.26	3.27	3.18	3.26	1019015	6567258.00
2005/02/22	3.25	3.31	3.22	3.31	1337519	8899715.00
2005/02/23	3.31	3.32	3.27	3.31	1001898	6747776.00
2005/02/24	3.31	3.31	3.27	3.31	1447337	9661661.00
2005/02/25	3.31	3.37	3.29	3.35	1920399	13186572.00
2005/02/28	3.35	3.38	3.34	3.36	1553322	10837755.00
2005/03/01	3.34	3.37	3.33	3.34	666242	4606201.00
2005/03/02	3.35	3.35	3.28	3.31	848729	5795919.00
2005/03/03	3.31	3.32	3.29	3.32	365200	2471017.00
2005/03/04	3.32	3.34	3.31	3.33	531977	3635251.00
2005/03/07	3.31	3.32	3.26	3.30	1643337	10911748.00
2005/03/08	3.28	3.32	3.27	3.32	1726262	11631962.00
2005/03/09	3.30	3.33	3.29	3.30	1082150	7323029.00
2005/03/10	3.30	3.30	3.22	3.25	1349100	8864015.00
2005/03/11	3.24	3.25	3.20	3.23	1359124	8752902.00
2005/03/14	3.23	3.27	3.21	3.26	1519617	9861486.00
2005/03/15	3.27	3.28	3.24	3.26	1263041	8314764.00
2005/03/16	3.26	3.28	3.23	3.26	1218967	8035138.00
2005/03/17	3.27	3.28	3.23	3.26	1055544	6919253.00
2005/03/18	3.26	3.27	3.23	3.27	1670230	10988264.00
2005/03/21	3.29	3.33	3.27	3.32	5668583	38294832.00
2005/03/22	3.33	3.33	3.29	3.31	1564555	10630842.00
2005/03/23	3.31	3.36	3.31	3.31	2041762	14070587.00
2005/03/24	3.31	3.31	3.22	3.28	1568459	10326726.00
2005/03/25	3.28	3.28	3.23	3.26	619000	4046613.00
2005/03/28	3.25	3.29	3.23	3.28	630348	4133504.00
2005/03/29	3.29	3.29	3.25	3.25	374300	2476024.00
2005/03/30	3.24	3.25	3.22	3.23	510920	3316819.00
2005/03/31	3.22	3.23	3.17	3.19	816939	5145616.00
2005/04/01	3.18	3.29	3.18	3.28	879458	5710864.00
2005/04/04	3.26	3.31	3.22	3.28	1007880	6711315.00
2005/04/05	3.26	3.28	3.22	3.22	571100	3725172.00
2005/04/06	3.22	3.23	3.15	3.18	1869635	11809178.00
2005/04/07	3.18	3.22	3.15	3.20	1505182	9524827.00
2005/04/08	3.19	3.26	3.18	3.26	1547267	10056252.00
2005/04/11	3.25	3.32	3.23	3.31	3095006	20921492.00
2005/04/12	3.36	3.36	3.27	3.28	2613666	17681196.00
2005/04/13	3.31	3.35	3.29	3.32	2212938	15079892.00
2005/04/14	3.34	3.35	3.30	3.31	1106999	7533615.00
2005/04/15	3.30	3.33	3.27	3.32	1413114	9585884.00
2005/04/18	3.31	3.35	3.30	3.32	1519277	10391406.00
2005/04/19	3.32	3.36	3.32	3.35	2629379	18157460.00
2005/04/20	3.34	3.35	3.31	3.33	1287799	8818940.00
2005/04/21	3.31	3.35	3.29	3.35	1429622	9781916.00
2005/04/22	3.33	3.38	3.31	3.34	2028006	14068068.00
2005/04/25	3.38	3.38	3.34	3.38	2866431	20104500.00
2005/04/26	3.39	3.39	3.35	3.38	1663341	11665176.00
2005/04/27	3.38	3.39	3.33	3.36	1635881	11356274.00
2005/04/28	3.34	3.41	3.33	3.40	2499608	17642016.00
2005/04/29	3.40	3.41	3.37	3.38	1528121	10829038.00
2005/05/09	3.37	3.39	3.32	3.33	1264266	8767621.00
2005/05/10	3.31	3.36	3.30	3.36	1277400	8793581.00
2005/05/11	3.36	3.38	3.34	3.34	1494407	10465677.00
2005/05/12	3.33	3.35	3.31	3.32	1473910	10099229.00
2005/05/13	3.31	3.35	3.25	3.28	1258593	8466502.00
2005/05/16	3.27	3.29	3.23	3.24	842850	5557430.00
2005/05/17	3.24	3.28	3.24	3.28	807285	5338960.00
2005/05/18	3.27	3.30	3.27	3.30	592269	3958032.00
2005/05/19	3.31	3.31	3.27	3.30	760262	5102793.00
2005/05/20	3.29	3.33	3.29	3.30	702300	4768666.00
2005/05/23	3.30	3.31	3.25	3.25	660699	4365955.00
2005/05/24	3.26	3.30	3.25	3.29	392180	2614404.00
2005/05/25	3.30	3.31	3.28	3.28	472492	3170613.00
2005/05/26	3.27	3.29	3.21	3.23	923494	5997608.00
2005/05/27	3.22	3.25	3.20	3.21	439613	2832394.00
2005/05/30	3.20	3.24	3.19	3.23	314540	2023284.00
2005/05/31	3.22	3.26	3.22	3.25	650358	4260548.00
2005/06/01	3.24	3.25	3.21	3.23	398044	2563787.00
2005/06/02	3.23	3.23	3.08	3.12	1148639	7107926.00
2005/06/03	3.11	3.13	3.07	3.10	802570	4795911.00
2005/06/07	3.15	3.21	3.13	3.14	1226393	7641118.00
2005/06/08	3.14	3.31	3.13	3.30	2023002	13211162.00
2005/06/09	3.28	3.37	3.26	3.35	3055700	20887976.00
2005/06/10	3.35	3.35	3.29	3.32	1298685	8808579.00
2005/06/13	3.31	3.32	3.26	3.29	937608	6283731.00
2005/06/14	3.29	3.32	3.26	3.26	847612	5668689.00
2005/06/15	3.25	3.26	3.24	3.25	486483	3183108.00
2005/06/16	3.24	3.29	3.23	3.28	618504	4066451.00
2005/06/17	3.28	3.29	3.22	3.25	1250976	8184109.00
2005/06/20	3.21	3.29	3.21	3.28	1324987	8767147.00
2005/06/21	3.28	3.29	3.25	3.27	752846	4987104.00
2005/06/22	3.26	3.30	3.25	3.29	888595	5933723.00
2005/06/23	3.29	3.30	3.28	3.29	939355	6313505.00
2005/06/24	3.28	3.33	3.28	3.33	1183831	8035999.00
2005/06/27	3.34	3.38	3.33	3.34	3108612	21681148.00
2005/06/28	3.33	3.34	3.31	3.32	1168532	7974232.00
2005/06/29	3.32	3.36	3.31	3.35	1021692	7069543.00
2005/06/30	3.33	3.37	3.31	3.34	870850	5985338.00
2005/07/01	3.32	3.33	3.26	3.30	1228360	8258184.00
2005/07/04	3.29	3.31	3.25	3.31	625890	4169076.00
2005/07/05	3.31	3.32	3.28	3.31	599250	4046813.00
2005/07/06	3.30	3.32	3.29	3.30	520535	3531635.00
2005/07/07	3.30	3.31	3.26	3.27	604205	4042565.00
2005/07/08	3.25	3.27	3.21	3.25	818675	5299831.00
2005/07/11	3.25	3.32	3.25	3.28	1762576	11893347.00
2005/07/12	3.28	3.37	3.27	3.35	1822022	12485302.00
2005/07/13	3.35	3.35	3.33	3.34	969787	6676412.00
2005/07/14	3.34	3.35	3.32	3.34	920501	6334634.00
2005/07/15	3.34	3.36	3.33	3.35	1003495	6928540.00
2005/07/18	3.35	3.36	3.29	3.30	834020	5676473.00
2005/07/19	3.30	3.32	3.27	3.28	920224	6171486.00
2005/07/20	3.28	3.29	3.25	3.28	397150	1734343.00
2005/07/21	3.28	3.28	3.19	3.20	1878395	7949976.00
2005/07/22	3.26	3.31	3.21	3.26	5530317	24050416.00
2005/07/25	3.27	3.31	3.25	3.29	5121491	22455864.00
2005/07/26	3.30	3.36	3.27	3.35	5972439	26616614.00
2005/07/27	3.34	3.37	3.31	3.36	4398954	19944126.00
2005/07/28	3.34	3.37	3.32	3.32	4406157	19964214.00
2005/07/29	3.32	3.40	3.31	3.39	6172198	28380880.00
2005/08/01	3.39	3.41	3.36	3.39	4090512	19034708.00
2005/08/02	3.39	3.40	3.37	3.40	3033989	14092349.00
2005/08/03	3.41	3.46	3.37	3.38	6408659	30447290.00
2005/08/04	3.37	3.39	3.36	3.37	2726917	12595774.00
2005/08/05	3.37	3.45	3.35	3.44	4884561	23161484.00
2005/08/08	3.44	3.48	3.42	3.43	4373397	21052440.00
2005/08/09	3.43	3.46	3.41	3.45	3251793	15444556.00
2005/08/10	3.46	3.46	3.40	3.44	3402789	16235337.00
2005/08/11	3.44	3.48	3.41	3.48	4772000	22971680.00
2005/08/12	3.48	3.52	3.41	3.42	5835911	28406392.00
2005/08/15	3.43	3.48	3.40	3.46	3334335	15924058.00
2005/08/16	3.46	3.50	3.44	3.46	4385675	21276440.00
2005/08/17	3.50	3.50	3.37	3.49	3086614	15073714.00
2005/08/18	3.48	3.49	3.37	3.37	4400390	21026576.00
2005/08/19	3.37	3.41	3.32	3.34	3335393	15220295.00
2005/08/22	3.35	3.39	3.35	3.37	1488352	6849345.00
2005/08/23	3.38	3.38	3.32	3.34	1610212	7296155.00
2005/08/24	3.34	3.39	3.34	3.36	1262560	5781811.00
2005/08/25	3.37	3.37	3.34	3.37	1127280	5149392.00
2005/08/26	3.37	3.39	3.34	3.36	1226653	5624071.00
2005/08/29	3.36	3.36	3.28	3.29	2201234	9792003.00
2005/08/30	3.29	3.30	3.27	3.29	935354	4106898.00
2005/08/31	3.29	3.32	3.27	3.32	1331907	5899320.00
2005/09/01	3.33	3.36	3.31	3.36	1912780	8683130.00
2005/09/02	3.36	3.37	3.34	3.35	1652100	7536430.00
2005/09/05	3.35	3.39	3.35	3.37	1246209	5738853.00
2005/09/06	3.37	3.42	3.36	3.37	3333497	15560456.00
2005/09/07	3.37	3.41	3.34	3.41	2588956	11967886.00
2005/09/08	3.41	3.47	3.41	3.43	4860631	23297292.00
2005/09/09	3.45	3.46	3.41	3.43	2370367	11316557.00
2005/09/12	3.43	3.44	3.39	3.44	1816674	8590586.00
2005/09/13	3.46	3.48	3.44	3.48	3860524	18712448.00
2005/09/14	3.49	3.54	3.48	3.50	6915560	34449952.00
2005/09/15	3.50	3.53	3.49	3.51	3208152	15899035.00
2005/09/16	3.52	3.52	3.48	3.49	2433265	11993024.00
2005/09/19	3.49	3.51	3.47	3.50	2695196	13257476.00
2005/09/20	3.50	3.50	3.45	3.46	3151005	15312537.00
2005/09/21	3.45	3.51	3.45	3.48	4562975	22346574.00
2005/09/22	3.47	3.48	3.41	3.41	2423539	11592722.00
2005/09/23	3.41	3.48	3.41	3.43	2385826	11489893.00
2005/09/26	3.43	3.52	3.43	3.52	5101860	25047966.00
2005/09/27	3.52	3.55	3.49	3.50	6541305	32696416.00
2005/09/28	3.52	3.62	3.51	3.59	8859893	45191468.00
2005/09/29	3.60	3.63	3.56	3.62	7335828	38189672.00
2005/09/30	3.62	3.62	3.57	3.58	3455819	17893132.00
2005/10/10	3.60	3.63	3.58	3.63	3202475	16696970.00
2005/10/11	3.63	3.65	3.59	3.64	2824364	14844675.00
2005/10/12	3.64	3.72	3.63	3.69	5353646	29060292.00
2005/10/13	3.69	3.70	3.65	3.67	3995893	21535066.00
2005/10/14	3.67	3.69	3.62	3.63	3332300	17795168.00
2005/10/27	3.60	3.60	3.48	3.58	7458752	37670280.00
2005/10/28	3.58	3.66	3.50	3.60	4007463	20361986.00
2005/10/31	3.54	3.59	3.51	3.52	3015428	15192633.00
2005/11/01	3.52	3.52	3.37	3.41	3268600	15492731.00
2005/11/02	3.41	3.45	3.40	3.42	1775543	8451133.00
2005/11/03	3.42	3.44	3.38	3.39	1229250	5757715.00
2005/11/04	3.38	3.42	3.37	3.42	785119	3682441.00
2005/11/07	3.42	3.45	3.41	3.43	1048715	4985903.00
2005/11/08	3.43	3.48	3.42	3.46	2721419	13141502.00
2005/11/09	3.48	3.50	3.46	3.46	2850796	13952884.00
2005/11/10	3.45	3.45	3.37	3.38	2642300	12505841.00
2005/12/06	3.35	3.45	3.29	3.43	5664918	20125020.00
2005/12/07	3.41	3.48	3.39	3.47	3053534	11281391.00
2005/12/08	3.48	3.48	3.43	3.45	2670385	9910570.00
2005/12/09	3.45	3.48	3.42	3.46	2605814	9670655.00
2005/12/12	3.46	3.55	3.46	3.50	6571372	25093488.00
2005/12/13	3.50	3.53	3.48	3.52	4028939	15323941.00
2005/12/14	3.53	3.56	3.50	3.55	4408684	17050996.00
2005/12/15	3.55	3.55	3.50	3.53	5148074	19845806.00
2005/12/16	3.53	3.54	3.50	3.53	2484649	9518253.00
2005/12/19	3.53	3.53	3.48	3.50	2052200	7802403.00
2005/12/20	3.50	3.50	3.47	3.48	1044700	3929894.00
2005/12/21	3.47	3.52	3.47	3.50	1115210	4227406.00
2005/12/22	3.50	3.50	3.46	3.47	2012064	7550622.00
2005/12/23	3.48	3.53	3.46	3.52	6642068	25343622.00
2005/12/26	3.54	3.57	3.52	3.53	5343972	20710188.00
2005/12/27	3.53	3.58	3.52	3.56	4142133	16190446.00
2005/12/28	3.57	3.59	3.53	3.56	3001190	11724999.00
2005/12/29	3.56	3.58	3.54	3.56	5261806	20546232.00
2005/12/30	3.58	3.61	3.50	3.52	8610397	33657100.00
2006/01/04	3.52	3.57	3.51	3.55	3638614	14170342.00
2006/01/05	3.55	3.62	3.52	3.61	6723025	26568968.00
2006/01/06	3.61	3.63	3.56	3.61	8916781	35405944.00
2006/01/09	3.61	3.68	3.59	3.68	9267605	37720736.00
2006/01/10	3.68	3.69	3.64	3.67	7000762	28807706.00
2006/01/11	3.67	3.67	3.60	3.63	5212059	21186598.00
2006/01/12	3.62	3.68	3.61	3.67	3930882	16043618.00
2006/01/13	3.67	3.68	3.62	3.65	3577199	14615987.00
2006/01/16	3.64	3.80	3.62	3.75	9018502	38046688.00
2006/01/17	3.73	3.78	3.70	3.74	4382279	18687052.00
2006/01/18	3.75	3.85	3.75	3.83	8899522	39396376.00
2006/01/19	3.84	3.88	3.78	3.86	7443986	33168050.00
2006/01/20	3.86	3.87	3.81	3.83	5453645	24320244.00
2006/01/23	3.84	3.97	3.80	3.94	6658527	30527288.00
2006/01/24	3.94	3.96	3.88	3.95	6462407	29951024.00
2006/01/25	3.94	4.00	3.88	3.95	5628573	26332596.00
2006/02/06	3.95	3.98	3.86	3.97	8476718	39022616.00
2006/02/07	3.96	3.96	3.86	3.90	5972929	27334416.00
2006/02/08	3.88	3.88	3.81	3.83	5226362	23247516.00
2006/02/09	3.83	3.88	3.80	3.81	4580124	20459654.00
2006/02/10	3.82	3.90	3.81	3.88	2963595	13259420.00
2006/02/13	3.86	3.87	3.81	3.84	2540994	11259563.00
2006/02/14	3.86	3.97	3.82	3.96	6877442	31849728.00
2006/02/15	3.96	3.98	3.90	3.93	3639145	16964656.00
2006/02/16	3.90	3.93	3.76	3.79	8272928	36524172.00
2006/02/17	3.79	3.80	3.71	3.71	5505193	23521874.00
2006/02/20	3.71	3.73	3.67	3.73	3302956	13850415.00
2006/02/21	3.72	3.77	3.67	3.76	3279006	13803600.00
2006/02/22	3.75	3.83	3.73	3.75	6046468	26300318.00
2006/02/23	3.75	3.77	3.68	3.75	5413198	22875696.00
2006/02/24	3.75	3.80	3.75	3.80	4348891	18941704.00
2006/02/27	3.80	3.81	3.77	3.77	2638035	11537408.00
2006/02/28	3.76	3.76	3.68	3.73	3581476	15096260.00
2006/03/01	3.73	3.77	3.70	3.77	4434549	18942852.00
2006/03/02	3.80	3.88	3.77	3.79	9024002	40171544.00
2006/03/03	3.79	3.85	3.79	3.81	5112359	22567312.00
2006/03/06	3.83	3.83	3.80	3.81	3588724	15865922.00
2006/03/07	3.81	3.81	3.70	3.72	3929259	16643040.00
2006/03/08	3.76	3.78	3.72	3.76	3960957	17023920.00
2006/03/09	3.75	3.77	3.70	3.71	1472094	6251855.00
2006/03/10	3.71	3.75	3.69	3.72	1452730	6130167.00
2006/03/13	3.74	3.76	3.71	3.74	1856632	7878944.00
2006/03/14	3.74	3.74	3.68	3.71	2228883	9362788.00
2006/03/15	3.70	3.73	3.65	3.72	5225054	21829018.00
2006/03/16	3.72	3.74	3.68	3.72	3386256	14200073.00
2006/03/17	3.72	3.77	3.70	3.77	3582780	15303724.00
2006/03/20	3.77	3.79	3.74	3.79	2641905	11439484.00
2006/03/21	3.78	3.83	3.77	3.80	3697757	16223237.00
2006/03/22	3.80	3.81	3.78	3.81	2291305	10045083.00
2006/03/23	3.80	3.88	3.79	3.83	4728275	21098332.00
2006/03/24	3.82	3.87	3.81	3.82	3445399	15389576.00
2006/03/27	3.81	3.82	3.75	3.77	4434837	19246876.00
2006/03/28	3.76	3.86	3.75	3.84	6547143	28983776.00
2006/03/29	3.84	3.87	3.83	3.85	6370963	28618040.00
2006/03/30	3.84	3.90	3.81	3.82	3996876	17981316.00
2006/03/31	3.81	3.86	3.77	3.86	3911292	17337200.00
2006/04/03	3.86	4.02	3.86	3.98	13728361	64305304.00
2006/04/04	3.98	4.10	3.95	4.07	9703399	47157824.00
2006/04/05	4.07	4.07	3.97	4.06	7980961	38497024.00
2006/04/06	4.05	4.17	4.00	4.06	9512086	46913720.00
2006/04/07	4.06	4.15	4.02	4.13	8287930	40972692.00
2006/04/10	4.14	4.22	4.12	4.13	10171459	51895292.00
2006/04/11	4.13	4.16	4.01	4.03	9625266	47359584.00
2006/04/12	4.02	4.16	4.02	4.14	9979202	49585976.00
2006/04/13	4.14	4.14	3.91	3.92	11714185	55748216.00
2006/04/14	3.91	3.98	3.86	3.96	5969550	27597202.00
2006/04/17	3.95	3.96	3.89	3.93	5495569	25511368.00
2006/04/18	3.93	4.00	3.89	3.95	5652297	26484898.00
2006/04/19	3.95	4.00	3.93	3.96	6414838	30023074.00
2006/04/20	3.96	3.96	3.87	3.91	4910909	22621628.00
2006/04/21	3.93	4.05	3.93	4.02	9216342	43918040.00
2006/04/24	4.02	4.08	3.96	4.05	8149672	39307252.00
2006/04/25	4.03	4.03	3.93	3.96	7888185	37214680.00
2006/04/27	3.99	4.10	3.95	4.10	10143328	49251284.00
2006/04/28	4.06	4.16	3.99	4.11	7827787	38728456.00
2006/05/08	4.01	4.09	3.91	4.06	13494627	65155864.00
2006/05/09	4.04	4.16	4.02	4.10	12123619	60396104.00
2006/05/10	4.10	4.35	4.08	4.35	10839424	56908408.00
2006/05/11	4.42	4.55	4.19	4.20	17294762	96105472.00
2006/05/12	4.18	4.32	4.16	4.27	8828046	46134540.00
2006/05/15	4.27	4.40	4.16	4.37	16427787	86852288.00
2006/05/16	4.40	4.53	4.22	4.26	19924750	110846816.00
2006/05/17	4.25	4.40	4.22	4.36	9747538	52487984.00
2006/05/18	4.34	4.55	4.27	4.52	13234929	74540472.00
2006/05/19	4.52	4.60	4.48	4.55	10966742	63774080.00
2006/05/22	4.53	4.60	4.46	4.50	10209632	59033028.00
2006/05/23	4.46	4.46	4.21	4.22	8405681	45444612.00
2006/05/24	4.21	4.31	4.06	4.14	7136431	36518488.00
2006/05/25	4.15	4.23	4.06	4.19	4122123	20976032.00
2006/05/26	4.19	4.22	4.17	4.21	3569857	18402616.00
2006/05/29	4.24	4.32	4.23	4.32	4399971	23471768.00
2006/05/30	4.33	4.41	4.27	4.36	5255617	28645632.00
2006/05/31	4.37	4.48	4.28	4.31	7633226	42287528.00
2006/06/01	4.37	4.59	4.37	4.59	4666154	27422648.00
2006/06/02	4.89	4.89	4.89	4.89	2983235	19420860.00
2006/06/05	5.14	5.22	4.73	5.02	24521598	165343280.00
2006/06/06	4.93	5.14	4.84	4.98	6078418	41272676.00
2006/06/07	4.96	5.12	4.73	4.75	8231068	53937448.00
2006/06/08	4.72	4.78	4.58	4.74	7322374	44471912.00
2006/06/09	4.72	4.82	4.67	4.77	6660084	41967952.00
2006/06/12	4.77	5.10	4.72	4.92	5704160	37807484.00
2006/06/13	4.93	4.98	4.77	4.82	3325382	21482600.00
2006/06/14	4.78	4.78	4.62	4.72	4801671	29140294.00
2006/06/15	4.72	4.78	4.67	4.68	1645668	10110837.00
2006/06/16	4.68	4.81	4.68	4.75	2254562	14085606.00
2006/06/19	4.77	4.86	4.73	4.84	1821611	11314801.00
2006/06/20	4.84	4.94	4.81	4.94	2785605	17628536.00
2006/06/21	4.93	4.94	4.84	4.84	3485426	22061782.00
2006/06/22	4.83	4.87	4.71	4.86	5022894	30852024.00
2006/06/23	4.86	5.04	4.77	5.00	5192057	33648032.00
2006/06/26	5.00	5.06	4.94	5.02	3616343	23845328.00
2006/06/27	5.01	5.01	4.93	4.97	2501896	16239232.00
2006/06/28	4.97	5.04	4.86	5.00	3304952	21324786.00
2006/06/29	5.00	5.11	5.00	5.03	3364054	22440780.00
2006/06/30	5.05	5.30	5.04	5.11	7613286	52500948.00
2006/07/03	5.09	5.17	5.07	5.15	3254732	22187140.00
2006/07/04	5.15	5.23	5.10	5.16	4780483	32896222.00
2006/07/05	5.16	5.21	5.04	5.06	3018085	20384088.00
2006/07/06	5.06	5.17	5.04	5.14	2779299	18940060.00
2006/07/07	5.14	5.17	4.98	5.08	3791579	25385200.00
2006/07/11	5.08	5.16	4.95	5.02	3339916	21999244.00
2006/07/12	5.02	5.09	4.96	5.01	3101857	20479448.00
2006/07/13	4.96	5.04	4.75	4.80	5423605	34129340.00
2006/07/14	4.80	4.80	4.70	4.77	3938126	23871840.00
2006/07/17	4.75	4.83	4.73	4.83	3061434	18738802.00
2006/07/18	4.86	4.87	4.80	4.85	2317095	14460270.00
2006/07/19	4.85	4.85	4.71	4.75	3284729	19978400.00
2006/07/20	4.73	4.82	4.63	4.77	3206144	19378212.00
2006/07/21	4.78	4.79	4.73	4.75	1190746	7263596.00
2006/07/24	4.71	4.87	4.66	4.82	2251325	13970386.00
2006/07/25	4.83	4.94	4.83	4.84	1750981	11074734.00
2006/07/26	4.85	4.88	4.77	4.82	1597161	9909528.00
2006/07/27	4.82	4.83	4.71	4.74	2278210	13846470.00
2006/07/28	4.76	4.78	4.66	4.70	1529132	9187291.00
2006/07/31	4.70	4.70	4.51	4.53	2597789	14992311.00
2006/08/01	4.56	4.63	4.52	4.55	2324750	13235807.00
2006/08/02	4.54	4.60	4.41	4.58	1943855	11037848.00
2006/08/03	4.59	4.59	4.50	4.56	1152638	6545065.00
2006/08/04	4.52	4.59	4.46	4.48	1679000	9554554.00
2006/08/07	4.48	4.58	4.48	4.53	1710384	9668501.00
2006/08/08	4.53	4.66	4.53	4.65	1876506	10897819.00
2006/08/09	4.64	4.70	4.60	4.66	1409571	8302548.00
2006/08/10	4.65	4.71	4.65	4.70	1457909	8698375.00
2006/08/11	4.70	4.79	4.68	4.78	1573865	9541238.00
2006/08/14	4.85	4.96	4.78	4.79	4794268	30324522.00
2006/08/15	4.78	4.88	4.73	4.87	3137401	19603668.00
2006/08/16	4.89	4.96	4.86	4.90	4664248	29855672.00
2006/08/17	4.89	4.91	4.79	4.91	2095555	13113047.00
2006/08/18	4.92	4.92	4.80	4.82	1153705	7241881.00
2006/08/21	4.70	4.94	4.66	4.93	3048448	19267320.00
2006/08/22	4.93	4.98	4.88	4.91	2393887	15476211.00
2006/08/23	4.91	5.07	4.88	5.06	6258572	41397688.00
2006/08/24	5.05	5.11	5.02	5.08	2868940	19297740.00
2006/08/25	5.08	5.11	5.04	5.05	2070690	13865055.00
2006/08/29	5.08	5.26	5.08	5.16	7058552	49143240.00
2006/08/30	5.15	5.31	5.12	5.24	6480178	45734192.00
2006/08/31	5.24	5.53	5.23	5.47	6705001	49451664.00
2006/09/01	5.47	5.55	5.31	5.34	5094156	37537812.00
2006/09/04	5.34	5.45	5.34	5.42	3228289	23724404.00
2006/09/05	5.42	5.42	5.31	5.34	3583477	25953020.00
2006/09/06	5.34	5.39	5.31	5.38	1637803	11842119.00
2006/09/07	5.38	5.38	5.22	5.25	2341793	16635190.00
2006/09/08	5.24	5.39	5.24	5.38	2368234	17118600.00
2006/09/11	5.36	5.40	5.27	5.38	1214302	8794211.00
2006/09/12	5.37	5.59	5.35	5.50	7049745	53111316.00
2006/09/13	5.50	5.53	5.40	5.43	2486862	18590970.00
2006/09/14	5.42	5.57	5.31	5.55	2818713	20761000.00
2006/09/15	5.55	5.60	5.46	5.54	3553845	27238306.00
2006/09/18	5.53	5.55	5.36	5.49	5601029	41734220.00
2006/09/19	5.47	5.47	5.33	5.37	4497870	32891932.00
2006/09/20	5.35	5.42	5.30	5.37	2246175	16414996.00
2006/09/21	5.35	5.37	5.28	5.30	4709890	33820112.00
2006/09/25	5.28	5.36	5.26	5.33	3636008	26046708.00
2006/09/26	5.33	5.40	5.27	5.32	1981510	14293114.00
2006/09/27	5.31	5.35	5.28	5.33	2252540	16202837.00
2006/09/28	5.33	5.37	5.28	5.32	3473816	25024648.00
2006/09/29	5.32	5.41	5.30	5.32	4237262	30708632.00
2006/10/09	5.35	5.51	5.32	5.48	3259187	24161804.00
2006/10/10	5.53	5.65	5.48	5.56	6851649	52884312.00
2006/10/11	5.57	5.67	5.50	5.57	4830411	37272284.00
2006/10/12	5.57	5.57	5.37	5.40	3410520	25316680.00
2006/10/13	5.40	5.46	5.35	5.39	2903197	21287512.00
2006/10/16	5.42	5.42	5.35	5.38	1290875	9444957.00
2006/10/17	5.38	5.39	5.31	5.37	2333917	16986800.00
2006/10/18	5.34	5.45	5.34	5.42	2086625	15426714.00
2006/10/19	5.42	5.48	5.41	5.46	1473362	10972123.00
2006/10/20	5.46	5.50	5.42	5.45	1635014	12162881.00
2006/10/23	5.44	5.46	5.30	5.33	1454838	10559103.00
2006/10/24	5.30	5.42	5.30	5.38	1047217	7601744.00
2006/10/25	5.41	5.42	5.35	5.37	994460	7253605.00
2006/10/26	5.38	5.50	5.38	5.40	3097370	23054732.00
2006/10/27	5.38	5.42	5.30	5.30	2645984	19090392.00
2006/10/30	5.31	5.39	5.30	5.35	2140512	15441455.00
2006/10/31	5.35	5.37	5.22	5.34	3856739	27472712.00
2006/11/01	5.34	5.54	5.31	5.48	5048560	37584228.00
2006/11/02	5.48	5.62	5.48	5.60	6580218	50418896.00
2006/11/03	5.61	5.66	5.56	5.60	3599414	27936776.00
2006/11/06	5.59	5.83	5.55	5.80	8936540	71807536.00
2006/11/07	5.82	5.85	5.67	5.83	5297402	42545892.00
2006/11/08	5.83	5.83	5.68	5.75	2485043	19924166.00
2006/11/09	5.74	5.86	5.64	5.76	2982637	23749610.00
2006/11/10	5.78	5.88	5.64	5.66	4863196	39293848.00
2006/11/13	5.62	5.72	5.45	5.46	3410512	26134188.00
2006/11/14	5.46	5.67	5.45	5.65	3510821	26976372.00
2006/11/15	5.65	5.68	5.54	5.68	4358598	33863624.00
2006/11/16	5.68	5.81	5.63	5.68	5367909	42859936.00
2006/11/17	5.67	5.80	5.56	5.78	3689615	29410506.00
2006/11/20	5.78	5.86	5.68	5.71	3925047	31567324.00
2006/11/21	5.73	5.74	5.58	5.73	2630899	20589100.00
2006/11/22	5.73	5.96	5.65	5.92	6188239	51251740.00
2006/11/23	5.92	6.14	5.91	5.97	5712227	49028072.00
2006/11/24	5.96	6.00	5.88	5.96	3311992	27780612.00
2006/11/27	5.94	6.08	5.89	6.07	4020902	34383040.00
2006/11/28	6.09	6.28	6.07	6.10	5667296	50122664.00
2006/11/29	6.04	6.21	5.99	6.14	3600835	31513584.00
2006/11/30	6.15	6.32	6.15	6.26	5458568	49234180.00
2006/12/01	6.26	6.26	6.16	6.22	3248388	29024876.00
2006/12/04	6.20	6.34	6.13	6.16	7287669	64835020.00
2006/12/05	6.15	6.36	6.14	6.34	7524747	67846528.00
2006/12/06	6.38	6.40	5.88	6.21	7352354	64900420.00
2006/12/07	6.19	6.28	6.08	6.18	4580789	40637444.00
2006/12/08	6.14	6.33	6.03	6.19	7766657	69331560.00
2006/12/11	6.16	6.53	6.16	6.50	8305495	77800648.00
2006/12/12	6.53	6.55	6.38	6.47	2556384	24026220.00
2006/12/13	6.47	6.71	6.45	6.59	4250413	41251556.00
2006/12/14	6.61	6.93	6.56	6.90	5992582	60205604.00
2006/12/15	6.90	7.06	6.77	6.94	4674268	48298464.00
2006/12/18	6.93	7.01	6.81	6.97	4138387	42680624.00
2006/12/19	6.97	7.26	6.96	7.20	4766044	50775924.00
2006/12/20	7.19	7.31	7.05	7.12	3612724	38827656.00
2006/12/21	7.12	7.27	6.96	6.98	3503549	37385832.00
2006/12/22	6.92	7.02	6.71	6.73	5729308	58085588.00
2006/12/25	6.76	7.23	6.76	7.23	6624028	71196456.00
2006/12/26	7.38	7.47	7.23	7.32	3958668	44061824.00
2006/12/27	7.32	7.41	7.21	7.32	1860466	20604440.00
2006/12/29	7.24	7.48	7.24	7.36	3077712	34487700.00
2007/01/04	7.38	7.62	6.96	7.21	3622701	40778092.00
2007/01/05	7.06	7.40	7.06	7.23	2461912	27211900.00
2007/01/08	7.22	7.79	7.19	7.79	3792043	44167612.00
2007/01/09	7.81	8.24	7.81	7.95	2684801	33414126.00
2007/01/10	7.96	8.03	7.68	7.95	2830846	34237240.00
2007/01/11	7.95	7.95	7.61	7.61	7471849	88936104.00
2007/01/12	7.58	7.78	7.48	7.68	5847019	68316040.00
2007/01/15	7.68	8.01	7.68	7.94	3994333	48599312.00
2007/01/16	7.96	8.50	7.93	8.25	5821790	73683056.00
2007/01/17	8.25	8.55	7.96	8.16	4386902	56821664.00
2007/01/18	8.14	8.32	7.94	8.21	3637702	45744880.00
2007/01/19	8.17	8.86	8.17	8.86	5691367	76753840.00
2007/01/22	8.87	9.01	8.73	8.91	4418737	62548252.00
2007/01/23	8.94	9.24	8.75	9.14	4409316	63206468.00
2007/01/24	9.15	9.32	8.98	9.30	3178495	46744448.00
2007/01/25	9.17	9.22	8.71	8.78	4693224	68509664.00
2007/01/26	8.75	9.01	8.08	8.99	3827698	52126096.00
2007/01/29	8.96	9.27	8.91	9.01	2331245	33759928.00
2007/01/30	8.98	9.03	8.76	8.86	1630405	22978944.00
2007/01/31	8.81	8.91	8.24	8.26	2200385	29930788.00
2007/02/01	8.14	8.92	8.04	8.92	5350054	72425088.00
2007/02/02	8.92	9.21	8.71	9.01	3972350	57001276.00
2007/02/05	8.76	9.28	8.64	9.14	2822625	40838764.00
2007/02/06	9.22	9.32	8.95	9.14	1818674	26665114.00
2007/02/07	9.02	9.71	9.02	9.63	3294493	50546656.00
2007/02/08	9.65	9.87	9.53	9.57	2236783	35255856.00
2007/02/09	9.47	9.83	9.47	9.53	1605098	24964288.00
2007/02/12	9.58	9.92	9.53	9.91	1230426	19696644.00
2007/02/13	9.94	10.06	9.75	9.81	1278706	20554976.00
2007/02/14	9.83	10.50	9.73	10.28	1734745	28875236.00
2007/02/15	10.14	10.92	10.14	10.84	2626375	46576660.00
2007/02/16	11.00	11.14	10.76	11.01	1480758	26852698.00
2007/02/26	11.06	11.31	10.85	11.28	2045031	37583952.00
2007/02/27	11.28	11.28	10.32	10.32	3124380	55092304.00
2007/02/28	9.94	10.35	9.66	10.21	4234012	69007808.00
2007/03/01	10.20	10.20	9.35	9.35	3710441	57183036.00
2007/03/02	9.31	9.58	9.12	9.37	2872970	43333768.00
2007/03/05	9.37	9.70	9.19	9.53	2683982	41186960.00
2007/03/06	9.47	9.83	9.32	9.79	1639469	25570828.00
2007/03/07	9.78	10.19	9.76	10.10	1948082	31899192.00
2007/03/08	10.24	10.80	10.04	10.62	3994544	69376888.00
2007/03/09	10.65	10.83	10.38	10.65	4824725	84281696.00
2007/03/12	10.66	10.75	10.07	10.36	3137637	53076256.00
2007/03/13	10.35	10.37	10.10	10.34	2898200	48838876.00
2007/03/14	10.08	10.34	10.01	10.03	2448418	40697772.00
2007/03/15	9.92	10.23	9.92	10.09	1395530	23025272.00
2007/03/16	10.17	10.19	9.78	9.79	3887794	62407384.00
2007/03/19	9.53	9.88	9.38	9.76	2011502	31539300.00
2007/03/20	9.83	9.83	9.57	9.58	2213339	34464088.00
2007/03/21	9.67	10.14	9.58	10.11	3515675	57048168.00
2007/03/22	10.12	10.19	9.85	9.94	2667815	43474564.00
2007/03/23	9.94	9.94	9.65	9.70	3573685	56545620.00
2007/03/26	9.82	10.24	9.82	10.23	5403029	89421560.00
2007/03/27	10.30	10.65	10.30	10.41	5365497	92634368.00
2007/03/28	10.45	10.64	10.10	10.48	5626110	95702624.00
2007/03/29	10.49	10.54	10.08	10.08	3605865	60413120.00
2007/03/30	10.05	10.17	9.94	10.08	1589281	26018152.00
2007/04/02	10.04	10.32	9.98	10.30	3340139	55265612.00
2007/04/03	10.30	10.30	10.13	10.16	3564147	59587344.00
2007/04/04	10.18	10.60	10.17	10.50	4796341	82005664.00
2007/04/05	10.45	10.87	10.36	10.86	5341846	94758824.00
2007/04/06	10.76	11.17	10.65	11.11	4811497	88077024.00
2007/04/09	11.11	11.11	10.81	10.85	4713946	85010544.00
2007/04/10	10.85	10.86	10.61	10.85	6147493	108763928.00
2007/04/11	10.88	11.03	10.73	10.94	5137191	93107872.00
2007/04/12	10.94	11.01	10.76	10.97	3397947	61310616.00
2007/04/13	11.00	11.62	10.97	11.02	4118283	77667912.00
2007/04/16	11.06	11.51	10.86	11.31	2901157	54568696.00
2007/04/17	11.38	11.57	11.12	11.53	4967663	93693656.00
2007/04/18	11.63	11.88	11.30	11.88	4656438	90089952.00
2007/04/19	11.82	11.82	10.96	11.35	4995406	94864168.00
2007/04/20	11.28	11.73	11.28	11.58	3235660	62244320.00
2007/04/23	11.38	11.87	11.12	11.73	6633219	127775496.00
2007/04/24	11.73	11.77	11.38	11.41	5300830	102980120.00
2007/04/25	11.32	11.59	11.10	11.21	3513184	66048040.00
2007/04/26	11.23	11.50	11.12	11.31	3053130	57262016.00
2007/04/27	11.27	11.27	10.87	10.89	4074590	74619840.00
2007/04/30	10.94	11.35	10.92	11.20	3823580	71467256.00
2007/05/08	11.27	11.60	11.27	11.39	3541946	67511024.00
2007/05/09	11.36	11.36	10.91	11.12	2824879	52404572.00
2007/05/10	11.11	11.23	10.87	11.06	3081509	56422008.00
2007/05/11	11.07	11.07	10.70	10.86	4192764	75495920.00
2007/05/14	10.68	11.00	10.65	10.98	4579437	82614528.00
2007/05/15	11.05	11.05	10.50	10.56	3288267	58901124.00
2007/05/16	10.86	11.27	10.56	11.27	9838993	179749360.00
2007/05/17	11.37	12.23	11.37	12.23	12141272	240757184.00
2007/05/18	12.40	12.85	12.10	12.39	8220935	174546160.00
2007/05/21	11.94	12.91	11.79	12.69	6401920	137905696.00
2007/05/22	12.65	13.00	12.65	12.82	6489596	141913968.00
2007/05/23	12.76	12.81	12.52	12.70	5426387	116453528.00
2007/05/24	12.91	12.91	12.01	12.27	3600015	74928424.00
2007/05/25	12.24	12.71	12.02	12.59	3660788	76044640.00
2007/05/28	12.88	13.37	12.62	13.02	5320881	117892776.00
2007/05/30	11.94	14.16	11.94	14.16	19036924	458058880.00
2007/05/31	14.65	15.20	14.24	14.38	9073339	231659600.00
2007/06/01	14.31	14.96	13.73	13.93	5978560	146041824.00
2007/06/04	14.21	14.28	12.70	12.70	5223942	115671648.00
2007/06/05	12.04	13.30	11.59	13.16	5933508	121902304.00
2007/06/06	13.17	14.04	12.40	13.73	4089193	92795680.00
2007/06/07	13.78	14.19	13.48	13.90	3041384	72713464.00
2007/06/08	13.88	14.24	13.69	13.93	2531156	60915840.00
2007/06/11	13.86	14.96	13.86	14.47	2919548	72730576.00
2007/06/12	14.60	15.72	14.60	15.71	3862532	101242616.00
2007/06/13	15.62	16.23	15.12	15.73	3844764	105960528.00
2007/06/14	15.70	15.93	15.22	15.66	2541927	69559832.00
2007/06/15	15.47	15.65	14.81	15.35	4299432	113074600.00
2007/06/18	15.43	15.69	15.30	15.34	3153694	85239792.00
2007/06/19	15.35	15.35	14.45	15.06	5008397	128855616.00
2007/06/20	14.91	15.27	14.30	14.34	3777669	96390584.00
2007/06/21	14.24	14.63	14.10	14.62	1911341	47427532.00
2007/06/22	14.09	14.68	14.09	14.48	2989557	74052408.00
2007/06/25	14.46	14.71	13.20	13.31	1985220	48003876.00
2007/06/26	13.32	13.37	12.55	13.05	3140687	69184392.00
2007/06/27	13.09	13.68	13.09	13.57	1763666	40612376.00
2007/06/28	13.68	14.77	13.38	14.68	7044923	175047296.00
2007/06/29	14.58	14.71	13.43	14.67	5526971	137203312.00
2007/07/02	14.74	14.76	13.82	14.42	2515834	62160644.00
2007/07/03	14.45	14.64	14.14	14.44	2831928	70773416.00
2007/07/04	14.49	14.50	13.94	14.16	2338619	57824000.00
2007/07/05	13.86	13.89	12.91	12.91	1962079	44174148.00
2007/07/06	12.91	13.53	12.76	13.36	1988532	44300036.00
2007/07/09	13.42	14.44	13.35	14.37	3949835	93694960.00
2007/07/10	14.37	14.37	13.74	14.07	2651113	64199912.00
2007/07/11	13.95	13.99	13.47	13.94	2490239	58608820.00
2007/07/12	13.83	14.19	13.67	13.94	3233437	77923968.00
2007/07/13	13.94	13.94	13.53	13.58	991087	23139728.00
2007/07/16	13.32	13.57	12.88	12.97	985750	22151668.00
2007/07/17	12.70	13.36	12.70	13.01	1787446	39462904.00
2007/07/18	13.01	13.13	12.70	12.97	1701662	37109588.00
2007/07/19	12.84	12.94	12.39	12.62	4319761	92258344.00
2007/07/20	12.63	13.53	12.39	13.37	4977521	108076648.00
2007/07/23	13.30	14.43	13.25	14.02	3310106	79665968.00
2007/07/24	13.99	14.34	13.73	13.97	3321067	80288800.00
2007/07/25	13.93	15.16	13.93	15.07	4071424	103221024.00
2007/07/26	15.06	15.62	15.04	15.31	4146917	111231528.00
2007/07/27	15.25	15.96	14.75	15.46	2546617	68855680.00
2007/07/30	15.67	16.70	15.67	16.65	4002100	114194168.00
2007/09/18	18.15	18.15	18.15	18.15	14119	453643.00
2007/09/19	19.79	19.79	19.79	19.79	12067	426448.00
2007/09/20	21.60	21.60	21.60	21.60	69841	2714720.00
2007/09/21	23.60	23.60	22.76	23.60	3874580	165084624.00
2007/09/24	23.72	24.41	22.08	23.35	6357425	268270688.00
2007/09/25	22.95	23.00	22.03	22.56	3625292	146601312.00
2007/09/26	22.70	23.66	22.03	22.48	5065132	207904688.00
2007/09/27	22.44	23.10	22.04	23.04	1821101	73846688.00
2007/09/28	23.13	23.46	22.29	23.10	4013568	165480144.00
2007/10/08	22.85	23.46	22.39	22.82	2386325	98665136.00
2007/10/09	22.85	23.26	22.23	23.23	1328309	54507232.00
2007/10/10	23.43	24.67	22.95	23.05	2960698	128022136.00
2007/10/11	23.05	23.05	21.97	22.34	5167869	207966528.00
2007/10/12	22.18	22.28	20.27	21.97	5460975	207326144.00
2007/10/15	21.77	21.98	20.64	21.62	1340504	51646624.00
2007/10/16	21.30	22.18	21.05	22.14	3524943	137875840.00
2007/10/17	21.94	22.95	21.41	22.18	2681190	107281888.00
2007/10/18	22.13	22.13	20.59	20.75	2274919	87281784.00
2007/10/19	20.65	21.63	20.65	21.10	1984332	75234208.00
2007/10/22	21.21	21.21	20.14	20.17	785759	28906860.00
2007/10/23	20.18	20.61	19.77	20.13	1193185	43032760.00
2007/10/24	20.39	20.55	18.95	19.04	2648204	91940936.00
2007/10/25	17.32	18.80	17.31	17.31	4276600	130755328.00
2007/10/26	15.74	17.05	15.74	15.83	13164086	368946624.00
2007/10/29	16.12	16.80	15.46	16.08	3917745	109787152.00
2007/10/30	16.02	17.04	16.02	17.01	3940871	113249816.00
2007/10/31	17.21	17.31	16.44	16.93	9489055	279077984.00
2007/11/01	16.94	16.98	15.82	16.02	5418677	153929472.00
2007/11/02	15.52	15.85	14.64	14.84	3909956	102707288.00
2007/11/05	14.66	15.40	14.66	14.91	2718992	70841656.00
2007/11/06	14.84	15.34	14.84	15.31	2127405	55982408.00
2007/11/07	15.51	15.59	15.00	15.14	2343701	62578284.00
2007/11/08	15.00	15.26	13.87	14.00	3475861	86337368.00
2007/11/09	13.93	13.97	13.37	13.60	4075374	94930368.00
2007/11/12	13.59	13.67	12.70	13.47	3517072	78361376.00
2007/11/13	13.54	13.80	12.90	13.10	5425439	123459944.00
2007/11/14	13.55	14.17	13.37	14.14	9223685	217234784.00
2007/11/15	13.97	14.39	13.62	13.64	6659750	160442576.00
2007/11/16	13.37	14.12	13.05	13.36	8457573	193524048.00
2007/11/19	12.48	14.30	12.19	13.83	22787613	507793472.00
2007/11/20	13.40	14.17	13.31	13.99	15320757	359871808.00
2007/11/21	14.03	14.59	13.82	13.84	9740284	237627072.00
2007/11/22	13.35	13.68	12.75	12.76	6274892	141122336.00
2007/11/23	12.49	12.72	12.24	12.68	4854885	102496736.00
2007/11/26	12.90	12.93	12.42	12.45	4749526	102095672.00
2007/11/27	12.31	12.72	12.20	12.51	2913202	61507848.00
2007/11/28	12.52	12.84	12.48	12.62	2769317	59539076.00
2007/11/29	12.66	13.26	12.66	13.15	6204106	137225136.00
2007/11/30	13.20	13.20	12.53	12.57	5409491	116841096.00
2007/12/03	12.39	12.72	12.18	12.41	2964019	62402524.00
2007/12/04	12.48	12.62	12.22	12.40	4279699	89389824.00
2007/12/05	12.44	12.76	12.36	12.59	5024871	107230104.00
2007/12/06	12.75	13.08	12.75	12.94	5006185	109801880.00
2007/12/07	12.95	13.62	12.85	13.49	7985251	181846352.00
2007/12/10	13.26	13.87	13.16	13.75	8508996	199106112.00
2007/12/11	13.82	14.75	13.46	14.72	12108408	292262720.00
2007/12/12	14.50	14.99	14.39	14.83	10995422	280704512.00
2007/12/13	14.80	14.80	13.72	13.81	7171469	177100976.00
2007/12/17	14.32	14.47	13.76	13.84	10792947	259992576.00
2007/12/18	13.84	14.46	13.75	14.34	7103576	173635504.00
2007/12/19	14.52	14.66	14.08	14.41	5784921	143714496.00
2007/12/20	14.49	14.72	14.29	14.61	4580954	115212712.00
2007/12/21	14.70	15.91	14.64	15.51	12369330	329816320.00
2007/12/24	15.72	16.47	15.52	15.61	13839174	385085216.00
2007/12/25	15.63	16.07	15.63	16.02	5965271	165303312.00
2007/12/26	16.05	16.44	15.80	16.24	6178935	173732784.00
2007/12/27	16.13	16.27	15.82	16.12	8574502	239630560.00
2007/12/28	16.16	16.23	15.59	15.80	6335093	174962368.00
2008/01/02	15.72	16.41	15.36	16.33	8408864	234224832.00
2008/01/03	16.50	17.50	16.50	17.13	13572462	407321312.00
2008/01/04	17.13	17.31	16.65	17.15	4779050	142616048.00
2008/01/07	17.04	17.50	16.70	17.34	6699594	201476288.00
2008/01/08	17.28	17.62	16.43	16.63	7302322	218535632.00
2008/01/09	16.48	16.75	16.26	16.60	6583832	189643296.00
2008/01/10	16.60	17.10	16.50	16.73	4784146	141586320.00
2008/01/11	16.73	17.18	16.29	16.34	5532761	160766752.00
2008/01/14	16.36	16.47	15.93	16.35	5619715	158776128.00
2008/01/15	16.36	16.62	16.03	16.54	5483285	157656240.00
2008/01/16	16.45	16.88	16.11	16.78	5552047	160025760.00
2008/01/17	16.67	17.28	15.78	16.86	8618733	254297344.00
2008/01/18	16.89	17.16	16.29	16.70	5428710	160543792.00
2008/01/21	16.70	16.75	15.20	15.20	8108666	223377392.00
2008/01/22	14.49	16.03	13.84	13.84	6319190	155007936.00
2008/01/23	13.77	14.36	13.35	14.07	7777727	187202928.00
2008/01/24	14.21	14.54	13.67	14.13	8188103	199270128.00
2008/01/28	13.97	13.97	12.88	12.88	5103372	113330304.00
2008/01/29	12.55	13.00	12.44	12.86	6151799	132327440.00
2008/01/30	12.85	13.11	12.44	13.00	3321438	72414688.00
2008/01/31	12.89	13.03	12.55	12.65	2327088	50283052.00
2008/02/01	12.59	12.84	11.62	12.46	3278104	68251840.00
2008/02/04	12.75	13.46	12.46	13.46	5806871	129152928.00
2008/02/05	13.34	13.43	13.00	13.13	2637300	59203256.00
2008/02/13	12.94	13.23	12.75	13.15	1890376	41805100.00
2008/02/14	13.20	13.61	13.14	13.30	2882268	65510992.00
2008/02/15	13.18	13.44	12.96	13.40	2590731	58453740.00
2008/02/18	13.66	13.90	13.40	13.67	4638906	108213904.00
2008/02/19	13.64	14.13	13.46	13.97	3509997	83734576.00
2008/02/20	13.98	14.31	13.67	13.96	3697279	88887952.00
2008/02/21	13.66	13.97	13.52	13.72	2167777	51197752.00
2008/02/22	13.72	13.72	12.64	12.83	4508033	99856320.00
2008/02/25	12.67	13.09	11.91	12.24	4617182	96204752.00
2008/02/26	12.52	12.64	11.19	11.77	4923978	97425520.00
2008/02/27	11.81	12.01	11.51	11.97	5051839	100321128.00
2008/02/28	12.25	12.28	12.04	12.20	4269679	87473512.00
2008/02/29	12.28	12.62	12.11	12.36	3410562	71195072.00
2008/03/03	12.28	12.62	11.98	12.50	4323723	90490040.00
2008/03/04	12.54	12.85	12.40	12.76	5328201	114533552.00
2008/03/05	12.76	12.79	12.13	12.48	2822937	59626892.00
2008/03/06	12.70	13.56	12.70	13.56	6375653	146221808.00
2008/03/07	14.05	14.44	13.62	13.72	15356113	369622912.00
2008/03/10	13.62	14.22	13.14	14.04	11324442	268229008.00
2008/03/11	13.82	13.97	13.44	13.87	3482356	81610024.00
2008/03/12	14.07	14.22	13.64	13.66	4043266	96382736.00
2008/03/13	13.16	13.41	12.46	12.50	4630719	99734768.00
2008/03/14	12.21	12.46	11.93	12.22	2264778	46281260.00
2008/03/17	12.22	12.22	11.19	11.27	3427996	66684912.00
2008/03/18	11.00	11.26	10.31	10.31	4387077	75663616.00
2008/03/19	10.39	10.74	9.87	10.49	7152050	122278680.00
2008/03/20	10.16	11.05	9.61	10.59	7081061	117891136.00
2008/03/21	10.57	10.85	10.26	10.69	5583860	98210104.00
2008/03/24	10.69	10.69	9.79	9.94	34034291	555556096.00
2008/03/25	9.62	9.98	9.32	9.88	18771548	293629248.00
2008/03/26	9.86	10.16	9.72	9.91	10697954	172485504.00
2008/03/27	9.95	10.70	9.68	10.46	23360362	392675904.00
2008/03/28	10.34	11.16	10.20	11.08	19393680	339221888.00
2008/03/31	10.83	11.08	10.59	10.77	14042479	250721680.00
2008/04/01	10.77	11.21	10.16	10.22	16512853	294743264.00
2008/04/02	10.23	10.49	9.62	9.87	11311609	182732256.00
2008/04/03	9.64	10.64	9.64	10.63	13650063	229988560.00
2008/04/07	10.57	11.52	10.39	11.48	19024374	352226976.00
2008/04/08	11.49	11.71	11.27	11.36	17372277	332630688.00
2008/04/09	11.26	12.03	11.18	11.23	17129417	335354016.00
2008/04/10	10.96	12.02	10.87	11.95	19923242	389343552.00
2008/04/11	12.24	12.25	11.62	11.78	16846963	334617376.00
2008/04/14	11.46	12.00	11.31	11.45	16962405	329784224.00
2008/04/15	11.36	11.93	11.32	11.91	15013677	291845600.00
2008/04/16	11.94	12.01	11.41	11.53	9522550	186927232.00
2008/04/17	11.59	11.80	11.16	11.29	12414868	235980096.00
2008/04/18	11.15	11.31	10.64	10.74	8110975	146473904.00
2008/04/21	11.64	11.64	10.80	11.05	11301813	210790512.00
2008/04/22	10.90	11.64	10.71	11.62	12935882	243587936.00
2008/04/23	11.62	12.13	11.44	12.05	18716037	374490560.00
2008/04/30	13.10	13.10	13.10	13.10	1735349	38663576.00
2008/05/05	13.98	13.98	12.85	13.46	46543992	1052967168.00
2008/05/06	13.15	14.05	13.15	13.72	21300024	497681536.00
2008/05/07	13.62	13.82	12.97	13.05	13955115	318008032.00
2008/05/08	12.80	13.28	12.50	13.27	12330952	269652960.00
2008/05/09	13.33	13.65	13.00	13.06	11747247	265204288.00
2008/05/12	13.05	13.80	12.85	13.60	11296302	260536928.00
2008/05/13	13.23	14.44	13.05	14.07	18217223	438158976.00
2008/05/14	14.11	14.75	13.90	14.15	15070303	373532512.00
2008/05/15	14.19	14.40	13.80	13.82	9744121	234098944.00
2008/05/16	13.84	14.07	13.73	14.00	7023542	167577984.00
2008/05/19	13.98	14.41	13.83	14.35	7023870	171281664.00
2008/05/21	13.46	13.67	13.08	13.42	16875312	383127232.00
2008/05/22	13.36	13.61	12.57	12.62	12248522	271127936.00
2008/05/23	12.44	12.93	12.44	12.64	7530168	162546128.00
2008/05/26	12.39	12.44	11.87	11.93	6523435	134082448.00
2008/05/27	11.98	12.34	11.93	12.13	4079784	83355744.00
2008/05/28	12.14	12.64	12.14	12.60	4023286	85005128.00
2008/05/29	12.62	12.87	12.33	12.34	3980371	85413432.00
2008/05/30	12.39	12.56	12.03	12.24	3521119	72702712.00
2008/06/02	12.26	12.34	11.94	12.19	3566770	72719120.00
2008/06/03	12.14	12.23	11.92	12.09	2747772	55570600.00
2008/06/04	12.11	12.28	11.98	12.14	3145705	64033340.00
2008/06/05	12.30	12.59	12.02	12.16	2452451	50341452.00
2008/06/06	12.21	12.28	11.52	11.68	5640341	111549424.00
2008/06/10	10.96	11.41	10.68	10.68	5949147	106357720.00
2008/06/11	10.45	11.00	10.34	10.69	5099609	89712544.00
2008/06/12	10.69	10.86	10.42	10.60	5127346	90102792.00
2008/06/13	10.60	10.83	10.34	10.35	2769180	48305844.00
2008/06/16	10.44	10.44	9.48	10.14	6275128	66462756.00
2008/06/17	9.84	10.09	9.36	9.48	7665911	80370696.00
2008/06/18	9.48	9.90	9.37	9.79	9974343	104268704.00
2008/06/19	9.68	9.68	8.98	8.98	6667518	66105052.00
2008/06/20	9.00	9.45	8.46	9.04	9814824	94213496.00
2008/06/23	8.97	9.25	8.60	9.04	3221458	30940558.00
2008/06/24	8.99	9.49	8.99	9.40	6743111	67313928.00
2008/06/25	9.36	9.79	9.36	9.73	7970673	82584480.00
2008/06/26	9.76	10.00	9.60	9.86	6633749	70478608.00
2008/06/27	9.56	9.60	9.04	9.14	6813138	67586632.00
2008/06/30	9.03	9.31	8.85	9.04	6862354	65854256.00
2008/07/01	9.09	9.26	8.92	8.96	4110137	39445544.00
2008/07/02	9.06	9.39	8.93	9.23	4963777	48660188.00
2008/07/03	9.16	9.99	9.09	9.99	7615536	79628808.00
2008/07/04	10.03	10.29	9.90	10.06	10678895	117153240.00
2008/07/07	10.13	10.71	10.13	10.57	8572522	97749992.00
2008/07/08	10.46	10.73	10.13	10.46	7878208	89549232.00
2008/07/09	10.43	10.88	10.33	10.74	13970834	161989600.00
2008/07/10	10.57	10.88	10.46	10.50	8898539	104033160.00
2008/07/11	10.41	10.55	10.06	10.49	9122566	102525064.00
2008/07/14	10.76	11.12	10.66	10.84	17907635	212889664.00
2008/07/15	10.95	11.04	10.19	10.30	16618327	191305440.00
2008/07/16	10.14	10.18	9.45	9.71	10106898	107280808.00
2008/07/17	9.91	9.99	9.66	9.80	10545754	111665888.00
2008/07/18	9.87	10.59	9.80	10.46	10896657	119893128.00
2008/07/21	10.50	10.91	10.38	10.89	12637286	148591504.00
2008/07/22	10.83	10.94	10.64	10.70	10375568	122446472.00
2008/07/23	10.83	10.90	10.51	10.59	7814138	91665152.00
2008/07/24	10.76	10.91	10.53	10.82	8459051	99695824.00
2008/07/25	10.68	10.81	10.56	10.64	6316287	74046784.00
2008/07/28	10.68	10.76	10.49	10.56	6196447	72152256.00
2008/07/29	10.47	10.50	10.18	10.49	5556273	62545176.00
2008/07/30	10.60	10.66	10.23	10.31	4405369	50170120.00
2008/07/31	10.42	10.42	9.77	9.82	5108865	55404276.00
2008/08/01	9.62	10.12	9.61	9.99	5234804	56197888.00
2008/08/04	9.91	10.37	9.76	10.20	7244048	80080736.00
2008/08/05	10.22	10.49	9.90	9.96	7134929	79870544.00
2008/08/06	10.05	10.15	9.63	9.84	4260968	45339152.00
2008/08/07	9.83	9.96	9.61	9.84	3333921	35319664.00
2008/08/08	9.89	9.96	9.33	9.40	5869215	60610832.00
2008/08/11	9.39	9.50	8.63	8.81	5620484	53746744.00
2008/08/12	8.83	9.13	8.68	8.90	4080367	38171428.00
2008/08/13	8.83	9.20	8.69	9.19	5823966	55303728.00
2008/08/14	9.18	9.45	9.07	9.35	4444977	44147944.00
2008/08/18	9.37	9.46	9.01	9.03	5111720	50313236.00
2008/08/19	8.84	9.34	8.83	9.30	3997590	39338148.00
2008/08/20	9.30	10.04	9.07	10.00	5646461	59146800.00
2008/08/21	9.87	10.13	9.59	9.63	4116368	43463384.00
2008/08/22	9.53	9.68	9.26	9.49	2665231	26926792.00
2008/08/25	9.45	9.68	9.32	9.52	2301892	23580510.00
2008/08/26	9.41	9.50	8.99	9.18	2696647	26262590.00
2008/08/27	9.10	9.30	8.76	8.94	3441132	32699086.00
2008/08/28	8.83	9.03	8.83	8.89	1636596	15428258.00
2008/08/29	8.98	9.21	8.91	9.09	2040188	19620950.00
2008/09/01	9.14	9.28	8.93	9.02	2039087	19659122.00
2008/09/02	8.95	9.06	8.85	8.93	1753280	16517197.00
2008/09/03	8.90	8.99	8.20	8.23	12437955	107099744.00
2008/09/04	8.06	8.29	7.92	8.16	3896959	32581208.00
2008/09/05	7.93	8.00	7.62	7.75	6501797	51523232.00
2008/09/08	7.73	7.91	7.30	7.68	4418127	33728176.00
2008/09/09	7.66	7.73	7.53	7.66	1617817	12545334.00
2008/09/10	7.58	8.01	7.53	7.73	3129681	24936504.00
2008/09/11	7.71	7.80	7.56	7.56	1925850	14905383.00
2008/09/12	7.59	7.66	7.47	7.52	2639730	20149008.00
2008/09/16	7.60	7.69	7.40	7.50	3336967	25326008.00
2008/09/17	7.46	7.58	7.37	7.47	2679165	20178896.00
2008/09/18	7.43	7.45	6.90	7.30	6225025	43406064.00
2008/09/19	7.84	7.86	7.59	7.86	7660982	61005240.00
2008/09/22	8.30	8.47	7.96	8.12	11237122	95272616.00
2008/09/23	7.91	7.92	7.54	7.56	6354617	49913728.00
2008/09/24	7.49	7.77	7.38	7.76	4920562	37830052.00
2008/09/25	7.69	8.03	7.69	7.90	6842372	55141156.00
2008/09/26	7.99	8.00	7.73	7.83	4757483	38221776.00
2008/10/06	7.76	7.76	7.39	7.53	4607531	35115572.00
2008/10/07	7.30	7.60	7.14	7.41	2967031	21906872.00
2008/10/08	7.27	7.44	7.14	7.20	2917423	21346358.00
2008/10/09	7.37	7.37	7.13	7.13	3563621	25636558.00
2008/10/10	6.99	6.99	6.74	6.76	3557664	24060544.00
2008/10/13	6.68	6.90	6.46	6.89	3369883	21889848.00
2008/10/14	7.16	7.19	6.64	6.66	4736011	32450938.00
2008/10/15	6.60	6.80	6.57	6.70	2309101	15051528.00
2008/10/16	6.46	6.52	6.20	6.23	4935939	29674544.00
2008/10/17	6.30	6.33	6.14	6.26	2781914	16499903.00
2008/10/20	6.26	6.36	6.13	6.33	4888669	28806148.00
2008/10/21	6.33	6.46	6.28	6.33	4079472	24821092.00
2008/10/22	6.28	6.50	6.26	6.40	4121563	25344920.00
2008/10/23	6.26	6.53	6.18	6.51	3390556	20771620.00
2008/10/24	6.51	6.70	6.26	6.29	5237650	32741884.00
2008/10/27	6.28	6.28	5.83	5.83	4744239	26491804.00
2008/10/28	5.73	5.97	5.64	5.90	4139231	22224376.00
2008/10/29	5.96	6.03	5.53	5.77	4502317	24120048.00
2008/10/30	5.75	5.77	5.50	5.60	20469281	103116512.00
2008/10/31	5.51	5.52	5.28	5.34	14476603	69326824.00
2008/11/03	5.30	5.33	5.10	5.11	9073799	41465264.00
2008/11/04	5.06	5.22	5.05	5.14	6329962	28624276.00
2008/11/05	5.20	5.39	5.16	5.29	9976215	46642928.00
2008/11/06	5.16	5.22	5.10	5.19	5444833	24545946.00
2008/11/07	5.08	5.26	5.06	5.24	5381390	24607776.00
2008/11/10	5.33	5.59	5.26	5.54	10226130	49902048.00
2008/11/11	5.51	5.68	5.43	5.51	11611049	58794880.00
2008/11/12	5.43	5.63	5.41	5.62	10195437	51478208.00
2008/11/13	5.62	6.01	5.62	6.01	23951780	131144544.00
2008/11/14	6.15	6.22	5.90	6.19	32581198	186983616.00
2008/11/17	6.13	6.40	6.01	6.36	23981488	141065216.00
2008/11/18	6.28	6.37	5.90	5.90	16773683	96934128.00
2008/11/19	5.79	6.20	5.76	6.14	17866057	99816304.00
2008/11/20	6.07	6.18	5.93	6.02	11699581	66560784.00
2008/11/21	5.90	6.02	5.68	5.90	12859166	69546856.00
2008/11/24	5.90	5.94	5.57	5.60	8523321	45070804.00
2008/11/25	5.68	5.75	5.50	5.60	6438234	32866276.00
2008/11/26	5.60	5.66	5.51	5.60	4719170	24053460.00
2008/11/27	5.91	5.95	5.60	5.62	11798068	63006408.00
2008/11/28	5.60	5.63	5.30	5.45	9502485	46900264.00
2008/12/01	5.41	5.64	5.34	5.63	9259130	46374184.00
2008/12/02	5.52	5.78	5.46	5.76	11612537	60253576.00
2008/12/03	5.82	6.06	5.76	6.04	15691315	86830384.00
2008/12/04	6.06	6.36	6.01	6.06	25462667	148768128.00
2008/12/05	6.03	6.43	6.00	6.40	22252285	131805072.00
2008/12/08	6.48	6.72	6.44	6.64	32033157	204883712.00
2008/12/09	6.72	6.72	6.37	6.39	22611690	141918272.00
2008/12/10	6.35	6.86	6.31	6.86	31888838	206730096.00
2008/12/11	6.91	7.00	6.68	6.72	31994375	214445536.00
2008/12/15	6.56	6.61	6.31	6.50	19976585	123913848.00
2008/12/16	6.40	6.40	6.06	6.33	15697243	92909128.00
2008/12/17	6.38	6.48	6.29	6.36	15589744	95465336.00
2008/12/18	6.36	6.52	6.23	6.50	16622206	101280584.00
2008/12/19	6.51	6.76	6.50	6.54	21384079	137922096.00
2008/12/22	6.48	6.54	6.30	6.40	15549725	95616320.00
2008/12/23	6.41	6.44	6.04	6.06	18208915	107176392.00
2008/12/24	5.99	6.09	5.83	5.90	11950484	66626304.00
2008/12/25	5.91	6.03	5.88	5.93	7617193	42194748.00
2008/12/26	5.96	5.96	5.83	5.83	6417165	35200692.00
2008/12/29	5.83	5.83	5.61	5.72	10011190	52136100.00
2008/12/30	5.68	5.77	5.53	5.60	12602479	64769184.00
2008/12/31	5.60	5.65	5.51	5.52	6006862	30540264.00
2011/10/10	6.08	6.16	6.00	6.04	6948168	42196708.00
2011/10/11	6.22	6.26	6.01	6.06	8626350	52968988.00
2011/10/12	6.06	6.53	6.00	6.50	19669810	125148952.00
2011/10/13	6.44	6.59	6.41	6.51	12577529	82009168.00
2011/10/14	6.49	6.51	6.34	6.43	6799888	43821104.00
2011/10/17	6.43	6.52	6.39	6.46	7433392	48250368.00
2011/10/18	6.44	6.44	6.12	6.17	10189798	63916200.00
2011/10/19	6.18	6.22	6.06	6.14	6359005	39242368.00
2011/10/20	6.10	6.12	5.81	5.88	10069366	60188048.00
2011/10/21	5.87	5.96	5.84	5.87	4464126	26429384.00
2011/10/24	5.91	6.07	5.82	6.04	5478632	32812032.00
2011/10/25	6.06	6.21	5.97	6.18	8561449	52686452.00
2011/10/26	6.12	6.42	6.10	6.27	15090649	95602080.00
2011/10/27	6.25	6.32	6.17	6.20	10024191	62846388.00
2011/10/28	6.28	6.48	6.26	6.37	11569052	73949792.00
2011/10/31	6.33	6.45	6.29	6.44	11542117	73925768.00
2011/11/01	6.37	6.50	6.31	6.36	11349090	73073392.00
2011/11/02	6.22	6.43	6.14	6.41	11716902	73889032.00
2011/11/03	6.45	6.58	6.38	6.50	18258749	119248008.00
2011/11/04	6.51	6.65	6.45	6.56	16231954	106854336.00
2011/11/07	6.52	6.75	6.47	6.64	23088550	154339088.00
2011/11/08	6.60	6.65	6.44	6.49	12734121	83481800.00
2011/11/09	6.47	6.55	6.37	6.53	6930726	45049536.00
2011/11/10	6.44	6.47	6.31	6.32	11431159	73195336.00
2011/11/11	6.32	6.37	6.19	6.22	9958737	62778080.00
2011/11/14	6.27	6.39	6.27	6.37	9305199	59294356.00
2011/11/15	6.36	6.49	6.35	6.45	11800528	76105680.00
2011/11/16	6.49	6.52	6.28	6.32	16083293	103244896.00
2011/11/17	6.28	6.40	6.22	6.26	9352990	59471264.00
2011/11/18	6.21	6.24	6.02	6.03	8654998	53109664.00
2011/11/21	6.05	6.08	5.95	6.04	6861060	41352432.00
2011/11/22	5.97	6.01	5.92	6.00	5235596	31422592.00
2011/11/23	6.00	6.05	5.92	5.94	4210187	25236974.00
2011/11/24	5.88	5.95	5.80	5.92	6314759	37212312.00
2011/11/25	5.97	6.32	5.94	6.07	27264129	168239376.00
2011/11/28	6.06	6.18	5.88	6.00	15022985	90918000.00
2011/11/29	6.08	6.32	5.97	6.28	23715200	147454320.00
2011/11/30	6.22	6.35	6.01	6.14	22970101	143080448.00
2011/12/01	6.30	6.43	6.17	6.26	28137359	178460656.00
2011/12/02	6.25	6.25	5.97	5.98	13809074	84166744.00
2011/12/05	5.97	5.97	5.45	5.52	24137644	136381840.00
2011/12/06	5.52	5.55	5.39	5.44	7921730	43555080.00
2011/12/07	5.46	5.54	5.36	5.42	9153101	50226532.00
2011/12/08	5.42	5.42	5.25	5.35	8317832	44666672.00
2011/12/09	5.28	5.35	5.24	5.25	6965692	36946544.00
2011/12/12	5.25	5.39	5.21	5.38	8789019	46944664.00
2011/12/13	5.35	5.39	5.18	5.23	8830881	47243984.00
2011/12/14	5.23	5.25	5.05	5.09	5618585	29083700.00
2011/12/15	5.07	5.09	4.85	4.86	7550173	37644568.00
2011/12/16	4.90	5.05	4.86	5.04	4538242	22526768.00
2011/12/19	4.98	5.02	4.82	4.99	5653616	28012612.00
2011/12/20	4.97	5.08	4.95	4.97	6580936	33140072.00
2011/12/21	5.00	5.05	4.85	4.85	7300704	36430016.00
2011/12/22	4.77	4.78	4.45	4.65	14040582	65071864.00
2011/12/23	4.61	4.77	4.55	4.67	6608158	31042796.00
2011/12/26	4.67	4.72	4.62	4.65	5010938	23553992.00
2012/01/04	4.89	4.97	4.65	4.66	13771950	66438172.00
2012/01/05	4.58	4.64	4.44	4.48	9934660	45555584.00
2012/01/06	4.45	4.49	4.36	4.48	10076308	44874672.00
2012/01/09	4.48	4.82	4.38	4.80	18363967	85214968.00
2012/01/10	4.75	5.07	4.72	5.02	24534243	121396776.00
2012/01/11	4.96	5.02	4.90	4.95	12969433	64730352.00
2012/01/12	4.95	5.01	4.90	4.97	9290750	46210912.00
2012/01/13	4.95	4.99	4.72	4.74	10780554	52248140.00
2012/01/16	4.67	4.76	4.63	4.63	5579068	26361816.00
2012/01/17	4.63	4.98	4.63	4.94	10021356	48747488.00
2012/01/18	4.96	5.02	4.85	4.87	10470949	52073288.00
2012/01/20	4.93	5.01	4.89	4.97	8453741	42102612.00
2012/01/30	5.01	5.18	4.94	5.01	11251351	57276836.00
2012/01/31	4.98	5.03	4.89	4.95	6944986	34599640.00
2012/02/01	4.95	4.96	4.83	4.86	6577690	32368684.00
2012/02/02	4.87	4.97	4.86	4.97	5451442	26978582.00
2012/02/03	4.96	5.10	4.94	5.05	9455962	47816644.00
2012/02/06	5.07	5.08	4.99	5.04	9917074	50194924.00
2012/02/07	5.02	5.02	4.88	4.92	6558790	32503768.00
2012/02/08	4.91	5.06	4.87	5.04	10927423	54594364.00
2012/02/09	5.02	5.27	5.02	5.17	25191398	130977400.00
2012/02/10	5.14	5.38	5.12	5.24	18702608	98966800.00
2012/02/13	5.17	5.28	5.15	5.21	10944064	57355144.00
2012/02/14	5.21	5.38	5.18	5.31	15921360	84983872.00
2012/02/15	5.28	5.48	5.26	5.40	13294509	71785912.00
2012/02/16	5.38	5.57	5.35	5.43	14910474	81850616.00
2012/02/17	5.44	5.49	5.30	5.34	8731415	47011052.00
2012/02/20	5.42	5.47	5.31	5.33	8555983	46363592.00
2012/02/21	5.34	5.37	5.23	5.34	11236638	59853340.00
2012/02/22	5.34	5.45	5.29	5.41	15737873	85025448.00
2012/02/23	5.40	5.52	5.35	5.51	19042003	104270656.00
2012/02/24	5.49	5.57	5.41	5.54	17539744	96849064.00
2012/02/28	5.53	5.57	5.27	5.41	17800029	97046760.00
2012/02/29	5.39	5.43	5.30	5.35	8270416	44611556.00
2012/03/01	5.33	5.51	5.32	5.46	15615033	85370512.00
2012/03/02	5.45	5.52	5.42	5.50	15285921	84083624.00
2012/03/05	5.56	5.73	5.49	5.51	26857265	151984016.00
2012/03/06	5.50	5.72	5.50	5.61	28696595	161443280.00
2012/03/07	5.53	5.54	5.42	5.45	17900410	98573248.00
2012/03/08	5.45	5.51	5.33	5.49	14757531	80931664.00
2012/03/09	5.51	5.62	5.49	5.60	12980220	72477584.00
2012/03/12	5.59	5.62	5.47	5.56	12503723	69607896.00
2012/03/13	5.55	5.62	5.47	5.61	13613988	76119720.00
2012/03/14	5.64	5.69	5.22	5.27	27517248	152614016.00
2012/03/15	5.25	5.31	5.02	5.06	18601067	96026624.00
2012/03/16	5.07	5.19	5.06	5.18	11958950	61714600.00
2012/03/19	5.16	5.29	5.11	5.27	13955277	73132424.00
2012/03/20	5.33	5.33	5.11	5.17	11496137	59874304.00
2012/03/21	5.18	5.21	5.07	5.17	9567145	49514112.00
2012/03/22	5.17	5.30	5.07	5.16	13731997	71845552.00
2012/03/23	5.12	5.14	5.02	5.03	8301384	42385752.00
2012/03/26	5.04	5.08	4.97	5.02	6096107	30822324.00
2012/03/27	5.05	5.06	4.94	4.95	7181459	36093424.00
2012/03/28	4.95	4.95	4.65	4.67	10819591	51895556.00
2012/03/29	4.66	4.72	4.58	4.62	6599121	30900448.00
2012/03/30	4.62	4.67	4.57	4.63	4027794	18733112.00
2012/04/05	4.62	4.82	4.62	4.80	9318468	44420080.00
2012/04/09	4.77	4.94	4.70	4.83	12306668	59846252.00
2012/04/10	4.76	4.85	4.68	4.84	7322349	35062136.00
2012/04/11	4.77	4.84	4.75	4.82	5132314	24757794.00
2012/04/12	4.79	4.96	4.79	4.91	12380513	61136444.00
2012/04/13	4.92	5.07	4.88	4.99	18621863	93570616.00
2012/04/16	4.92	5.01	4.89	5.00	7231677	36015512.00
2012/04/17	5.00	5.02	4.88	4.91	5381535	26771592.00
2012/04/18	4.91	5.16	4.89	5.07	11316893	57020620.00
2012/04/19	5.05	5.17	4.97	5.13	16047192	81982768.00
2012/04/20	5.08	5.15	5.05	5.12	8530013	43865376.00
2012/04/23	5.10	5.24	5.02	5.11	16373154	84447160.00
2012/04/24	5.04	5.20	4.90	5.05	21234631	108156696.00
2012/04/25	5.02	5.22	5.01	5.20	32333810	166839568.00
2012/04/26	5.18	5.25	5.13	5.15	16782054	87367768.00
2012/04/27	5.15	5.18	5.01	5.02	12267816	62636872.00
2012/05/02	5.07	5.10	5.00	5.04	12805755	65175588.00
2012/05/03	5.04	5.08	5.01	5.04	7011276	35572696.00
2012/05/04	5.02	5.10	5.00	5.06	8244962	41873452.00
2012/05/07	5.04	5.07	5.00	5.04	8705408	44067896.00
2012/05/08	5.05	5.05	4.97	5.02	6366469	32091488.00
2012/05/09	5.00	5.00	4.77	4.79	14197827	69582624.00
2012/05/10	4.78	4.85	4.77	4.81	5716417	27669464.00
2012/05/11	4.82	4.86	4.76	4.78	5252180	25410226.00
2012/05/14	4.82	4.88	4.77	4.80	6124420	29734740.00
2012/05/15	4.79	4.89	4.77	4.85	7424585	36080776.00
2012/05/16	4.88	4.92	4.77	4.77	8219037	40101852.00
2012/05/17	4.76	4.85	4.72	4.83	7572140	36517692.00
2012/05/18	4.77	4.81	4.70	4.73	6296547	30150028.00
2012/05/21	4.74	4.75	4.66	4.71	3914214	18541996.00
2012/05/22	4.75	4.78	4.72	4.78	3508339	16773388.00
2012/05/23	4.77	4.77	4.69	4.73	4336120	20627762.00
2012/05/24	4.71	4.74	4.66	4.69	4744309	22437388.00
2012/05/25	4.70	4.78	4.64	4.70	7214025	34368492.00
2012/05/28	4.71	4.76	4.59	4.75	5593394	26150832.00
2012/05/29	4.75	4.85	4.72	4.82	7399369	35587984.00
2012/05/30	4.83	4.96	4.79	4.89	12983459	63587616.00
2012/05/31	4.84	4.87	4.80	4.82	7347256	35573656.00
2012/06/01	4.83	4.85	4.77	4.80	4237910	20462240.00
2012/06/04	4.70	4.73	4.62	4.63	7863862	36840728.00
2012/06/05	4.64	4.67	4.60	4.62	3425280	15897521.00
2012/06/06	4.64	4.67	4.55	4.56	5505211	25350866.00
2012/06/07	4.61	4.62	4.49	4.50	4583385	20920206.00
2012/06/08	4.54	4.55	4.48	4.48	3834999	17353724.00
2012/06/11	4.50	4.58	4.48	4.56	3639318	16502982.00
2012/06/12	4.53	4.53	4.49	4.50	2951103	13327787.00
2012/06/13	4.52	4.57	4.50	4.57	4688792	21357452.00
2012/06/14	4.55	4.57	4.49	4.50	5111307	23196752.00
2012/06/15	4.50	4.54	4.45	4.52	5566744	25082720.00
2012/06/18	4.55	4.60	4.52	4.56	5297015	24258890.00
2012/06/19	4.52	4.56	4.50	4.53	2469298	11195787.00
2012/06/20	4.54	4.57	4.51	4.53	3095873	14061461.00
2012/06/21	4.52	4.52	4.45	4.48	3346923	15016462.00
2012/06/25	4.45	4.48	4.29	4.33	5046561	22197472.00
2012/06/26	4.32	4.35	4.27	4.33	4096910	17671182.00
2012/06/27	4.34	4.34	4.27	4.28	3416456	14772852.00
2012/06/28	4.28	4.30	4.15	4.16	5201931	22027584.00
2012/06/29	4.15	4.19	4.10	4.19	5021343	20891784.00
2012/07/02	4.19	4.23	4.18	4.19	3347574	14096626.00
2012/07/03	4.18	4.25	4.17	4.19	3511027	14800539.00
2012/07/04	4.20	4.22	4.14	4.17	3269825	13689968.00
2012/07/05	4.17	4.17	4.02	4.03	4882306	19910984.00
2012/07/06	4.05	4.12	3.99	4.11	6621221	26825322.00
2012/07/09	4.07	4.07	3.98	3.99	4504817	18173796.00
2012/07/10	3.98	3.99	3.94	3.98	3968706	15778606.00
2012/07/11	3.97	4.03	3.96	4.02	2846373	11412801.00
2012/07/12	4.01	4.11	3.97	4.06	4546987	18435704.00
2012/07/13	4.06	4.08	4.02	4.03	2643372	10709370.00
2012/07/16	4.04	4.04	3.89	3.90	4414770	17429644.00
2012/07/17	3.90	3.96	3.88	3.93	3412972	13388016.00
2012/07/18	3.93	3.98	3.89	3.98	3192748	12568283.00
2012/07/19	3.96	4.04	3.94	4.00	6964266	28013262.00
2012/07/20	4.00	4.04	3.97	3.99	3918131	15737340.00
2012/07/23	3.94	3.95	3.90	3.93	3056603	12025576.00
2012/07/24	3.90	3.98	3.90	3.96	3169960	12547871.00
2012/07/25	3.94	4.06	3.93	3.99	5949935	23891420.00
2012/07/26	4.00	4.02	3.95	3.96	2931380	11727995.00
2012/07/27	3.95	4.00	3.94	3.96	2311199	9188068.00
2012/07/30	3.96	4.00	3.89	3.91	3825863	15085953.00
2012/07/31	3.91	3.93	3.79	3.82	3793648	14616746.00
2012/08/01	3.79	3.88	3.79	3.87	3014899	11654605.00
2012/08/02	3.86	4.00	3.85	3.90	5358789	21159770.00
2012/08/03	3.89	3.97	3.88	3.97	4782488	18871710.00
2012/08/06	3.93	4.03	3.92	4.02	5214235	20859800.00
2012/08/07	4.03	4.13	4.00	4.09	9828995	40141016.00
2012/08/08	4.10	4.10	4.01	4.02	6033083	24454694.00
2012/08/09	4.03	4.06	3.99	4.05	4726939	19098916.00
2012/08/10	4.04	4.09	4.02	4.07	5245522	21354656.00
2012/08/13	4.05	4.05	3.97	3.97	4195761	16840492.00
2012/08/14	3.97	3.99	3.90	3.97	3244526	12836300.00
2012/08/15	3.97	3.97	3.92	3.94	2059847	8150708.00
2012/08/16	3.94	4.06	3.91	4.01	7123227	28538260.00
2012/08/17	3.97	4.04	3.92	3.99	4053811	16184897.00
2012/08/20	3.97	3.97	3.91	3.95	2311197	9122110.00
2012/08/21	3.93	3.99	3.93	3.97	3090190	12306327.00
2012/08/22	3.97	3.99	3.92	3.93	3192006	12634542.00
2012/08/23	3.94	3.95	3.86	3.93	7409247	28976352.00
2012/08/24	3.91	3.91	3.85	3.88	3397408	13199294.00
2012/08/27	3.87	3.87	3.73	3.74	7658333	29019500.00
2012/08/28	3.73	3.81	3.71	3.78	3313001	12517309.00
2012/08/29	3.78	3.78	3.66	3.67	5158957	19260980.00
2012/08/30	3.67	3.72	3.62	3.66	4059533	14928928.00
2012/08/31	3.64	3.67	3.61	3.65	3209240	11727383.00
2012/09/03	3.64	3.71	3.63	3.69	3289987	12141383.00
2012/09/04	3.69	3.71	3.61	3.62	3099180	11380564.00
2012/09/05	3.62	3.64	3.56	3.60	3858960	13898397.00
2012/09/06	3.61	3.66	3.59	3.66	3469815	12594509.00
2012/09/07	3.67	3.85	3.66	3.81	13051617	49494816.00
2012/09/10	3.80	3.88	3.77	3.84	8732726	33449400.00
2012/09/11	3.81	3.81	3.77	3.80	6200264	23533508.00
2012/09/12	3.80	3.83	3.76	3.80	5979767	22754216.00
2012/09/13	3.79	3.81	3.73	3.74	4806795	18211064.00
2012/09/14	3.76	3.79	3.71	3.76	5232676	19701850.00
2012/09/17	3.75	3.75	3.61	3.62	6033858	22294160.00
2012/09/18	3.61	3.63	3.58	3.60	4147639	14975045.00
2012/09/19	3.61	3.62	3.58	3.61	3390244	12248212.00
2012/09/20	3.61	3.62	3.49	3.50	5979549	21348248.00
2012/09/21	3.49	3.55	3.49	3.50	3960239	13961791.00
2012/09/24	3.47	3.50	3.41	3.48	4611155	16017381.00
2012/09/25	3.48	3.50	3.44	3.44	3143364	10912575.00
2012/09/26	3.43	3.52	3.37	3.49	5710302	19610460.00
2012/09/27	3.43	3.57	3.42	3.53	9175771	32199672.00
2012/09/28	3.51	3.60	3.50	3.58	6701705	23881984.00
2012/10/08	3.57	3.60	3.51	3.53	4071464	14490384.00
2012/10/09	3.54	3.61	3.54	3.61	5333544	19171624.00
2012/10/10	3.59	3.79	3.58	3.70	15580332	57784648.00
2012/10/11	3.68	3.74	3.62	3.68	10859061	40128000.00
2012/10/12	3.69	3.71	3.49	3.62	8310775	30412620.00
2012/10/15	3.60	3.66	3.55	3.60	4661617	16835040.00
2012/10/16	3.60	3.65	3.58	3.64	4508405	16398273.00
2012/10/17	3.64	3.75	3.63	3.72	13080823	48499336.00
2012/10/18	3.70	3.88	3.70	3.81	17271080	65937948.00
2012/10/19	3.80	3.81	3.75	3.77	6789915	25710192.00
2012/10/22	3.75	3.78	3.73	3.76	4260722	16047775.00
2012/10/23	3.77	3.84	3.73	3.73	6040592	22863352.00
2012/10/24	3.73	3.88	3.73	3.85	16291565	62485332.00
2012/10/25	4.08	4.24	3.96	3.98	51149316	210812800.00
2012/10/26	3.89	4.07	3.89	3.97	22641987	90002600.00
2012/10/29	3.92	4.04	3.83	4.00	16381998	64765628.00
2012/10/30	3.98	3.98	3.81	3.81	12280288	47939096.00
2012/10/31	3.80	3.84	3.71	3.78	9894987	37316292.00
2012/11/01	3.77	3.86	3.76	3.83	8754153	33607900.00
2012/11/02	3.84	3.86	3.78	3.84	9421075	35984396.00
2012/11/05	3.83	3.84	3.78	3.82	6065239	23134118.00
2012/11/06	3.82	3.82	3.67	3.73	8379375	31324836.00
2012/11/07	3.73	3.74	3.69	3.72	3862837	14383740.00
2012/11/08	3.68	3.71	3.62	3.65	5934059	21820160.00
2012/11/09	3.63	3.73	3.62	3.69	4136043	15128318.00
2012/11/12	3.67	3.94	3.67	3.87	16446378	63055336.00
2012/11/13	3.85	3.87	3.73	3.73	9727485	36821352.00
2012/11/14	3.68	3.83	3.66	3.76	7457553	28179416.00
2012/11/15	3.67	3.81	3.67	3.70	6242784	23340916.00
2012/11/16	3.66	3.69	3.60	3.63	4286997	15609927.00
2012/11/19	3.61	3.66	3.57	3.63	4785751	17308308.00
2012/11/20	3.65	3.67	3.57	3.59	3765086	13690374.00
2012/11/21	3.58	3.63	3.54	3.63	4490067	16166644.00
2012/11/22	3.62	3.70	3.57	3.67	7745917	28404598.00
2012/11/23	3.65	3.70	3.63	3.65	3228480	11863701.00
2012/11/26	3.66	3.66	3.58	3.59	2774543	10068474.00
2012/11/27	3.59	3.62	3.41	3.44	5879336	20515060.00
2012/11/28	3.45	3.56	3.36	3.53	6375488	22108378.00
2012/11/29	3.47	3.55	3.43	3.53	5903951	20670712.00
2012/11/30	3.48	3.56	3.48	3.52	5019292	17728762.00
2012/12/03	3.55	3.56	3.42	3.48	3713434	13004151.00
2012/12/04	3.45	3.55	3.40	3.54	4259719	14838373.00
2012/12/05	3.53	3.70	3.50	3.63	14687928	53442708.00
2012/12/06	3.62	3.66	3.59	3.60	4558891	16535559.00
2012/12/07	3.66	3.75	3.59	3.71	12422294	45961656.00
2012/12/10	3.73	3.80	3.68	3.72	10549774	39614764.00
2012/12/11	3.73	3.74	3.68	3.71	5247372	19501784.00
2012/12/12	3.71	3.74	3.65	3.67	4526357	16730277.00
2012/12/13	3.66	3.81	3.63	3.69	11824785	44131168.00
2012/12/14	3.68	3.83	3.65	3.81	14161559	53545152.00
2012/12/17	3.79	3.87	3.77	3.83	9895686	37873948.00
2012/12/18	3.83	3.89	3.78	3.81	8844467	33998520.00
2012/12/19	3.80	3.83	3.77	3.78	5905388	22466984.00
2012/12/20	3.81	3.90	3.81	3.85	13290636	51230532.00
2012/12/21	3.87	3.90	3.79	3.80	8697798	33499136.00
2012/12/24	3.80	3.82	3.76	3.80	7346059	27890468.00
2012/12/25	3.79	3.90	3.77	3.86	11268540	43547208.00
2012/12/26	3.87	4.00	3.85	3.97	18821043	74277360.00
2012/12/27	4.01	4.14	3.95	3.99	24806323	100358784.00
2012/12/28	3.99	4.01	3.92	3.98	9942241	39504024.00
2012/12/31	3.98	4.09	3.95	4.08	16346756	65742228.00
2013/01/04	4.08	4.12	3.97	3.99	10520653	42373752.00
2013/01/07	3.98	3.99	3.92	3.98	6849162	27133080.00
2013/01/08	3.97	3.99	3.91	3.97	5592527	22197770.00
2013/01/09	3.95	3.98	3.88	3.92	18626822	73342440.00
2013/01/10	3.92	3.95	3.89	3.93	10337815	40697080.00
2013/01/11	3.93	3.95	3.82	3.83	9359721	36429600.00
2013/01/14	3.82	3.94	3.81	3.93	11554048	45006660.00
2013/01/15	3.93	4.01	3.91	3.99	16471139	65641644.00
2013/01/16	3.99	4.00	3.90	3.96	8866050	35161368.00
2013/01/17	3.96	4.05	3.92	3.94	11730230	46764784.00
2013/01/18	3.95	3.99	3.93	3.98	6937573	27567588.00
2013/01/21	3.98	4.02	3.96	4.00	8046093	32206934.00
2013/01/22	4.00	4.00	3.90	3.93	8751427	34594768.00
2013/01/23	3.93	3.94	3.82	3.88	10165556	39503628.00
2013/01/24	3.87	3.93	3.80	3.82	9742134	37718376.00
2013/01/25	3.82	3.83	3.78	3.80	7153307	27269128.00
2013/01/28	3.81	3.87	3.80	3.86	5984084	23041612.00
2013/01/29	3.87	3.90	3.85	3.87	6161812	23891992.00
2013/01/30	3.85	3.85	3.73	3.82	17602189	66769184.00
2013/01/31	3.79	3.81	3.76	3.79	8865871	33606864.00
2013/02/01	3.79	3.82	3.77	3.80	7855329	29891280.00
2013/02/04	3.80	3.81	3.74	3.77	8848518	33435568.00
2013/02/05	3.76	3.81	3.74	3.80	6910638	26129760.00
2013/02/06	3.80	3.83	3.77	3.82	7374594	28136556.00
2013/02/07	3.81	3.86	3.80	3.84	8719265	33504436.00
2013/02/08	3.84	3.90	3.83	3.86	7410905	28720256.00
2013/02/18	3.87	3.96	3.86	3.95	15026172	59130528.00
2013/02/19	3.94	4.10	3.90	4.03	27655495	111231488.00
2013/02/20	4.02	4.10	3.99	4.06	17026820	68963176.00
2013/02/21	4.04	4.04	3.88	3.91	14716371	58282640.00
2013/02/22	3.91	3.95	3.87	3.91	12580459	49255468.00
2013/02/25	3.90	3.93	3.86	3.88	8429489	32815260.00
2013/02/26	3.83	3.83	3.71	3.72	16349991	61787600.00
2013/02/27	3.73	3.75	3.69	3.72	6817376	25440420.00
2013/02/28	3.74	3.80	3.70	3.80	6831865	25746846.00
2013/03/01	3.79	3.79	3.72	3.76	6533694	24589544.00
2013/03/04	3.76	3.85	3.71	3.75	14014536	53054496.00
2013/03/05	3.75	3.79	3.71	3.79	7246524	27289940.00
2013/03/06	3.78	3.89	3.76	3.88	13440891	51908972.00
2013/03/07	3.87	3.87	3.77	3.81	8958007	34358668.00
2013/03/08	3.81	3.87	3.80	3.82	6245576	24018938.00
2013/03/11	3.82	3.86	3.79	3.83	4599826	17644622.00
2013/03/12	3.86	3.87	3.71	3.77	9950145	37878052.00
2013/03/13	3.75	3.76	3.68	3.72	6288434	23422024.00
2013/03/14	3.70	3.75	3.69	3.72	3617307	13491650.00
2013/03/15	3.72	3.77	3.64	3.66	10286781	38142960.00
2013/03/18	3.64	3.66	3.56	3.59	6783583	24547268.00
2013/03/19	3.59	3.62	3.56	3.61	3065830	11051320.00
2013/03/20	3.62	3.68	3.60	3.67	4591222	16783318.00
2013/03/21	3.67	3.75	3.67	3.70	6017509	22414504.00
2013/03/22	3.73	3.83	3.72	3.78	12532459	47481008.00
2013/03/25	3.76	3.77	3.72	3.72	5524367	20687566.00
2013/03/26	3.70	3.74	3.66	3.67	4785264	17676776.00
2013/03/27	3.68	3.70	3.61	3.64	6485452	23706244.00
2013/03/28	3.64	3.64	3.57	3.58	4560175	16402685.00
2013/03/29	3.58	3.61	3.57	3.59	2835241	10199195.00
2013/04/01	3.58	3.60	3.55	3.58	3782239	13557263.00
2013/04/02	3.59	3.63	3.56	3.58	4419819	15896727.00
2013/04/03	3.59	3.62	3.56	3.57	3164327	11352633.00
2013/04/08	3.53	3.56	3.50	3.55	4050211	14316765.00
2013/04/09	3.55	3.58	3.54	3.56	3275970	11690355.00
2013/04/10	3.56	3.57	3.53	3.55	3213749	11445902.00
2013/04/11	3.56	3.60	3.55	3.56	3585754	12842862.00
2013/04/12	3.57	3.58	3.52	3.54	2256143	8022030.00
2013/04/15	3.53	3.54	3.45	3.46	3054130	10670895.00
2013/04/16	3.44	3.52	3.42	3.52	3579370	12503532.00
2013/04/17	3.55	3.55	3.49	3.52	2235872	7884882.00
2013/04/18	3.50	3.56	3.48	3.54	2998901	10651101.00
2013/04/19	3.55	3.59	3.52	3.58	4364853	15605448.00
2013/04/22	3.54	3.56	3.52	3.54	3366454	11932934.00
2013/04/23	3.54	3.54	3.45	3.46	5266098	18356232.00
2013/04/24	3.48	3.50	3.45	3.48	5093697	17720536.00
2013/04/25	3.48	3.48	3.41	3.42	5435094	18749316.00
2013/04/26	3.42	3.43	3.39	3.39	3095800	10570366.00
2013/05/02	3.37	3.39	3.34	3.36	3488017	11770767.00
2013/05/03	3.38	3.43	3.37	3.39	3522869	12027066.00
2013/05/06	3.40	3.43	3.39	3.42	2835657	9715055.00
2013/05/07	3.43	3.43	3.39	3.42	3152960	10764709.00
2013/05/08	3.43	3.43	3.40	3.42	3321791	11368090.00
2013/05/09	3.42	3.43	3.37	3.38	4572851	15555630.00
2013/05/10	3.38	3.43	3.36	3.43	4455135	15236676.00
2013/05/13	3.43	3.44	3.40	3.43	3856578	13226771.00
2013/05/14	3.43	3.57	3.41	3.55	18582469	65514376.00
2013/05/15	3.51	3.54	3.50	3.52	5330105	18788924.00
2013/05/16	3.51	3.53	3.48	3.51	6324886	22209408.00
2013/05/17	3.52	3.55	3.49	3.54	5288577	18701476.00
2013/05/20	3.55	3.58	3.52	3.55	6313076	22429312.00
2013/05/21	3.55	3.61	3.50	3.58	9586166	34067692.00
2013/05/22	3.56	3.57	3.53	3.55	5743417	20406588.00
2013/05/23	3.54	3.54	3.49	3.51	5661954	19951004.00
2013/05/24	3.49	3.52	3.48	3.50	6981446	24486476.00
2013/05/27	3.52	3.56	3.50	3.53	7443086	26328580.00
2013/05/28	3.53	3.63	3.51	3.60	14509488	52177152.00
2013/05/29	3.61	3.61	3.55	3.58	10811198	38697676.00
2013/05/30	3.56	3.63	3.55	3.59	9208536	33206374.00
2013/05/31	3.59	3.61	3.55	3.55	6407938	22999316.00
2013/06/03	3.54	3.57	3.52	3.52	5134429	18237612.00
2013/06/04	3.55	3.55	3.45	3.47	5925858	20780390.00
2013/06/05	3.46	3.49	3.44	3.46	4683462	16220262.00
2013/06/06	3.45	3.45	3.39	3.40	5155055	17648488.00
2013/06/07	3.41	3.42	3.35	3.36	3753544	12750129.00
2013/06/13	3.30	3.34	3.20	3.23	5906318	19230672.00
2013/06/14	3.23	3.30	3.23	3.29	5303593	17335154.00
2013/06/17	3.29	3.32	3.26	3.28	2674246	8818889.00
2013/06/18	3.27	3.29	3.23	3.25	3588541	11702555.00
2013/06/19	3.26	3.27	3.20	3.24	4252458	13824185.00
2013/06/20	3.24	3.24	3.18	3.19	3620015	11658200.00
2013/06/21	3.17	3.18	3.09	3.14	3764857	11852330.00
2013/06/24	3.13	3.14	2.89	2.93	7415143	22355544.00
2013/06/25	2.91	2.94	2.64	2.81	9618777	26907684.00
2013/06/26	2.80	2.83	2.72	2.77	7634756	21225048.00
2013/06/27	2.78	2.81	2.68	2.70	9030526	24904638.00
2013/06/28	2.67	2.73	2.63	2.71	4691563	12700029.00
2013/07/01	2.71	2.80	2.69	2.77	4960775	13687761.00
2013/07/02	2.76	2.78	2.74	2.78	2639351	7332323.00
2013/07/03	2.78	2.79	2.71	2.75	2874559	7901781.00
2013/07/04	2.74	2.80	2.70	2.77	3727279	10321954.00
2013/07/05	2.77	2.82	2.75	2.78	4300129	12035848.00
2013/07/08	2.76	2.76	2.65	2.66	4651093	12580425.00
2013/07/09	2.65	2.69	2.64	2.67	2094758	5606119.00
2013/07/10	2.67	2.77	2.67	2.77	4499070	12275825.00
2013/07/11	2.76	2.89	2.75	2.86	8425589	23941306.00
2013/07/12	2.84	2.85	2.79	2.79	4949054	14000700.00
2013/07/15	2.79	2.82	2.76	2.79	5981301	16732268.00
2013/07/16	2.79	2.84	2.76	2.84	6655213	18691092.00
2013/07/17	2.82	2.84	2.80	2.80	3336948	9436433.00
2013/07/18	2.77	2.77	2.72	2.72	5124822	14116907.00
2013/07/19	2.75	2.77	2.67	2.67	3921812	10683060.00
2013/07/22	2.66	2.67	2.62	2.66	4131797	10962250.00
2013/07/23	2.66	2.73	2.65	2.72	4363789	11840053.00
2013/07/24	2.71	2.72	2.65	2.69	4043599	10907893.00
2013/07/25	2.69	2.71	2.63	2.67	5264153	14159605.00
2013/07/26	2.67	2.69	2.63	2.65	4456263	11874458.00
2013/07/29	2.65	2.65	2.60	2.62	3700688	9722713.00
2013/07/30	2.62	2.67	2.58	2.64	3853142	10138199.00
2013/07/31	2.64	2.67	2.62	2.64	2119427	5616355.00
2013/08/01	2.64	2.72	2.63	2.72	6504469	17516420.00
2013/08/02	2.71	2.72	2.69	2.71	4460311	12088391.00
2013/08/05	2.71	2.75	2.69	2.74	4776974	13056149.00
2013/08/06	2.73	2.77	2.71	2.76	4547724	12514626.00
2013/08/07	2.75	2.80	2.74	2.77	6581013	18376650.00
2013/08/08	2.76	2.77	2.73	2.75	3273390	9041319.00
2013/08/09	2.75	2.78	2.74	2.77	4180249	11568604.00
2013/08/12	2.78	2.85	2.76	2.84	9235478	26084974.00
2013/08/13	2.85	2.89	2.81	2.89	10343553	29654384.00
2013/08/14	2.88	2.90	2.82	2.84	9375883	26903504.00
2013/08/15	2.84	2.84	2.79	2.80	6351505	17928490.00
2013/08/16	2.78	2.86	2.75	2.77	9010398	25262150.00
2013/08/19	2.74	2.79	2.74	2.78	3788484	10525232.00
2013/08/20	2.77	2.79	2.74	2.76	4588599	12723852.00
2013/08/21	2.76	2.79	2.73	2.79	4692998	12989449.00
2013/08/22	2.77	2.78	2.75	2.76	5118814	14207259.00
2013/08/23	2.76	2.78	2.71	2.73	5277571	14525277.00
2013/08/26	2.73	2.79	2.73	2.79	4930386	13669667.00
2013/08/27	2.78	2.83	2.77	2.82	4524099	12730656.00
2013/08/28	2.80	2.82	2.77	2.81	6977857	19573936.00
2013/08/29	2.82	2.84	2.78	2.83	7154392	20189028.00
2013/08/30	2.82	2.88	2.80	2.84	10760343	30801684.00
2013/09/02	2.85	2.96	2.83	2.93	13766898	40080152.00
2013/09/03	2.95	3.22	2.94	3.22	49270678	156516576.00
2013/09/04	3.24	3.28	3.08	3.13	39953079	126923104.00
2013/09/05	3.05	3.20	3.04	3.15	24397961	76471840.00
2013/09/06	3.12	3.32	3.11	3.20	33096185	107020512.00
2013/09/09	3.14	3.39	3.14	3.25	28213701	92586720.00
2013/09/10	3.20	3.27	3.15	3.24	18157207	58468664.00
2013/09/11	3.23	3.43	3.19	3.32	30240162	100739536.00
2013/09/12	3.29	3.36	3.24	3.31	14346455	47429128.00
2013/09/13	3.29	3.32	3.21	3.23	12734345	41600972.00
2013/09/16	3.25	3.27	3.15	3.16	11858083	37836824.00
2013/09/17	3.15	3.17	3.05	3.07	10147119	31579340.00
2013/09/18	3.05	3.18	3.05	3.15	9172470	28778540.00
2013/09/23	3.15	3.23	3.13	3.20	8735188	27867172.00
2013/09/24	3.20	3.21	3.09	3.15	10620273	33487760.00
2013/09/25	3.14	3.34	3.12	3.22	20086897	65295136.00
2013/09/26	3.22	3.27	3.16	3.18	13408064	43284124.00
2013/09/27	3.15	3.18	3.08	3.14	6378545	20094810.00
2013/09/30	3.16	3.24	3.13	3.23	7875635	25231160.00
2013/10/08	3.22	3.41	3.21	3.30	17781481	59307160.00
2013/10/09	3.27	3.38	3.24	3.37	15244520	50906484.00
2013/10/10	3.71	3.71	3.71	3.71	9695431	36067004.00
2013/10/11	4.08	4.08	3.85	3.94	82525388	329456128.00
2013/10/14	4.05	4.34	4.05	4.34	24150611	103362336.00
2013/10/15	4.78	4.78	4.54	4.78	145033529	689471296.00
2013/10/16	4.66	4.66	4.30	4.49	105306568	470247680.00
2013/10/17	4.52	4.81	4.44	4.53	101662797	470966400.00
2013/10/18	4.29	4.37	4.12	4.20	57670752	244049760.00
2013/10/21	4.20	4.34	4.13	4.33	49297323	209481248.00
2013/10/22	4.28	4.47	4.11	4.15	56181039	242043056.00
2013/10/23	4.10	4.10	3.75	3.85	47395582	186043888.00
2013/10/24	3.85	3.94	3.80	3.91	23474625	91379328.00
2013/10/25	3.93	3.95	3.73	3.83	22110459	84690680.00
2013/10/28	3.91	4.05	3.85	3.90	31587482	125225464.00
2013/10/29	3.84	3.93	3.56	3.89	37826498	143615280.00
2013/10/30	3.98	4.18	3.97	4.04	53150483	216851344.00
2013/10/31	3.92	3.97	3.79	3.86	27098184	105359072.00
2013/11/01	3.80	3.86	3.71	3.79	16361310	61795608.00
2013/11/04	3.78	3.89	3.77	3.83	13023635	49863668.00
2013/11/05	3.78	4.00	3.71	3.94	25307655	98177744.00
2013/11/06	3.88	3.95	3.80	3.81	22682914	87875648.00
2013/11/07	3.77	3.88	3.65	3.65	18973466	71265544.00
2013/11/08	3.56	3.67	3.48	3.56	22982306	82147904.00
2013/11/11	3.54	3.69	3.50	3.64	16707804	60088256.00
2013/11/12	3.59	3.63	3.50	3.55	17531620	62416736.00
2013/11/13	3.61	3.80	3.54	3.56	37747451	138434224.00
2013/11/14	3.57	3.75	3.51	3.61	27004498	98375768.00
2013/11/15	3.59	3.79	3.57	3.74	28558624	106757392.00
2013/11/18	3.84	3.95	3.74	3.91	39712017	153884128.00
2013/11/19	3.96	3.96	3.79	3.85	27918389	107501904.00
2013/11/20	3.85	3.91	3.78	3.84	20824966	80290376.00
2013/11/21	3.81	4.09	3.77	3.94	40080044	157802576.00
2013/11/22	3.89	3.95	3.77	3.77	26748885	102826248.00
2013/11/25	3.72	3.78	3.67	3.73	16943576	63198196.00
2013/11/26	3.70	3.77	3.67	3.70	11881772	44232632.00
2013/11/27	3.70	3.73	3.65	3.70	12807150	47546764.00
2013/11/28	3.73	3.82	3.70	3.73	16638262	62852376.00
2013/11/29	3.72	3.73	3.65	3.66	20003351	73754040.00
2013/12/02	3.54	3.60	3.35	3.36	26582280	92518448.00
2013/12/03	3.32	3.45	3.29	3.43	13453867	45861472.00
2013/12/04	3.44	3.53	3.41	3.49	16175876	56598992.00
2013/12/05	3.53	3.58	3.46	3.54	16690586	59001120.00
2013/12/06	3.53	3.59	3.51	3.53	8508885	30182944.00
2013/12/09	3.52	3.57	3.51	3.57	9405615	33376118.00
2013/12/10	3.56	3.56	3.48	3.52	10912990	38464168.00
2013/12/11	3.51	3.51	3.44	3.47	8524907	29593812.00
2013/12/12	3.59	3.68	3.52	3.54	17549760	63031196.00
2013/12/13	3.46	3.51	3.45	3.48	9308160	32483864.00
2013/12/16	3.47	3.50	3.36	3.37	9049248	31009760.00
2013/12/17	3.38	3.40	3.33	3.35	7291824	24543234.00
2013/12/18	3.35	3.38	3.34	3.38	4301243	14518338.00
2013/12/19	3.42	3.42	3.33	3.33	4566451	15448635.00
2013/12/20	3.32	3.39	3.28	3.32	5296885	17707090.00
2013/12/23	3.32	3.34	3.21	3.24	5801559	18973892.00
2013/12/24	3.24	3.32	3.24	3.28	6748855	22261066.00
2013/12/25	3.27	3.31	3.24	3.29	3716881	12188960.00
2013/12/26	3.29	3.29	3.18	3.19	5851625	18899376.00
2013/12/27	3.17	3.24	3.15	3.23	6242443	20050250.00
2013/12/30	3.23	3.25	3.19	3.20	4526871	14582251.00
2013/12/31	3.19	3.23	3.17	3.22	3961035	12741846.00
2014/01/02	3.22	3.23	3.19	3.23	3680111	11842008.00
2014/01/03	3.22	3.22	3.17	3.19	4531451	14475289.00
2014/01/06	3.17	3.17	2.99	3.00	10141281	30987000.00
2014/01/07	2.96	3.04	2.95	3.01	3964416	11926677.00
2014/01/08	3.11	3.15	3.04	3.05	6811555	21017888.00
2014/01/09	3.02	3.10	2.98	2.99	5466198	16706442.00
2014/01/10	3.01	3.02	2.95	2.98	4628106	13829005.00
2014/01/13	2.95	3.01	2.95	2.98	4026757	12019646.00
2014/01/14	2.98	3.07	2.98	3.06	6085355	18527606.00
2014/01/15	3.06	3.12	2.99	3.10	10246290	31344480.00
2014/01/16	3.14	3.21	3.10	3.13	13206456	41891408.00
2014/01/17	3.14	3.14	3.05	3.08	5208320	16108670.00
2014/01/20	3.06	3.14	3.05	3.07	3265812	10070783.00
2014/01/21	3.07	3.12	3.06	3.09	4784116	14859901.00
2014/01/22	3.08	3.19	3.08	3.16	9295681	29331488.00
2014/01/23	3.17	3.23	3.15	3.19	8625098	27576328.00
2014/01/24	3.18	3.24	3.17	3.21	6182890	19892420.00
2014/01/27	3.20	3.20	3.15	3.17	6807984	21671772.00
2014/01/28	3.17	3.19	3.12	3.14	4977886	15730042.00
2014/01/29	3.13	3.23	3.13	3.21	5627787	17961160.00
2014/01/30	3.21	3.23	3.15	3.18	4397201	13982032.00
2014/02/07	3.18	3.21	3.13	3.19	4728257	15016492.00
2014/02/10	3.20	3.27	3.19	3.26	7612489	24750356.00
2014/02/11	3.26	3.30	3.23	3.29	9369947	30728716.00
2014/02/12	3.29	3.46	3.25	3.42	23146637	78159256.00
2014/02/13	3.43	3.44	3.32	3.35	12980047	43931656.00
2014/02/14	3.34	3.45	3.33	3.40	11663868	39747536.00
2014/02/17	3.41	3.49	3.39	3.46	12319711	42507488.00
2014/02/18	3.46	3.54	3.39	3.42	18727674	64998944.00
2014/02/19	3.40	3.47	3.37	3.44	17374194	59463072.00
2014/02/20	3.44	3.45	3.37	3.38	11344615	38693108.00
2014/02/21	3.38	3.40	3.28	3.34	10225164	34256320.00
2014/02/24	3.30	3.31	3.19	3.25	9013432	29404900.00
2014/02/25	3.23	3.27	3.11	3.13	9950066	31980174.00
2014/02/26	3.13	3.16	3.06	3.15	7211824	22555276.00
2014/02/27	3.15	3.23	3.10	3.12	10170093	32091918.00
2014/02/28	3.12	3.14	3.07	3.12	6895100	21453172.00
2014/03/03	3.13	3.19	3.11	3.18	6695034	21161640.00
2014/03/04	3.17	3.17	3.09	3.15	6972471	21913640.00
2014/03/05	3.16	3.24	3.13	3.19	10063765	32170556.00
2014/03/06	3.17	3.22	3.10	3.19	7386932	23411624.00
2014/03/07	3.19	3.20	3.14	3.15	5644078	17930624.00
2014/03/10	3.14	3.14	2.99	3.02	7619855	23387620.00
2014/03/11	3.02	3.03	2.97	3.00	4915747	14814354.00
2014/03/12	3.00	3.02	2.97	3.01	4814538	14466342.00
2014/03/13	3.00	3.05	3.00	3.03	4729869	14354737.00
2014/03/14	3.02	3.03	2.99	3.03	3784195	11420930.00
2014/03/17	3.03	3.05	2.99	3.05	5774761	17523430.00
2014/03/18	3.05	3.07	3.02	3.06	6385098	19508748.00
2014/03/19	3.06	3.07	3.02	3.06	5103401	15589930.00
2014/03/20	3.06	3.10	3.01	3.01	6917623	21296736.00
2014/03/21	3.01	3.10	3.00	3.09	8071794	24819928.00
2014/03/24	3.07	3.16	3.07	3.14	8177913	25683332.00
2014/03/25	3.14	3.21	3.11	3.16	9815194	31072412.00
2014/03/26	3.15	3.17	3.12	3.13	5766339	18148142.00
2014/03/27	3.14	3.15	3.09	3.09	6243976	19508464.00
2014/03/28	3.09	3.13	3.07	3.10	6168907	19199236.00
2014/03/31	3.10	3.10	3.01	3.04	5549191	16971380.00
2014/04/01	3.04	3.08	3.03	3.08	4266174	13093671.00
2014/04/02	3.08	3.11	3.06	3.11	5770889	17901744.00
2014/04/03	3.11	3.13	3.06	3.07	4341575	13480573.00
2014/04/04	3.07	3.11	3.05	3.10	3015943	9347010.00
2014/04/08	3.08	3.15	3.08	3.15	6388186	20026180.00
2014/04/09	3.15	3.18	3.12	3.18	7414206	23412448.00
2014/04/10	3.16	3.19	3.14	3.16	6405093	20336190.00
2014/04/11	3.16	3.16	3.12	3.13	4041054	12730045.00
2014/04/14	3.13	3.15	3.11	3.12	4513533	14155382.00
2014/04/15	3.13	3.16	3.12	3.13	6001993	18865756.00
2014/04/16	3.11	3.13	3.10	3.12	4079282	12746424.00
2014/04/17	3.12	3.13	3.10	3.11	3871109	12075641.00
2014/04/18	3.10	3.11	3.06	3.07	6332337	19579720.00
2014/04/21	3.05	3.08	3.02	3.03	5304322	16210622.00
2014/04/22	3.03	3.04	2.99	3.03	4621975	13976291.00
2014/04/23	3.01	3.04	3.00	3.02	3122900	9454597.00
2014/04/24	3.02	3.03	2.99	3.00	3589940	10827998.00
2014/04/25	3.00	3.01	2.96	2.96	5306906	15870956.00
2014/04/28	2.95	2.95	2.80	2.81	9064877	25938214.00
2014/04/29	2.81	2.85	2.80	2.84	3590383	10176575.00
2014/04/30	2.84	2.86	2.81	2.86	3071155	8757440.00
2014/05/05	2.85	2.88	2.82	2.88	3024600	8649994.00
2014/05/06	2.87	2.88	2.84	2.87	3311918	9519715.00
2014/05/07	2.86	2.87	2.82	2.83	4845077	13803074.00
2014/05/08	2.83	2.89	2.83	2.84	2835298	8143297.00
2014/05/09	2.83	2.86	2.83	2.85	2331594	6640961.00
2014/05/12	2.85	2.94	2.85	2.93	6231032	18223538.00
2014/05/13	2.96	2.96	2.92	2.93	4497559	13256392.00
2014/05/14	2.93	2.94	2.91	2.93	1828986	5364937.00
2014/05/15	2.93	2.93	2.84	2.85	3484752	10068397.00
2014/05/16	2.84	2.88	2.84	2.87	2274303	6513812.00
2014/05/19	2.85	2.90	2.81	2.89	3632756	10375629.00
2014/05/20	2.88	2.90	2.85	2.88	3701891	10669391.00
2014/05/21	2.89	2.89	2.83	2.87	2927712	8415706.00
2014/05/22	2.87	2.90	2.85	2.86	3970315	11457847.00
2014/05/23	2.86	2.88	2.84	2.88	1975802	5663244.00
2014/05/26	2.89	2.92	2.86	2.91	4656482	13501387.00
2014/05/27	2.90	2.91	2.88	2.89	2896048	8402297.00
2014/05/28	2.88	2.89	2.85	2.89	4547119	13092539.00
2014/05/29	2.88	2.88	2.84	2.85	3134800	9008561.00
2014/05/30	2.85	2.86	2.83	2.85	3000621	8570398.00
2014/06/03	2.85	2.87	2.83	2.86	3560666	10170576.00
2014/06/04	2.85	2.92	2.79	2.88	8598379	24601328.00
2014/06/05	2.87	2.89	2.85	2.89	2855757	8241606.00
2014/06/06	2.89	2.89	2.84	2.88	3282641	9446648.00
2014/06/09	2.88	2.88	2.84	2.87	4109742	11797827.00
2014/06/10	2.87	2.88	2.84	2.88	2847237	8182431.00
2014/06/11	2.86	2.89	2.86	2.88	2625036	7566577.00
2014/06/12	2.88	2.92	2.86	2.91	7050362	20466862.00
2014/06/13	2.91	2.94	2.89	2.93	6993285	20452156.00
2014/06/16	2.93	2.96	2.91	2.93	4258625	12502055.00
2014/06/17	2.93	2.93	2.90	2.90	3389563	9866883.00
2014/06/18	2.89	2.92	2.89	2.90	3350819	9739544.00
2014/06/19	2.89	2.90	2.81	2.84	5409608	15433269.00
2014/06/20	2.83	2.87	2.81	2.86	4627003	13099502.00
2014/06/23	2.86	2.86	2.84	2.85	2652990	7561478.00
2014/06/24	2.85	2.87	2.84	2.86	3203234	9137904.00
2014/06/25	2.85	2.86	2.84	2.86	2710910	7729857.00
2014/06/26	2.85	2.92	2.84	2.90	7751683	22431642.00
2014/06/27	2.90	3.09	2.88	3.01	20326962	61385280.00
2014/06/30	3.01	3.06	2.98	3.01	9665035	29140420.00
2014/07/01	3.03	3.06	2.99	3.05	9031912	27317978.00
2014/07/02	3.08	3.14	3.02	3.07	13056614	40257480.00
2014/07/03	3.04	3.07	3.02	3.05	8406032	25560634.00
2014/07/04	3.04	3.05	3.01	3.02	5861192	17748780.00
2014/07/07	3.02	3.03	2.99	3.00	4018447	12079227.00
2014/07/08	3.00	3.02	2.98	3.01	3583174	10740350.00
2014/07/09	3.02	3.16	3.02	3.08	20376432	62900620.00
2014/07/10	3.09	3.09	3.03	3.05	9093098	27726384.00
2014/07/11	3.04	3.08	3.02	3.06	5081712	15518711.00
2014/07/14	3.05	3.13	3.03	3.11	9386648	28975044.00
2014/07/15	3.12	3.38	3.12	3.31	37227803	121618096.00
2014/07/16	3.23	3.42	3.20	3.24	35106808	116662504.00
2014/07/17	3.22	3.32	3.20	3.26	15283541	49797136.00
2014/07/18	3.24	3.35	3.21	3.30	20484166	67447312.00
2014/07/21	3.31	3.31	3.22	3.23	11493326	37472424.00
2014/07/22	3.22	3.27	3.20	3.24	11808020	38243072.00
2014/07/23	3.25	3.25	3.15	3.17	11528309	36936624.00
2014/07/24	3.16	3.31	3.13	3.26	22645661	73474344.00
2014/07/25	3.21	3.29	3.21	3.27	15241353	49530816.00
2014/07/28	3.30	3.60	3.28	3.60	34341552	118393864.00
2014/07/29	3.71	3.96	3.52	3.64	69828017	257160352.00
2014/07/30	3.58	3.66	3.52	3.59	34192732	122460848.00
2014/07/31	3.65	3.73	3.59	3.63	29775776	108518104.00
2014/08/01	3.59	3.67	3.53	3.54	26802074	96130080.00
2014/08/04	3.52	3.59	3.50	3.57	16110650	57260396.00
2014/08/05	3.68	3.93	3.65	3.79	82982021	319194784.00
2014/08/06	3.72	3.76	3.60	3.71	43246029	159907296.00
2014/08/07	3.67	3.73	3.65	3.66	23474875	86722136.00
2014/08/08	3.66	3.98	3.66	3.87	67721844	260779680.00
2014/08/11	3.87	4.20	3.85	4.08	49190858	196612928.00
2014/08/12	4.08	4.25	4.01	4.12	44685148	185326400.00
2014/08/13	4.12	4.16	4.00	4.09	25197004	102433080.00
2014/08/14	4.06	4.25	4.06	4.15	35443513	148489088.00
2014/08/15	4.11	4.23	4.05	4.21	32591946	135011472.00
2014/08/18	4.19	4.32	4.14	4.16	32473209	136922304.00
2014/08/19	4.17	4.18	4.07	4.11	22479644	92397544.00
2014/08/20	4.10	4.34	4.09	4.27	36293202	154338256.00
2014/08/21	4.25	4.37	4.17	4.27	19449407	83158848.00
2014/08/22	4.23	4.30	4.18	4.26	19282712	81832288.00
2014/08/25	4.26	4.29	4.18	4.21	15376245	65099824.00
2014/08/26	4.17	4.21	3.96	4.02	26756639	109476784.00
2014/08/27	4.01	4.20	3.98	4.16	21088053	87331328.00
2014/08/28	4.13	4.32	4.13	4.19	19107709	80837856.00
2014/08/29	4.22	4.31	4.14	4.20	9900362	41649720.00
2014/09/01	4.21	4.27	4.17	4.24	10760796	45427528.00
2014/09/02	4.24	4.61	4.23	4.55	34663597	154936928.00
2014/09/03	4.57	4.60	4.47	4.53	17331317	78798000.00
2014/09/04	4.54	4.79	4.46	4.73	23566097	109527072.00
2014/09/05	4.80	5.05	4.70	4.95	29409779	144170032.00
2014/09/09	4.96	5.05	4.85	4.96	29961212	148223360.00
2014/09/10	4.94	5.00	4.86	4.97	17478121	86277200.00
2014/09/11	4.96	5.00	4.78	4.87	24001293	117407392.00
2014/09/12	4.87	5.05	4.78	5.03	21726250	107507976.00
2014/09/15	5.07	5.08	4.89	4.96	18988407	93861200.00
2014/09/16	4.90	4.96	4.64	4.68	32699367	157881600.00
2014/09/17	4.64	4.68	4.47	4.62	26144527	119421280.00
2014/09/18	4.62	4.71	4.57	4.67	19637256	91110024.00
2014/09/19	4.64	4.74	4.57	4.69	16791492	78165408.00
2014/09/22	4.86	4.97	4.73	4.77	22010153	106523504.00
2014/09/23	4.73	5.06	4.73	4.98	30067775	148506048.00
2014/09/24	4.99	5.04	4.88	5.01	23820735	118173568.00
2014/09/25	5.04	5.04	4.85	4.91	21058312	104564816.00
2014/09/26	4.88	5.02	4.75	4.97	23373528	115000968.00
2014/09/29	4.96	4.99	4.85	4.89	19040933	93652688.00
2014/09/30	4.90	4.91	4.76	4.86	19596031	94735344.00
2014/10/08	4.84	4.88	4.76	4.86	15692214	75583344.00
2014/10/09	4.87	5.01	4.84	4.94	20211381	99719424.00
2014/10/10	4.92	4.98	4.81	4.84	14395303	70355792.00
2014/10/13	4.80	4.80	4.66	4.80	15203371	71978792.00
2014/10/14	4.75	4.79	4.70	4.72	12544472	59395816.00
2014/10/15	4.71	4.75	4.58	4.61	16361610	75909200.00
2014/10/16	4.58	4.65	4.46	4.49	18965092	86692200.00
2014/10/17	4.51	4.57	4.36	4.47	15943762	71033776.00
2014/10/20	4.48	4.63	4.48	4.61	12956106	59305696.00
2014/10/21	4.60	4.60	4.48	4.51	9467299	42944172.00
2014/10/22	4.48	4.54	4.38	4.42	8923014	39761944.00
2014/10/23	4.41	4.42	4.27	4.28	12704448	55060544.00
2014/10/24	4.30	4.37	4.30	4.33	11854383	51359000.00
2014/10/27	4.34	4.36	4.29	4.36	7450703	32318752.00
2014/10/28	4.36	4.48	4.34	4.47	11149583	49507076.00
2014/10/29	4.47	4.63	4.47	4.60	14281808	65224136.00
2014/10/30	4.60	4.85	4.56	4.76	26696258	125602248.00
2014/10/31	4.87	5.23	4.78	4.87	38109627	189433360.00
2014/11/03	4.88	5.00	4.78	4.89	22738008	111478528.00
2014/11/04	4.89	5.38	4.86	5.38	83505103	438194208.00
2014/11/05	5.33	5.55	5.21	5.29	52495461	280391904.00
2014/11/06	5.37	5.55	5.30	5.39	52454581	284476576.00
2014/11/07	5.35	5.42	5.10	5.14	29561012	155196352.00
2014/11/10	5.10	5.36	5.09	5.31	19026432	99556320.00
2014/11/11	5.29	5.34	4.90	4.99	27614063	140310928.00
2014/11/12	4.98	5.09	4.95	5.08	14283109	71933376.00
2014/11/13	5.07	5.38	5.06	5.31	38454939	202940960.00
2014/11/14	5.32	5.32	5.14	5.26	12285876	64202060.00
2014/11/17	5.30	5.36	5.20	5.24	11615013	61153440.00
2014/11/18	5.29	5.36	5.24	5.28	12374441	65463988.00
2014/11/19	5.25	5.27	5.05	5.11	15802476	81151936.00
2014/11/20	5.11	5.25	5.00	5.16	15342026	79259328.00
2014/11/21	5.23	5.35	5.12	5.30	18697286	98214400.00
2014/11/24	5.40	5.45	5.25	5.34	31728080	169523424.00
2014/11/25	5.36	5.66	5.29	5.45	34086055	188023696.00
2014/11/26	5.45	5.54	5.32	5.40	23761749	128582304.00
2014/11/27	5.41	5.65	5.31	5.62	34369744	188045296.00
2014/11/28	5.59	5.74	5.52	5.71	42202464	238558896.00
2014/12/01	5.71	5.71	5.44	5.44	34639099	191131568.00
2014/12/02	5.46	5.56	5.40	5.47	17956644	98599728.00
2014/12/03	5.50	5.57	5.32	5.50	29722705	160478192.00
2014/12/04	5.47	5.55	5.36	5.44	25199177	137603952.00
2014/12/05	5.45	5.47	5.00	5.13	37470085	195017376.00
2014/12/08	5.08	5.27	5.05	5.14	26327795	135409616.00
2014/12/09	5.16	5.36	5.03	5.07	40356564	209622656.00
2014/12/10	5.04	5.22	4.99	5.20	22416258	114273424.00
2014/12/11	5.20	5.48	5.13	5.45	37477230	198846608.00
2014/12/12	5.38	5.44	5.29	5.37	25928984	138726304.00
2014/12/15	5.39	5.50	5.34	5.46	28804765	156196768.00
2014/12/16	5.47	5.49	5.30	5.35	25221657	135342016.00
2014/12/17	5.35	5.35	5.12	5.17	23230671	120636232.00
2014/12/18	5.16	5.42	5.14	5.30	27528140	146353888.00
2014/12/19	5.30	5.30	5.10	5.23	20917116	108241808.00
2014/12/22	5.31	5.39	5.10	5.24	35606463	187466400.00
2014/12/23	5.22	5.22	5.00	5.07	19413413	99436216.00
2014/12/24	5.10	5.35	5.05	5.26	25527865	133380880.00
2014/12/25	5.27	5.45	5.25	5.35	30090156	161218304.00
2014/12/26	5.50	5.54	5.35	5.44	38306816	208328320.00
2014/12/29	5.47	5.47	5.19	5.24	26908201	141561744.00
2014/12/30	5.21	5.29	5.09	5.11	16407269	84616168.00
2014/12/31	5.12	5.29	5.10	5.27	13942319	72461720.00
2015/01/05	5.30	5.39	5.23	5.34	25854866	137729632.00
2015/01/06	5.35	5.77	5.33	5.74	65721616	364911520.00
2015/01/07	5.60	6.20	5.57	5.95	67092202	396457120.00
2015/01/08	5.90	6.30	5.90	6.02	47399379	290106016.00
2015/01/09	6.00	6.18	5.81	5.83	36148013	215543728.00
2015/01/12	5.76	5.77	5.59	5.62	24149819	136510720.00
2015/01/13	5.60	5.74	5.50	5.59	18924355	105876472.00
2015/01/14	5.55	5.73	5.50	5.69	18307689	103261808.00
2015/01/15	5.64	5.96	5.64	5.89	23265359	136571088.00
2015/01/16	5.85	5.89	5.75	5.87	18157376	105315744.00
2015/01/19	5.66	5.90	5.54	5.60	22204020	126301592.00
2015/01/20	5.68	6.16	5.65	6.09	42117681	253620272.00
2015/01/21	6.09	6.18	5.99	6.14	32947015	200814832.00
2015/01/22	6.09	6.20	6.04	6.18	25242303	154699040.00
2015/01/23	6.18	6.60	6.05	6.37	40109277	252613024.00
2015/01/26	6.37	6.58	6.32	6.49	32392834	209941984.00
2015/01/27	6.48	6.54	6.18	6.30	33070615	209511184.00
2015/01/28	6.22	6.50	6.17	6.28	26339671	166790064.00
2015/01/29	6.15	6.27	6.12	6.19	17570137	108672544.00
2015/01/30	6.20	6.25	6.10	6.12	13911749	85676280.00
2015/02/02	6.05	6.13	5.98	6.06	11142470	67541432.00
2015/02/03	6.09	6.22	6.08	6.21	13317519	81786304.00
2015/02/04	6.23	6.28	6.11	6.18	13190607	81840480.00
2015/02/05	6.24	6.48	6.10	6.29	24690935	154428416.00
2015/02/06	6.20	6.29	6.10	6.12	18303790	113205592.00
2015/02/09	6.07	6.10	5.59	5.62	24598264	143977168.00
2015/02/10	5.60	5.71	5.45	5.54	20489421	113929008.00
2015/02/11	5.54	5.68	5.53	5.61	14183845	79221256.00
2015/02/12	5.63	5.90	5.60	5.88	18614814	108005424.00
2015/02/13	5.88	6.15	5.88	6.05	20182833	121861664.00
2015/02/16	6.06	6.09	5.97	6.07	10679806	64566716.00
2015/02/17	6.12	6.12	6.02	6.09	10210018	61955540.00
2015/02/25	6.08	6.11	5.93	6.06	14167667	85425872.00
2015/02/26	6.00	6.27	6.00	6.25	20683543	126515440.00
2015/02/27	6.30	6.45	6.25	6.34	30000003	190434480.00
2015/03/02	6.34	6.35	6.20	6.32	16329871	102712416.00
2015/03/03	6.30	6.30	6.13	6.14	20287029	126051136.00
2015/03/04	6.14	6.23	6.05	6.16	18081919	111025128.00
2015/03/05	6.18	6.18	6.05	6.10	15302708	93151184.00
2015/03/06	6.10	6.22	6.08	6.11	15242427	93722704.00
2015/03/09	6.11	6.29	6.02	6.28	21401560	132850936.00
2015/03/10	6.25	6.36	6.21	6.23	15159445	94912832.00
2015/03/11	6.23	6.24	6.12	6.17	13795408	85043872.00
2015/03/12	6.11	6.26	6.11	6.24	16243610	100242736.00
2015/03/13	6.25	6.36	6.22	6.32	17920305	112935648.00
2015/03/16	6.35	6.95	6.34	6.95	64438568	435753376.00
2015/03/17	6.96	7.24	6.86	7.07	68582115	482453088.00
2015/03/18	7.22	7.42	7.00	7.09	59330361	424920864.00
2015/03/19	7.01	7.14	6.90	7.06	33423032	234479296.00
2015/03/20	7.08	7.12	6.96	6.99	24351459	170735712.00
2015/03/23	6.99	7.25	6.94	7.20	42765200	305820928.00
2015/03/24	7.20	7.37	7.10	7.35	44110180	320072096.00
2015/03/25	7.31	7.60	7.26	7.42	32040062	237333952.00
2015/03/26	7.33	7.35	7.20	7.23	24008130	174644336.00
2015/03/27	7.23	7.40	7.19	7.38	20397415	148794016.00
2015/03/30	7.41	7.50	7.30	7.37	25971129	191615056.00
2015/03/31	7.37	7.40	7.17	7.19	28003757	202854640.00
2015/04/01	7.20	7.25	7.12	7.24	23638553	169920704.00
2015/04/02	7.26	7.56	7.20	7.54	41059773	305490048.00
2015/04/03	7.49	7.79	7.42	7.74	42620713	327016768.00
2015/04/07	7.74	7.91	7.66	7.84	36380112	283548864.00
2015/04/08	7.84	7.90	7.60	7.74	27644033	213683664.00
2015/06/17	8.51	8.51	8.51	8.51	573888	4883787.00
2015/06/18	9.36	9.36	9.36	9.36	601684	5631762.00
:
