2006/10/17	1.85	1.98	1.83	1.89	135871584	883653632.00
2006/10/18	1.82	1.88	1.82	1.88	35204995	221936752.00
2006/10/19	1.87	1.92	1.84	1.91	23820658	153117648.00
2006/10/20	1.90	1.97	1.88	1.93	20758655	136073792.00
2006/10/23	1.94	1.95	1.88	1.90	11947248	77764752.00
2006/10/24	1.89	1.95	1.89	1.95	16668489	109537864.00
2006/10/25	1.96	2.17	1.95	2.07	30425669	212708496.00
2006/10/26	2.04	2.13	2.04	2.09	15182870	107304416.00
2006/10/27	2.09	2.13	2.03	2.12	10613842	74610992.00
2006/10/30	2.13	2.22	2.10	2.17	8959703	65241896.00
2006/10/31	2.18	2.20	2.13	2.15	6577864	47745008.00
2006/11/01	2.17	2.23	2.13	2.18	7738724	56320276.00
2006/11/02	2.15	2.21	2.08	2.14	7239612	52007088.00
2006/11/03	2.12	2.14	2.09	2.12	5024291	35627276.00
2006/11/06	2.09	2.14	2.09	2.11	5221901	37074968.00
2006/11/07	2.11	2.14	2.06	2.09	4437324	31319896.00
2006/11/08	2.09	2.16	2.08	2.14	5678177	40638416.00
2006/11/09	2.14	2.20	2.12	2.18	9034068	65694892.00
2006/11/10	2.18	2.20	2.06	2.10	6170501	44152032.00
2006/11/13	2.09	2.12	1.99	2.00	7923195	54400764.00
2006/11/14	2.00	2.03	1.93	2.01	7265779	48739064.00
2006/11/15	2.01	2.01	1.94	1.99	8120766	54444552.00
2006/11/16	1.99	2.00	1.91	1.93	10453585	69080960.00
2006/11/17	1.93	1.98	1.90	1.97	4411642	29215938.00
2006/11/20	1.96	1.98	1.93	1.97	5750187	38213332.00
2006/11/21	1.97	2.03	1.94	2.02	8134252	55154208.00
2006/11/22	2.02	2.08	2.00	2.02	8722987	60016592.00
2006/11/23	2.03	2.04	1.98	2.00	5897325	40083080.00
2006/11/24	1.99	2.02	1.96	1.99	4207949	28341440.00
2006/11/27	1.99	2.09	1.98	2.08	8495570	58541028.00
2006/11/28	2.07	2.08	2.00	2.03	6100386	41997336.00
2006/11/29	2.01	2.03	1.98	2.02	5435361	36795888.00
2006/11/30	2.01	2.07	2.00	2.05	9916889	68238912.00
2006/12/01	2.06	2.16	2.03	2.13	13798601	96846368.00
2006/12/04	2.12	2.18	2.11	2.16	12244614	88587184.00
2006/12/05	2.16	2.38	2.16	2.28	24468943	187806800.00
2006/12/06	2.24	2.29	2.13	2.23	21796000	161562032.00
2006/12/07	2.23	2.48	2.23	2.48	28572102	232228304.00
2006/12/08	2.48	2.56	2.29	2.30	35319815	283937248.00
2006/12/11	2.25	2.37	2.23	2.37	29584784	225933968.00
2006/12/12	2.34	2.34	2.18	2.26	23221967	175929248.00
2006/12/13	2.23	2.29	2.19	2.24	8400522	62722336.00
2006/12/14	2.24	2.25	2.18	2.23	10796736	80032912.00
2006/12/15	2.23	2.29	2.21	2.27	12538062	94566520.00
2006/12/18	2.28	2.30	2.23	2.30	14512476	109654016.00
2006/12/19	2.30	2.30	2.20	2.23	17416937	129755888.00
2006/12/20	2.22	2.26	2.19	2.26	10967866	81907824.00
2006/12/21	2.26	2.29	2.21	2.23	11192708	84172400.00
2006/12/22	2.22	2.25	2.19	2.21	6571798	48801824.00
2006/12/25	2.20	2.28	2.20	2.24	8738245	65239848.00
2006/12/26	2.24	2.28	2.21	2.22	8702435	65347592.00
2006/12/27	2.21	2.23	2.18	2.20	7853018	57828632.00
2006/12/28	2.20	2.21	2.08	2.10	11170348	80133368.00
2006/12/29	2.08	2.17	2.08	2.15	8818372	63292092.00
2007/01/04	2.13	2.21	2.12	2.16	11149103	81099232.00
2007/01/05	2.16	2.24	2.13	2.24	10252960	75020728.00
2007/01/08	2.25	2.37	2.24	2.34	17313022	132314424.00
2007/01/09	2.34	2.36	2.30	2.33	14989097	116384800.00
2007/01/10	2.32	2.41	2.28	2.41	18758888	146687920.00
2007/01/11	2.41	2.53	2.39	2.50	24321416	199580608.00
2007/01/12	2.52	2.53	2.30	2.37	23684053	191084384.00
2007/01/15	2.36	2.46	2.28	2.45	21227022	168892304.00
2007/01/16	2.53	2.60	2.45	2.57	36133560	300076000.00
2007/01/17	2.58	2.59	2.41	2.46	17031824	141136000.00
2007/01/18	2.41	2.44	2.31	2.44	24621805	194342272.00
2007/01/19	2.43	2.57	2.41	2.52	25434378	209246864.00
2007/01/22	2.53	2.79	2.49	2.79	52603386	458550496.00
2007/01/24	2.78	3.10	2.51	2.68	41458942	364580608.00
2007/01/25	2.67	2.79	2.58	2.62	40647334	361337152.00
2007/01/26	2.58	2.63	2.40	2.57	24001849	199825392.00
2007/01/29	2.57	2.67	2.54	2.67	27646217	239502256.00
2007/01/30	2.70	2.72	2.60	2.62	19900135	173351728.00
2007/01/31	2.61	2.61	2.42	2.44	20657882	171673312.00
2007/02/01	2.41	2.48	2.38	2.46	12865408	103946920.00
2007/02/02	2.48	2.49	2.40	2.40	8920950	72092992.00
2007/02/05	2.40	2.45	2.37	2.42	8328272	66664240.00
2007/02/06	2.44	2.51	2.43	2.51	14113796	115258800.00
2007/02/07	2.52	2.57	2.50	2.54	14342656	120144944.00
2007/02/08	2.54	2.68	2.52	2.65	23253857	200450464.00
2007/02/09	2.65	2.65	2.56	2.61	11408944	97920792.00
2007/02/12	2.61	2.67	2.61	2.66	12384328	107888320.00
2007/02/13	2.71	2.79	2.66	2.77	24777756	222098048.00
2007/02/14	2.77	2.83	2.73	2.77	19174374	175292960.00
2007/02/15	2.80	2.82	2.75	2.80	17815978	162753904.00
2007/02/16	2.83	2.85	2.78	2.79	18333714	168853120.00
2007/02/26	2.80	2.89	2.75	2.88	20538582	189557392.00
2007/03/01	2.80	2.83	2.58	2.66	21877189	192405024.00
2007/03/02	2.65	2.70	2.62	2.66	11244110	98486328.00
2007/03/05	2.67	2.70	2.54	2.62	12021417	103909000.00
2007/03/06	2.60	2.65	2.56	2.65	8811480	75766952.00
2007/03/07	2.65	2.71	2.64	2.71	12182287	107437336.00
2007/03/08	2.72	2.83	2.72	2.80	16981803	155172400.00
2007/03/09	2.81	2.82	2.71	2.76	13964437	126612336.00
2007/03/12	2.76	2.79	2.72	2.78	10983042	99749816.00
2007/03/13	2.75	2.83	2.74	2.83	19191891	175436432.00
2007/03/14	2.81	2.81	2.72	2.76	13665329	123989480.00
2007/03/15	2.76	2.90	2.76	2.88	24881980	232183264.00
2007/03/16	2.89	2.91	2.74	2.78	16561725	152981632.00
2007/03/19	2.68	2.81	2.65	2.78	12145683	109985520.00
2007/03/20	2.78	2.84	2.76	2.83	9642894	88555080.00
2007/03/21	2.83	2.87	2.77	2.86	15486990	143715360.00
2007/03/22	2.85	2.93	2.84	2.88	20413794	192438512.00
2007/03/23	2.86	2.91	2.81	2.88	11878618	109235872.00
2007/03/26	2.89	3.01	2.89	2.99	17725831	168660208.00
2007/03/27	2.99	3.13	2.97	3.06	21250382	208408464.00
2007/03/28	3.06	3.11	2.86	3.01	22624789	218380176.00
2007/03/29	3.00	3.08	2.90	2.91	17623237	168323856.00
2007/03/30	2.89	2.96	2.87	2.94	9851478	92562528.00
2007/04/02	2.94	2.99	2.90	2.99	11276386	107144000.00
2007/04/03	2.99	3.03	2.96	3.01	12022878	115481216.00
2007/04/04	3.01	3.19	2.98	3.09	28439440	280990304.00
2007/04/05	3.07	3.16	3.03	3.12	18475138	183251008.00
2007/04/06	3.10	3.23	3.07	3.14	19413937	195621360.00
2007/04/09	3.15	3.21	3.13	3.17	19100553	192813664.00
2007/04/10	3.16	3.19	3.04	3.12	16677475	166444432.00
2007/04/11	3.11	3.15	3.07	3.13	18715561	186374400.00
2007/04/12	3.13	3.21	3.09	3.21	23477609	236750592.00
2007/04/13	3.21	3.26	3.12	3.14	21436670	219593680.00
2007/04/16	3.15	3.24	3.15	3.20	16801048	171492912.00
2007/04/17	3.21	3.36	3.13	3.34	27260486	282550048.00
2007/04/18	3.32	3.42	3.24	3.41	23674848	252299552.00
2007/04/19	3.39	3.39	3.06	3.15	25305666	261686432.00
2007/04/20	3.19	3.30	3.19	3.29	18778077	196039136.00
2007/04/23	3.33	3.45	3.33	3.42	23965181	258776688.00
2007/04/24	3.44	3.52	3.37	3.42	25002415	272720608.00
2007/04/25	3.43	3.62	3.36	3.60	30931014	346525728.00
2007/04/26	3.64	3.68	3.53	3.57	17317457	196623792.00
2007/04/27	3.56	3.57	3.43	3.49	16625545	184615216.00
2007/04/30	3.49	3.52	3.38	3.47	18205029	200577856.00
2007/05/08	3.50	3.61	3.46	3.59	21550214	242518368.00
2007/05/09	3.58	3.61	3.39	3.50	22226650	247065824.00
2007/05/10	3.49	3.55	3.42	3.52	19296336	214060160.00
2007/05/11	3.53	3.67	3.49	3.65	32694954	373955232.00
2007/05/14	3.60	3.73	3.54	3.67	22825999	263503984.00
2007/05/15	3.68	3.69	3.46	3.46	19413310	219451568.00
2007/05/16	3.46	3.53	3.38	3.53	14082099	155400816.00
2007/05/17	3.55	3.58	3.50	3.55	14909150	167753120.00
2007/05/18	3.55	3.55	3.45	3.49	15345124	170336752.00
2007/05/21	3.39	3.55	3.36	3.54	16800962	187004320.00
2007/05/22	3.63	3.83	3.61	3.73	36983768	436222592.00
2007/05/23	3.73	3.78	3.66	3.76	20834024	245602672.00
2007/05/24	3.76	3.79	3.58	3.64	20075800	233079552.00
2007/05/25	3.63	3.71	3.59	3.68	15856488	184242192.00
2007/05/28	3.71	3.86	3.69	3.79	24149403	288466816.00
2007/05/29	3.80	3.83	3.72	3.80	21021265	251457648.00
2007/05/30	3.54	3.71	3.40	3.42	28687428	321800192.00
2007/05/31	3.41	3.53	3.10	3.34	17966077	189400400.00
2007/06/01	3.36	3.45	3.10	3.16	18683977	197537952.00
2007/06/04	3.19	3.27	2.83	2.84	17944286	170541504.00
2007/06/05	2.84	3.04	2.61	3.01	17742109	162623584.00
2007/06/06	3.02	3.09	2.93	3.03	13887076	134609344.00
2007/06/07	3.03	3.16	3.01	3.14	13750515	136732464.00
2007/06/08	3.14	3.22	3.13	3.14	11953541	120989616.00
2007/06/12	3.26	3.35	3.09	3.32	17108930	176490560.00
2007/06/13	3.33	3.42	3.29	3.38	15673485	167820112.00
2007/06/14	3.37	3.37	3.22	3.24	12833311	134284768.00
2007/06/15	3.20	3.28	3.16	3.20	8684490	88820536.00
2007/06/18	3.26	3.30	3.23	3.26	9518153	99155752.00
2007/06/19	3.20	3.39	3.20	3.37	12938425	136388096.00
2007/06/20	3.37	3.38	3.21	3.23	11036775	116879968.00
2007/06/21	3.22	3.26	3.13	3.20	8339094	84993536.00
2007/06/22	3.19	3.19	2.90	3.00	10629813	104517600.00
2007/06/25	3.01	3.10	2.85	2.86	10278805	98163944.00
2007/06/26	2.86	2.98	2.83	2.97	8635968	80290168.00
2007/06/27	2.97	3.05	2.86	3.03	9946577	94563112.00
2007/06/28	2.99	3.06	2.94	3.04	11871394	114442520.00
2007/06/29	3.04	3.28	3.03	3.14	28591308	288555456.00
2007/07/02	3.11	3.29	3.09	3.27	20015736	205584976.00
2007/07/03	3.29	3.32	3.16	3.23	10131837	104065768.00
2007/07/04	3.23	3.24	2.99	3.04	8821621	87994224.00
2007/07/05	2.93	3.01	2.73	2.77	8465031	77798592.00
2007/07/06	2.75	2.96	2.69	2.93	7400301	67729536.00
2007/07/09	2.93	3.00	2.88	2.97	7955835	75146632.00
2007/07/10	2.97	2.97	2.83	2.83	5510888	50961712.00
2007/07/11	2.81	2.91	2.81	2.87	2573482	23662232.00
2007/07/12	2.87	2.97	2.83	2.92	5231611	48952616.00
2007/07/13	2.91	2.93	2.84	2.87	2336469	21603568.00
2007/07/16	2.86	2.89	2.78	2.78	2567657	23402040.00
2007/07/17	2.77	2.88	2.77	2.85	2202379	20064110.00
2007/07/18	2.86	2.91	2.82	2.86	2473758	22836780.00
2007/07/19	2.87	2.88	2.83	2.86	1884060	17300004.00
2007/07/20	2.87	2.94	2.84	2.94	4830143	45272004.00
2007/07/23	2.94	3.08	2.94	3.07	10043545	96956976.00
2007/07/24	3.08	3.12	3.03	3.03	8297855	81488832.00
2007/07/25	3.03	3.11	2.99	3.10	9299226	91053336.00
2007/07/26	3.11	3.17	3.07	3.12	7896204	78959048.00
2007/07/27	3.12	3.16	3.08	3.14	7582115	75657984.00
2007/07/30	3.13	3.23	3.11	3.22	9978387	101646368.00
2007/07/31	3.20	3.23	3.13	3.18	7582862	76760632.00
2007/08/01	3.19	3.21	2.99	3.00	9454205	94083920.00
2007/08/02	3.04	3.13	2.99	3.09	6928085	68119664.00
2007/08/03	3.09	3.16	3.06	3.10	7081382	70431120.00
2007/08/06	3.12	3.24	3.12	3.23	12871327	130389648.00
2007/08/07	3.23	3.24	3.14	3.15	8069310	81759744.00
2007/08/08	3.13	3.14	3.03	3.09	6936807	68474656.00
2007/08/09	3.12	3.18	3.11	3.13	5588377	56153212.00
2007/08/10	3.13	3.29	3.09	3.27	17710455	181414896.00
2007/08/13	3.27	3.36	3.16	3.32	17719342	185578000.00
2007/08/14	3.32	3.39	3.26	3.31	12265011	130086560.00
2007/08/15	3.31	3.33	3.17	3.23	9307800	96117176.00
2007/08/16	3.23	3.36	3.16	3.33	11970891	125259456.00
2007/08/17	3.31	3.39	3.25	3.26	9806208	103796544.00
2007/08/20	3.31	3.42	3.30	3.39	10760628	115551232.00
2007/08/21	3.40	3.50	3.37	3.38	10305675	112194848.00
2007/08/22	3.33	3.45	3.31	3.41	10001510	107825904.00
2007/08/23	3.42	3.49	3.36	3.49	11364290	123798104.00
2007/08/24	3.50	3.53	3.38	3.43	9638218	105959152.00
2007/08/27	3.43	3.48	3.36	3.39	8921372	97078688.00
2007/08/28	3.39	3.44	3.29	3.43	9130252	97392824.00
2007/08/29	3.39	3.56	3.33	3.55	19411026	215430496.00
2007/08/30	3.58	3.91	3.54	3.85	41289921	487179136.00
2007/08/31	3.85	3.86	3.75	3.76	18902717	226849008.00
2007/09/03	3.83	4.13	3.83	4.00	23721864	302186752.00
2007/09/04	4.03	4.13	3.95	3.98	16248446	207071792.00
2007/09/05	3.99	4.08	3.86	4.02	10416298	129750328.00
2007/09/06	4.14	4.19	4.00	4.01	11272001	145083200.00
2007/09/07	3.91	3.99	3.80	3.81	16180836	197488720.00
2007/09/10	3.75	3.93	3.57	3.92	14325979	169557872.00
2007/09/11	3.89	3.96	3.56	3.59	12143615	144316768.00
2007/09/12	3.59	3.71	3.53	3.65	8346323	95736512.00
2007/09/13	3.63	3.91	3.63	3.83	12311984	148306320.00
2007/09/14	3.85	3.94	3.78	3.88	10590315	129148824.00
2007/09/17	3.85	4.29	3.82	4.29	31105972	409476128.00
2007/09/18	4.29	4.55	4.19	4.36	20031003	275576128.00
2007/09/19	4.41	4.44	4.18	4.21	9659204	129723072.00
2007/09/20	4.26	4.39	4.19	4.27	9661491	130654656.00
2007/09/21	4.23	4.33	4.03	4.19	9372956	124063808.00
2007/09/24	4.18	4.23	4.07	4.20	9038128	117810952.00
2007/09/25	4.19	4.45	4.13	4.40	13707624	187077360.00
2007/09/26	4.43	4.46	4.22	4.25	9158340	125028888.00
2007/09/27	4.24	4.29	4.17	4.23	6198215	82088504.00
2007/09/28	4.26	4.35	4.23	4.26	8818641	118627904.00
2007/10/08	4.43	4.61	4.30	4.56	18049434	252563904.00
2007/10/09	4.54	4.88	4.44	4.79	17326083	256199616.00
2007/10/10	4.79	4.83	4.63	4.70	11782483	174665904.00
2007/10/11	4.70	4.88	4.62	4.73	10631601	158187712.00
2007/10/12	4.79	4.86	4.46	4.67	14243012	208988496.00
2007/10/15	4.79	4.91	4.58	4.71	12176443	180221632.00
2007/10/16	4.72	4.72	4.46	4.49	14471625	205931600.00
2007/10/17	4.47	4.58	4.42	4.44	10529963	147908800.00
2007/10/18	4.43	4.43	4.26	4.33	8996748	122284152.00
2007/10/19	4.36	4.48	4.33	4.38	6964220	96854864.00
2007/10/22	4.39	4.52	4.31	4.31	6067365	84343920.00
2007/10/23	4.36	4.41	3.96	4.16	10368850	134778848.00
2007/10/24	4.16	4.19	4.01	4.06	5455000	70032240.00
2007/10/25	4.06	4.06	3.63	3.64	9079202	108879320.00
2007/10/26	3.54	3.82	3.54	3.77	5479537	64726800.00
2007/10/29	3.78	3.96	3.78	3.90	4419718	54167296.00
2007/10/30	3.91	4.02	3.86	4.01	3891346	48104000.00
2007/10/31	4.02	4.22	3.97	4.18	6963007	90240968.00
2007/11/01	4.14	4.23	4.06	4.07	5667955	73482256.00
2007/11/02	3.99	4.07	3.87	3.88	3972101	49499232.00
2007/11/05	3.88	4.27	3.88	4.13	7023529	91028808.00
2007/11/06	4.13	4.37	4.09	4.29	7789267	104711752.00
2007/11/07	4.26	4.29	4.09	4.17	4059367	53286296.00
2007/11/08	4.14	4.25	4.09	4.14	5918147	77520408.00
2007/11/09	4.11	4.16	3.99	4.07	4698302	60420520.00
2007/11/12	4.02	4.12	3.81	3.90	4489223	56181840.00
2007/11/13	3.96	4.06	3.88	3.94	2722807	34164496.00
2007/11/14	3.96	4.15	3.94	4.14	4335917	55593328.00
2007/11/15	4.12	4.27	4.05	4.21	6778614	89234408.00
2007/11/16	4.13	4.26	4.13	4.21	3992685	52918584.00
2007/11/19	4.21	4.36	4.21	4.28	4112574	55526732.00
2007/11/20	4.28	4.53	4.24	4.52	9949855	138159536.00
2007/11/21	4.46	4.55	4.38	4.39	5981811	83711152.00
2007/11/22	4.65	4.72	3.99	4.01	11594057	152101792.00
2007/11/23	3.96	4.11	3.96	4.03	5106142	65246872.00
2007/11/26	4.13	4.20	3.95	4.02	19746452	253753392.00
2007/11/28	3.75	3.89	3.75	3.77	6627720	80048944.00
2007/11/29	3.81	3.85	3.67	3.84	4727132	56275144.00
2007/11/30	3.83	3.84	3.67	3.69	3052578	36074392.00
2007/12/04	3.74	3.96	3.73	3.90	3950455	48375900.00
2007/12/05	3.89	3.98	3.79	3.91	3224575	39790816.00
2007/12/06	3.91	3.94	3.83	3.87	1953544	23859824.00
2007/12/07	3.88	3.99	3.84	3.98	3339766	41456144.00
2007/12/10	3.92	4.14	3.89	4.08	4958302	63456536.00
2007/12/11	4.13	4.23	4.05	4.19	6121830	80075080.00
2007/12/12	4.19	4.21	4.07	4.14	4852905	62880808.00
2007/12/13	4.14	4.22	3.96	3.97	4511961	58345228.00
2007/12/14	3.88	4.13	3.80	4.10	3712849	46976416.00
2007/12/17	4.08	4.33	4.08	4.30	12746539	170509760.00
2007/12/18	4.26	4.51	4.26	4.36	13281281	184058464.00
2007/12/19	4.42	4.50	4.35	4.48	10867215	151795904.00
2007/12/20	4.50	4.68	4.47	4.48	13729857	197036480.00
2007/12/21	4.54	4.64	4.42	4.52	10108322	142833264.00
2007/12/24	4.56	4.84	4.56	4.77	11951595	176852288.00
2007/12/25	4.80	4.95	4.73	4.83	9326830	141460656.00
2007/12/26	4.83	4.93	4.76	4.85	6478424	98151648.00
2007/12/27	4.89	5.23	4.89	5.18	13023653	206930560.00
2007/12/28	5.13	5.23	5.06	5.09	8925958	142843632.00
2008/01/02	5.13	5.30	5.00	5.26	7497344	121734776.00
2008/01/03	5.22	5.34	5.09	5.24	11399889	184222016.00
2008/01/04	5.19	5.28	5.06	5.08	8446494	134947312.00
2008/01/07	5.09	5.59	5.09	5.52	12789949	214677776.00
2008/01/08	5.56	5.59	5.21	5.39	8207424	137575680.00
2008/01/09	5.30	5.83	5.26	5.78	13063902	227130816.00
2008/01/10	5.77	5.91	5.69	5.85	10650623	192067424.00
2008/01/11	5.87	5.88	5.46	5.63	7940633	139853312.00
2008/01/14	5.76	5.76	5.50	5.73	6316120	110441488.00
2008/01/15	5.69	5.69	5.52	5.55	7114342	123657264.00
2008/01/16	5.53	5.56	5.28	5.44	11511999	192585712.00
2008/01/17	5.38	5.51	5.16	5.27	8935669	148598192.00
2008/01/18	5.32	5.50	5.26	5.42	7790162	130872432.00
2008/01/21	5.40	5.54	5.28	5.41	10092238	170937424.00
2008/01/22	5.29	5.29	4.85	4.85	13115884	207697872.00
2008/01/23	4.86	5.22	4.86	5.18	6895808	109654776.00
2008/01/24	5.29	5.46	5.10	5.34	6602884	108602656.00
2008/01/25	5.43	5.64	5.34	5.44	8924091	153373728.00
2008/01/28	5.42	5.42	4.89	5.03	5865144	94389064.00
2008/01/29	5.01	5.23	4.90	5.12	2754460	43590344.00
2008/01/30	5.16	5.37	5.06	5.23	7070354	115682776.00
2008/01/31	5.26	5.29	5.16	5.20	3764567	61245672.00
2008/02/01	5.19	5.19	4.66	4.79	7201534	109774288.00
2008/02/04	4.98	5.20	4.95	5.18	5307072	84424592.00
2008/02/05	5.18	5.39	5.07	5.19	4728022	77576960.00
2008/02/13	5.13	5.49	5.07	5.34	6721763	111904584.00
2008/02/14	5.34	5.51	5.34	5.46	6045448	102748904.00
2008/02/15	5.46	5.48	5.27	5.45	3693719	62101936.00
2008/02/18	5.51	5.72	5.49	5.52	9076131	158000048.00
2008/02/19	5.54	5.76	5.54	5.75	8013097	141185536.00
2008/02/20	5.78	5.80	5.48	5.57	9832139	170956896.00
2008/02/21	5.49	5.65	5.48	5.64	5124037	89264256.00
2008/02/22	5.63	5.68	5.26	5.40	6223567	105847776.00
2008/02/25	5.44	5.52	5.11	5.12	3719844	60548848.00
2008/02/26	5.29	5.34	5.02	5.28	3545910	57234504.00
2008/02/27	5.29	5.34	5.22	5.29	4443767	73124800.00
2008/02/28	5.33	5.38	5.26	5.29	2657270	44034748.00
2008/02/29	5.29	5.34	5.13	5.18	3882450	63234544.00
2008/03/03	5.17	5.29	5.00	5.21	6155794	99009136.00
2008/03/04	5.22	5.42	5.18	5.30	5782038	95121944.00
2008/03/05	5.24	5.32	5.06	5.17	3864080	62035528.00
2008/03/06	5.17	5.24	5.02	5.06	4416975	70294136.00
2008/03/07	5.06	5.11	4.89	4.93	3460235	53814672.00
2008/03/10	4.89	4.90	4.67	4.73	3524000	52333056.00
2008/03/11	4.78	4.78	4.65	4.73	2754482	40751608.00
2008/03/12	4.83	4.84	4.43	4.44	5446145	77988080.00
2008/03/13	4.39	4.42	4.22	4.33	3888023	52673824.00
2008/03/14	4.34	4.40	4.26	4.36	1972779	26949580.00
2008/03/17	4.31	4.31	3.99	4.02	2951271	38257036.00
2008/03/18	3.96	3.96	3.60	3.79	4610222	54005064.00
2008/03/19	3.83	4.10	3.83	3.98	5991879	74516080.00
2008/03/20	3.86	4.40	3.80	4.30	7198560	93837312.00
2008/03/21	4.29	4.40	4.18	4.23	4174198	55832028.00
2008/03/24	4.30	4.35	4.14	4.15	3676573	49433264.00
2008/03/25	4.06	4.33	4.03	4.27	2186223	28988576.00
2008/03/26	4.34	4.39	4.26	4.32	2233400	30373376.00
2008/03/27	4.29	4.49	4.13	4.25	3408836	46326488.00
2008/03/28	4.22	4.38	4.13	4.37	3399704	45953868.00
2008/03/31	4.31	4.53	4.21	4.31	3677557	50654184.00
2008/04/01	4.25	4.32	3.86	3.89	7330082	91937352.00
2008/04/02	3.89	4.20	3.76	4.08	8684060	110110192.00
2008/04/03	3.96	4.20	3.96	4.18	2632505	34108484.00
2008/04/08	4.46	4.49	4.33	4.43	7075173	98404296.00
2008/04/09	4.44	4.56	4.26	4.27	4941957	69291848.00
2008/04/10	4.19	4.45	4.14	4.44	4962951	66851052.00
2008/04/11	4.46	4.55	4.38	4.45	3201057	45014680.00
2008/04/14	4.36	4.39	4.12	4.18	3217990	42835276.00
2008/04/15	4.18	4.39	4.10	4.39	2359748	31424096.00
2008/04/16	4.40	4.44	4.28	4.31	1750654	23941368.00
2008/04/17	4.29	4.39	4.16	4.24	1611697	21538378.00
2008/04/18	4.24	4.32	4.09	4.11	2506593	33123156.00
2008/04/21	4.46	4.46	4.03	4.10	3548439	47576988.00
2008/04/22	4.00	4.23	3.76	4.20	2740241	34338488.00
2008/04/23	4.12	4.37	4.07	4.33	2723130	36489604.00
2008/04/24	4.69	4.78	4.46	4.71	13776396	200523984.00
2008/04/25	4.59	4.76	4.54	4.59	7081615	103457728.00
2008/04/28	4.54	4.58	4.43	4.50	3989285	56309224.00
2008/04/29	4.46	4.60	4.44	4.49	4107162	58228356.00
2008/04/30	4.51	4.66	4.46	4.61	6205358	88972152.00
2008/05/05	4.67	4.78	4.56	4.74	5207866	76497088.00
2008/05/06	4.69	4.90	4.63	4.84	6908887	103396872.00
2008/05/07	4.78	4.85	4.52	4.53	4709698	69243888.00
2008/05/08	4.46	4.61	4.45	4.61	3533023	50265188.00
2008/05/09	4.63	4.78	4.53	4.68	4658507	68060760.00
2008/05/12	4.63	4.76	4.53	4.71	3802247	55500908.00
2008/05/13	4.57	4.76	4.53	4.72	4406752	64332496.00
2008/05/14	4.73	4.96	4.73	4.94	8277775	125769376.00
2008/05/15	4.94	4.98	4.85	4.89	5739791	88001552.00
2008/05/16	4.84	4.94	4.67	4.85	4456341	66965720.00
2008/05/19	4.81	4.89	4.80	4.84	2044051	30968124.00
2008/05/20	4.84	4.91	4.58	4.60	4698067	69482224.00
2008/05/21	4.55	4.73	4.36	4.60	4256366	59983724.00
2008/05/22	4.58	4.58	4.33	4.33	3232164	44863632.00
2008/05/23	4.37	4.42	4.23	4.34	2129307	28668880.00
2008/05/26	4.30	4.45	4.28	4.36	2732008	37188548.00
2008/05/27	4.39	4.41	4.25	4.35	1615136	21816532.00
2008/05/28	4.39	4.49	4.36	4.47	2354560	32627758.00
2008/05/29	4.46	4.60	4.40	4.54	4401881	62275344.00
2008/05/30	4.55	4.73	4.53	4.70	5226130	75835416.00
2008/06/02	4.73	4.79	4.63	4.66	4024698	58648800.00
2008/06/03	4.65	4.81	4.65	4.72	4221565	62174104.00
2008/06/04	4.73	4.75	4.44	4.49	4243000	60057672.00
2008/06/05	4.49	4.56	4.39	4.44	1738231	24251698.00
2008/06/06	4.45	4.61	4.43	4.59	2388533	33874376.00
2008/06/10	4.43	4.53	4.13	4.23	2844034	38380356.00
2008/06/11	4.19	4.28	4.14	4.26	2804225	36853328.00
2008/06/12	4.22	4.22	4.01	4.09	2754352	35154516.00
2008/06/13	4.09	4.26	4.05	4.05	3136140	40955800.00
2008/06/16	4.09	4.13	3.83	3.88	3060264	37984956.00
2008/06/17	3.91	3.94	3.47	3.48	4104903	47108056.00
2008/06/18	3.48	3.74	3.16	3.63	5243113	57466888.00
2008/06/19	3.53	3.62	3.25	3.36	4461276	48069436.00
2008/06/20	3.36	3.62	3.21	3.41	3244281	35159140.00
2008/06/23	3.39	3.56	3.26	3.51	2318669	25545056.00
2008/06/24	3.53	3.67	3.53	3.61	2074037	23557122.00
2008/06/25	3.64	3.84	3.60	3.80	2727591	32125866.00
2008/06/26	3.79	3.86	3.67	3.85	2888048	34139836.00
2008/06/27	3.75	3.76	3.61	3.73	2831803	32885464.00
2008/06/30	3.67	3.89	3.67	3.83	2278073	27288382.00
2008/07/01	3.82	3.83	3.69	3.69	1235855	14484845.00
2008/07/02	3.71	3.90	3.70	3.88	2710737	32583392.00
2008/07/03	3.83	4.06	3.78	3.92	2636572	32476348.00
2008/07/04	3.94	3.94	3.74	3.75	2159995	26027538.00
2008/07/08	3.92	4.02	3.80	4.02	4856619	59662064.00
2008/07/09	3.99	4.21	3.99	4.17	3997263	51787604.00
2008/07/10	4.14	4.33	4.09	4.19	3720097	48895592.00
2008/07/11	4.19	4.28	4.16	4.23	2800467	36756708.00
2008/07/14	4.19	4.25	4.16	4.23	1021592	13404828.00
2008/07/15	4.26	4.36	4.09	4.22	6243307	82236464.00
2008/07/16	4.16	4.18	4.02	4.13	2457238	31356818.00
2008/07/17	4.19	4.19	3.99	4.07	1637014	20883814.00
2008/07/18	4.07	4.24	4.00	4.23	1741352	22448576.00
2008/07/21	4.19	4.34	4.16	4.29	4184405	56134564.00
2008/07/22	4.27	4.43	4.27	4.38	3878523	52839504.00
2008/07/23	4.38	4.39	4.23	4.26	3547023	47689384.00
2008/07/24	4.31	4.37	4.25	4.32	2411915	32417270.00
2008/07/25	4.30	4.38	4.20	4.24	2495887	33427556.00
2008/07/28	4.24	4.30	4.12	4.16	4503649	58843764.00
2008/07/29	4.12	4.16	4.03	4.12	1825463	23363940.00
2008/07/30	4.16	4.19	3.95	3.99	3484867	44006744.00
2008/07/31	3.95	4.11	3.76	3.97	6690605	82546528.00
2008/08/01	3.91	4.12	3.89	4.09	2465773	30867770.00
2008/08/04	4.09	4.23	4.03	4.13	4158151	54133148.00
2008/08/05	4.13	4.24	4.06	4.14	3228121	41865236.00
2008/08/06	4.23	4.23	4.10	4.19	1736041	22512152.00
2008/08/07	4.21	4.28	4.15	4.25	1978784	26109076.00
2008/08/08	4.25	4.26	3.93	4.12	1914809	24397728.00
2008/08/11	4.06	4.06	3.77	3.83	2014979	24578974.00
2008/08/12	3.83	3.91	3.76	3.89	1396824	16780472.00
2008/08/13	3.80	3.92	3.66	3.73	2465719	29068422.00
2008/08/14	3.70	3.78	3.64	3.71	1505972	17496972.00
2008/08/15	3.76	3.77	3.62	3.73	2145191	24780564.00
2008/08/18	3.73	3.74	3.50	3.54	1481387	16761472.00
2008/08/19	3.45	3.71	3.43	3.70	1349433	15302004.00
2008/08/20	3.71	4.09	3.68	4.09	4086719	50824772.00
2008/08/21	4.15	4.49	3.96	4.02	5328153	67831848.00
2008/08/22	4.03	4.03	3.60	3.69	4702558	55142456.00
2008/08/25	3.72	3.86	3.64	3.77	1909618	22500712.00
2008/08/26	3.74	3.74	3.46	3.55	2966923	33258500.00
2008/08/27	3.51	3.59	3.36	3.45	3053153	33334872.00
2008/08/28	3.48	3.53	3.36	3.53	3529625	38725268.00
2008/08/29	3.55	3.62	3.39	3.52	6327958	70021424.00
2008/09/01	3.49	3.49	3.19	3.35	4018584	41993352.00
2008/09/02	3.29	3.43	3.24	3.42	2535853	26855124.00
2008/09/03	3.32	3.49	3.32	3.43	1773253	19147336.00
2008/09/04	3.47	3.49	3.39	3.43	1224094	13254004.00
2008/09/05	3.35	3.59	3.32	3.53	3715662	40998520.00
2008/09/08	3.54	3.58	3.46	3.53	4742007	52115160.00
2008/09/09	3.56	3.56	3.48	3.54	969974	10763132.00
2008/09/10	3.53	3.59	3.48	3.56	2007825	22408628.00
2008/09/11	3.55	3.69	3.55	3.56	2036397	23042886.00
2008/09/16	3.56	3.56	3.32	3.43	2925631	31511106.00
2008/09/17	3.41	3.57	3.41	3.56	2652807	29052224.00
2008/09/18	3.52	3.52	3.19	3.39	5476705	57113804.00
2008/09/19	3.70	3.74	3.64	3.74	5101683	59642208.00
2008/09/22	4.09	4.14	3.76	4.14	11703884	146719600.00
2008/09/23	4.01	4.18	3.95	3.96	6480029	82001344.00
2008/09/24	3.83	4.22	3.83	4.12	6973324	44546720.00
2008/09/25	4.05	4.26	3.95	4.17	13113832	84883760.00
2008/09/26	4.17	4.26	4.10	4.21	8315492	54322744.00
2008/10/06	4.17	4.28	4.08	4.11	5825280	37890808.00
2008/10/07	4.03	4.17	3.97	4.09	4407242	28147488.00
2008/10/08	3.99	4.09	3.81	3.88	5102067	31439336.00
2008/10/09	3.96	3.99	3.83	3.85	3916019	23811592.00
2008/10/10	3.76	3.76	3.45	3.54	7761827	43181464.00
2008/10/13	3.46	3.53	3.32	3.51	5659727	30608484.00
2008/10/14	3.63	3.68	3.39	3.42	5240620	29111464.00
2008/10/15	3.42	3.54	3.39	3.53	5653747	30599176.00
2008/10/16	3.44	3.71	3.39	3.60	8959684	50824480.00
2008/10/17	3.63	3.66	3.55	3.62	4379950	24762984.00
2008/10/20	3.63	3.63	3.49	3.61	6311500	35260280.00
2008/10/21	3.61	3.71	3.57	3.67	4396933	25207452.00
2008/10/22	3.61	3.67	3.56	3.61	3143791	17857792.00
2008/10/23	3.53	3.65	3.49	3.64	4841496	27224470.00
2008/10/24	3.67	3.68	3.26	3.26	16882620	90732648.00
2008/10/27	3.04	3.07	2.92	2.93	11372996	53139348.00
2008/10/28	2.92	3.12	2.79	3.08	8230372	38175640.00
2008/10/29	3.08	3.08	2.75	2.75	13778796	62049664.00
2008/10/30	2.67	2.72	2.46	2.58	29804812	121695752.00
2008/10/31	2.55	2.55	2.40	2.41	11649593	46018616.00
2008/11/03	2.36	2.36	2.19	2.20	11949706	43358488.00
2008/11/04	2.09	2.36	2.07	2.31	11527776	42567864.00
2008/11/05	2.33	2.56	2.27	2.56	16725943	65128868.00
2008/11/06	2.49	2.83	2.43	2.73	23313624	98590992.00
2008/11/07	2.86	3.02	2.63	2.75	30867579	139217216.00
2008/11/10	2.73	2.97	2.73	2.96	29059140	131224728.00
2008/11/11	2.88	2.92	2.76	2.78	21476991	97573808.00
2008/11/12	2.71	2.78	2.63	2.75	20887492	89705344.00
2008/11/13	2.69	2.93	2.66	2.85	25033452	112908576.00
2008/11/14	2.87	3.15	2.78	3.14	41166616	193640928.00
2008/11/17	3.21	3.47	3.15	3.47	49833069	262926880.00
2008/11/18	3.50	3.65	3.11	3.25	47454153	253387040.00
2008/11/19	3.20	3.43	2.91	3.34	55584903	274771104.00
2008/11/20	3.17	3.33	3.07	3.13	32475092	163504432.00
2008/11/21	2.93	3.13	2.81	3.02	38820912	182763536.00
2008/11/24	3.09	3.23	3.03	3.13	31088951	155452320.00
2008/11/25	3.16	3.19	2.94	3.10	23467767	115229128.00
2008/11/26	3.09	3.11	2.91	3.07	18877396	90625256.00
2008/11/27	3.26	3.35	3.09	3.10	44866425	228487136.00
2008/11/28	3.03	3.03	2.81	2.83	33737707	154519456.00
2008/12/01	2.71	2.85	2.64	2.83	23584352	103232936.00
2008/12/02	2.73	2.91	2.69	2.82	18638132	83545288.00
2008/12/03	2.86	2.96	2.84	2.96	27988446	129044144.00
2008/12/04	3.00	3.19	2.97	3.09	38174423	187072464.00
2008/12/05	3.15	3.21	3.11	3.16	46751871	233526464.00
2008/12/08	3.22	3.29	3.16	3.29	39053131	199011184.00
2008/12/09	3.31	3.31	3.11	3.11	33742179	170137568.00
2008/12/10	3.07	3.21	3.05	3.19	19730996	98244064.00
2008/12/11	3.20	3.20	3.01	3.02	22260959	109152880.00
2008/12/12	2.99	3.01	2.76	2.82	16564672	76206096.00
2008/12/15	2.84	2.91	2.79	2.85	9775377	44361088.00
2008/12/16	2.83	2.87	2.69	2.85	11807009	52194640.00
2008/12/17	2.85	2.95	2.76	2.91	25926852	118289104.00
2008/12/18	2.88	2.95	2.81	2.94	19378597	88769336.00
2008/12/19	2.94	2.97	2.89	2.91	17437389	81175752.00
2008/12/22	2.91	2.92	2.78	2.82	16751982	75627264.00
2008/12/23	2.83	2.83	2.57	2.58	17921026	77190328.00
2008/12/24	2.54	2.54	2.43	2.44	15813491	63054360.00
2008/12/25	2.47	2.49	2.33	2.39	13582535	52199664.00
2008/12/26	2.39	2.41	2.31	2.37	11715085	44480240.00
2008/12/29	2.37	2.62	2.33	2.62	23362252	94149744.00
2008/12/31	2.55	2.56	2.39	2.41	14050541	55808584.00
2011/10/10	3.07	3.11	3.03	3.05	2523700	8090867.00
2011/10/11	3.10	3.12	3.04	3.07	3224263	10432100.00
2011/10/12	3.04	3.14	3.03	3.14	4718977	15328898.00
2011/10/13	3.14	3.18	3.12	3.16	4999241	16451215.00
2011/10/14	3.15	3.16	3.10	3.13	3525415	11503416.00
2011/10/17	3.16	3.17	3.12	3.14	2866470	9424871.00
2011/10/18	3.13	3.13	3.05	3.06	3281197	10584174.00
2011/10/19	3.06	3.08	3.02	3.04	3073461	9793308.00
2011/10/20	3.03	3.03	2.95	2.96	5382110	16749194.00
2011/10/21	2.95	2.98	2.94	2.94	2230550	6906098.00
2011/10/24	2.95	3.01	2.94	3.01	3011240	9381229.00
2011/10/25	3.01	3.06	2.97	3.04	5695969	18011618.00
2011/10/26	3.03	3.10	3.01	3.06	8828748	28371506.00
2011/10/27	3.07	3.11	3.06	3.09	7026980	22674164.00
2011/10/28	3.12	3.17	3.09	3.16	9009034	29341502.00
2011/10/31	3.16	3.16	3.10	3.12	5342645	17442092.00
2011/11/01	3.11	3.13	3.08	3.10	4609230	14951074.00
2011/11/02	3.07	3.12	3.04	3.12	7496487	24080588.00
2011/11/03	3.14	3.19	3.12	3.14	12799859	42118820.00
2011/11/04	3.15	3.18	3.11	3.16	8977449	29514376.00
2011/11/07	3.16	3.26	3.15	3.19	14547802	48814644.00
2011/11/08	3.19	3.21	3.14	3.15	5096807	16889432.00
2011/11/09	3.14	3.19	3.13	3.16	4109487	13536417.00
2011/11/10	3.14	3.14	3.10	3.10	6365731	20758744.00
2011/11/11	3.10	3.13	3.09	3.10	2933854	9527564.00
2011/11/14	3.12	3.16	3.12	3.16	4450773	14616604.00
2011/11/15	3.16	3.24	3.14	3.21	10776523	35945696.00
2011/11/16	3.22	3.22	3.11	3.13	5505301	18148208.00
2011/11/17	3.11	3.16	3.10	3.11	3309749	10803203.00
2011/11/18	3.11	3.11	3.01	3.02	4722254	15058800.00
2011/11/21	3.02	3.04	3.00	3.03	2566550	8095816.00
2011/11/22	3.02	3.03	2.99	3.02	2731632	8590120.00
2011/11/24	2.98	3.01	2.96	3.00	2696174	8418892.00
2011/11/25	3.02	3.02	2.96	2.96	2424473	7560753.00
2011/11/28	2.97	2.99	2.96	2.97	1904747	5928600.00
2011/11/29	3.01	3.01	2.97	3.00	2355448	7372711.00
2011/11/30	3.00	3.01	2.86	2.88	5020832	15355472.00
2011/12/01	2.93	2.97	2.92	2.94	4802461	14833201.00
2011/12/02	2.94	2.94	2.88	2.92	2413901	7346083.00
2011/12/05	2.89	2.91	2.84	2.84	3796291	11393171.00
2011/12/06	2.85	2.87	2.82	2.84	2596443	7746004.00
2011/12/07	2.85	2.87	2.83	2.86	1820172	5449989.00
2011/12/08	2.86	2.87	2.81	2.85	2865660	8547273.00
2011/12/09	2.85	2.89	2.82	2.88	3294251	9858241.00
2011/12/12	2.88	2.88	2.84	2.84	1569399	4702330.00
2011/12/13	2.83	2.83	2.74	2.75	4109351	11945224.00
2011/12/14	2.75	2.75	2.68	2.69	2273758	6501894.00
2011/12/15	2.68	2.68	2.56	2.57	4859519	13365461.00
2011/12/16	2.59	2.65	2.57	2.65	3138013	8614544.00
2011/12/19	2.65	2.65	2.57	2.63	2103998	5777808.00
2011/12/20	2.63	2.65	2.61	2.63	1978042	5489896.00
2011/12/21	2.64	2.71	2.61	2.62	4902393	13783196.00
2011/12/22	2.63	2.90	2.56	2.74	13739734	39168292.00
2011/12/23	2.73	2.79	2.66	2.73	13703815	39192648.00
2011/12/26	2.71	2.72	2.66	2.68	4589400	12972880.00
2011/12/27	2.67	2.67	2.59	2.60	3251345	9020671.00
2011/12/28	2.60	2.61	2.46	2.53	5691995	15138810.00
2011/12/29	2.52	2.55	2.48	2.52	3017727	8039944.00
2011/12/30	2.53	2.57	2.53	2.56	2103438	5671810.00
2012/01/04	2.59	2.62	2.54	2.54	2622519	7116350.00
2012/01/05	2.53	2.56	2.48	2.49	2351278	6244504.00
2012/01/06	2.49	2.50	2.43	2.50	2965680	7715272.00
2012/01/09	2.51	2.59	2.49	2.58	4322939	11604262.00
2012/01/10	2.59	2.69	2.58	2.68	6807399	18968352.00
2012/01/11	2.70	2.70	2.62	2.65	5478577	15308963.00
2012/01/12	2.64	2.70	2.61	2.64	3837142	10772534.00
2012/01/13	2.65	2.66	2.58	2.59	3261460	8960172.00
2012/01/16	2.58	2.61	2.55	2.57	2459251	6674574.00
2012/01/17	2.57	2.70	2.51	2.69	7400265	20599342.00
2012/01/18	2.69	2.73	2.62	2.62	5615328	15815541.00
2012/01/19	2.64	2.69	2.62	2.67	3290301	9226678.00
2012/01/20	2.67	2.71	2.66	2.70	3812409	10777154.00
2012/01/30	2.71	2.72	2.67	2.69	3348959	9500522.00
2012/01/31	2.70	2.70	2.66	2.69	2535062	7136172.00
2012/02/01	2.69	2.72	2.67	2.69	2902506	8231070.00
2012/02/02	2.68	2.71	2.67	2.71	2716332	7694928.00
2012/02/03	2.71	2.74	2.69	2.73	6426949	18361216.00
2012/02/06	2.72	2.74	2.70	2.72	3481712	9932581.00
2012/02/07	2.71	2.71	2.65	2.67	3812544	10719099.00
2012/02/08	2.65	2.72	2.65	2.72	3869549	10966252.00
2012/02/09	2.72	2.74	2.70	2.72	6065015	17367212.00
2012/02/10	2.72	2.76	2.70	2.73	5461659	15706263.00
2012/02/13	2.72	2.79	2.71	2.76	7571083	21979878.00
2012/02/14	2.76	2.76	2.72	2.75	4229812	12170038.00
2012/02/15	2.73	2.80	2.72	2.79	7171619	20913916.00
2012/02/16	2.78	2.92	2.78	2.85	17321228	52064904.00
2012/02/17	2.86	2.89	2.81	2.89	8489906	25412912.00
2012/02/20	2.94	2.95	2.87	2.88	6466992	19653056.00
2012/02/21	2.86	2.90	2.81	2.87	6285445	18828974.00
2012/02/22	2.88	2.91	2.86	2.90	5478184	16555591.00
2012/02/23	2.92	2.97	2.90	2.95	12963221	39888008.00
2012/02/24	2.93	3.02	2.92	2.99	10888466	33783760.00
2012/02/27	3.00	3.03	2.96	2.99	22221805	69707760.00
2012/02/28	2.98	2.98	2.92	2.95	9988056	30758484.00
2012/02/29	2.95	2.95	2.89	2.90	7170328	21947876.00
2012/03/01	2.87	2.92	2.87	2.91	3663502	11141549.00
2012/03/02	2.92	2.95	2.90	2.95	5386073	16542831.00
2012/03/05	2.96	2.97	2.93	2.93	6083235	18786012.00
2012/03/06	2.95	2.96	2.88	2.89	6162940	18721542.00
2012/03/07	2.87	2.90	2.85	2.88	5078863	15314234.00
2012/03/08	2.87	2.91	2.87	2.90	4324790	13120694.00
2012/03/09	2.90	2.92	2.87	2.92	6030665	18316902.00
2012/03/12	2.92	2.97	2.91	2.96	8693356	26850338.00
2012/03/13	2.96	2.96	2.93	2.96	5370480	16553613.00
2012/03/14	2.97	2.98	2.76	2.83	11779839	35934560.00
2012/03/15	2.83	2.86	2.76	2.83	8637124	25558172.00
2012/03/16	2.83	2.85	2.80	2.85	4507613	13403768.00
2012/03/19	2.85	2.94	2.82	2.92	7435782	22392008.00
2012/03/20	2.91	2.92	2.85	2.85	5158366	15572301.00
2012/03/21	2.87	2.89	2.85	2.87	3935861	11853524.00
2012/03/22	2.87	2.90	2.86	2.87	3431738	10377889.00
2012/03/23	2.86	2.87	2.81	2.82	3308636	9816559.00
2012/03/26	2.82	2.84	2.78	2.80	2929379	8608513.00
2012/03/27	2.81	2.84	2.80	2.82	2660796	7876434.00
2012/03/28	2.82	2.82	2.75	2.76	5025510	14647391.00
2012/03/29	2.76	2.76	2.70	2.71	4706483	13472743.00
2012/03/30	2.71	2.75	2.71	2.72	2208760	6330873.00
2012/04/05	2.73	2.82	2.73	2.80	3191621	9358615.00
2012/04/06	2.80	2.82	2.79	2.80	3131865	9221184.00
2012/04/09	2.81	2.82	2.77	2.78	2463011	7229410.00
2012/04/10	2.81	2.81	2.75	2.81	2002844	5848510.00
2012/04/11	2.79	2.82	2.76	2.81	2869521	8429353.00
2012/04/12	2.81	2.85	2.79	2.85	4366190	12953648.00
2012/04/13	2.86	2.87	2.84	2.86	4707957	14108318.00
2012/04/16	2.84	2.95	2.84	2.90	6329271	19341328.00
2012/04/17	2.91	2.92	2.87	2.88	3909662	11853550.00
2012/04/18	2.88	2.93	2.86	2.93	5207135	15859849.00
2012/04/19	2.92	2.94	2.90	2.91	3463877	10576316.00
2012/04/20	2.91	2.93	2.89	2.93	4371682	13348455.00
2012/04/23	2.93	2.94	2.89	2.90	5358734	16388035.00
2012/04/24	2.90	2.91	2.84	2.90	7423016	22374146.00
2012/04/25	2.89	2.92	2.87	2.91	5857731	17808706.00
2012/04/26	2.92	2.97	2.91	2.95	12183298	37639960.00
2012/04/27	2.93	2.94	2.89	2.90	6836110	20800788.00
2012/05/02	2.95	2.95	2.90	2.94	9360388	28728384.00
2012/05/03	2.93	2.94	2.89	2.91	4193895	12801264.00
2012/05/04	2.91	2.94	2.90	2.92	4320808	13223787.00
2012/05/07	2.90	2.91	2.88	2.91	4482607	13604985.00
2012/05/08	2.90	2.91	2.87	2.89	4132284	12499839.00
2012/05/09	2.88	2.88	2.80	2.81	6637199	19737508.00
2012/05/10	2.81	2.84	2.80	2.82	3808902	11279861.00
2012/05/11	2.82	2.83	2.79	2.82	4567375	13460885.00
2012/05/14	2.86	2.88	2.80	2.82	6476240	19261924.00
2012/05/15	2.83	2.88	2.81	2.85	8590600	25678050.00
2012/05/16	2.85	3.00	2.80	2.90	21946121	66822000.00
2012/05/18	3.20	3.20	3.13	3.20	52399929	174831920.00
2012/05/21	3.31	3.43	2.98	3.08	75976340	254156048.00
2012/05/22	3.01	3.11	3.01	3.04	29244655	93000944.00
2012/05/23	3.03	3.03	2.93	3.00	23720331	73525576.00
2012/05/24	2.97	3.09	2.95	3.01	25982293	82341560.00
2012/05/25	2.96	2.99	2.92	2.93	17501575	53843984.00
2012/05/28	2.91	3.10	2.90	3.05	26223798	82370176.00
2012/05/29	3.03	3.04	2.96	3.01	19723963	61859584.00
2012/05/30	3.00	3.09	2.98	3.01	14275813	45236960.00
2012/05/31	2.99	2.99	2.93	2.95	15317183	47410884.00
2012/06/01	2.95	3.05	2.93	2.96	12794716	39928544.00
2012/06/04	2.92	2.92	2.84	2.86	18953336	57123644.00
2012/06/05	2.86	2.88	2.83	2.84	6937173	20698960.00
2012/06/06	2.84	2.86	2.81	2.82	6427968	19091024.00
2012/06/07	2.83	2.87	2.79	2.80	6410425	19023304.00
2012/06/08	2.82	2.84	2.78	2.78	4463322	13147348.00
2012/06/11	2.80	2.83	2.79	2.82	3907751	11522533.00
2012/06/12	2.82	2.82	2.80	2.81	3143279	9273106.00
2012/06/13	2.82	2.86	2.81	2.86	4084656	12160728.00
2012/06/14	2.86	2.86	2.83	2.83	3508242	10479595.00
2012/06/15	2.86	2.87	2.81	2.82	3048254	8878666.00
2012/06/18	2.83	2.85	2.82	2.83	3342115	9741985.00
2012/06/19	2.84	2.84	2.81	2.82	2473518	7174727.00
2012/06/20	2.82	2.83	2.80	2.82	2956272	8562483.00
2012/06/21	2.82	2.83	2.77	2.78	3215070	9223920.00
2012/06/25	2.78	2.78	2.69	2.70	4303849	12115500.00
2012/06/26	2.70	2.71	2.67	2.71	3206583	8890996.00
2012/06/27	2.71	2.72	2.69	2.69	3210300	8951408.00
2012/06/28	2.70	2.71	2.62	2.62	5166043	14152825.00
2012/06/29	2.62	2.70	2.59	2.68	6018246	16347594.00
2012/07/02	2.67	2.68	2.65	2.67	3859298	10595655.00
2012/07/03	2.66	2.69	2.65	2.66	4455348	12250739.00
2012/07/04	2.67	2.68	2.63	2.66	4191051	11455475.00
2012/07/05	2.65	2.65	2.59	2.60	3395347	9145430.00
2012/07/06	2.62	2.64	2.58	2.64	4657494	12509427.00
2012/07/09	2.62	2.63	2.55	2.56	4618550	12358875.00
2012/07/10	2.56	2.56	2.53	2.56	2760438	7245715.00
2012/07/11	2.56	2.58	2.54	2.58	2867005	7592959.00
2012/07/12	2.58	2.61	2.54	2.59	4439553	11801481.00
2012/07/13	2.58	2.61	2.57	2.58	2987587	7980240.00
2012/07/16	2.58	2.59	2.50	2.51	4202200	10959117.00
2012/07/17	2.51	2.54	2.49	2.52	3432640	8914805.00
2012/07/18	2.52	2.54	2.50	2.53	3935860	10227866.00
2012/07/19	2.54	2.63	2.53	2.57	8954692	23869952.00
2012/07/20	2.57	2.59	2.56	2.58	3206935	8508619.00
2012/07/23	2.58	2.58	2.54	2.56	2101297	5545342.00
2012/07/24	2.55	2.61	2.54	2.60	3722955	9902251.00
2012/07/25	2.59	2.64	2.58	2.59	4506700	12140747.00
2012/07/26	2.59	2.61	2.57	2.57	2060352	5483762.00
2012/07/27	2.57	2.60	2.52	2.55	2321992	6127955.00
2012/07/30	2.54	2.61	2.52	2.58	4607107	12223769.00
2012/07/31	2.58	2.62	2.54	2.60	4029366	10743456.00
2012/08/01	2.60	2.66	2.58	2.63	6240327	16892412.00
2012/08/02	2.64	2.67	2.62	2.65	4703095	12830340.00
2012/08/03	2.65	2.68	2.63	2.67	4314852	11821458.00
2012/08/06	2.68	2.71	2.66	2.70	5538229	15305983.00
2012/08/07	2.71	2.71	2.67	2.69	4232302	11709452.00
2012/08/08	2.69	2.69	2.65	2.68	5658363	15566182.00
2012/08/09	2.68	2.69	2.63	2.68	5440731	14900861.00
2012/08/10	2.68	2.69	2.66	2.67	3380419	9305232.00
2012/08/13	2.68	2.68	2.63	2.63	2527452	6900988.00
2012/08/14	2.64	2.66	2.62	2.66	2877318	7821333.00
2012/08/15	2.65	2.66	2.63	2.64	2962246	8081025.00
2012/08/16	2.63	2.65	2.62	2.63	1130527	3068393.00
2012/08/17	2.63	2.64	2.60	2.62	2093618	5658802.00
2012/08/20	2.62	2.63	2.58	2.60	2343717	6272247.00
2012/08/21	2.61	2.64	2.59	2.63	2086859	5634455.00
2012/08/22	2.63	2.63	2.60	2.63	1887409	5092002.00
2012/08/23	2.63	2.64	2.61	2.64	2317742	6275130.00
2012/08/24	2.63	2.63	2.58	2.59	2058062	5522860.00
2012/08/27	2.59	2.59	2.54	2.55	2387478	6295493.00
2012/08/28	2.54	2.59	2.54	2.57	3043225	8029769.00
2012/08/29	2.58	2.60	2.54	2.56	1982607	5250885.00
2012/08/30	2.56	2.58	2.54	2.55	1875142	4945235.00
2012/08/31	2.55	2.81	2.55	2.69	11289528	31222030.00
2012/09/03	2.69	2.70	2.65	2.69	4949171	13676182.00
2012/09/04	2.69	2.69	2.64	2.65	2800636	7674890.00
2012/09/05	2.64	2.65	2.59	2.62	2754374	7403188.00
2012/09/06	2.62	2.65	2.60	2.64	2796759	7572769.00
2012/09/07	2.67	2.76	2.65	2.71	8751459	24447000.00
2012/09/10	2.72	2.73	2.69	2.72	4732789	13215692.00
2012/09/11	2.71	2.71	2.67	2.68	3421838	9454367.00
2012/09/12	2.69	2.73	2.69	2.72	5294697	14772293.00
2012/09/13	2.72	2.77	2.71	2.73	6963697	19669128.00
2012/09/14	2.74	2.75	2.69	2.73	3873120	10841651.00
2012/09/17	2.72	2.73	2.64	2.65	3390063	9353960.00
2012/09/18	2.65	2.67	2.61	2.61	2140771	5811409.00
2012/09/19	2.62	2.64	2.61	2.62	1400798	3790373.00
2012/09/20	2.63	2.64	2.59	2.60	2666180	7161470.00
2012/09/21	2.61	2.62	2.59	2.60	2349083	6305808.00
2012/09/24	2.60	2.60	2.53	2.57	2545777	6725068.00
2012/09/25	2.57	2.62	2.55	2.61	2695642	7180160.00
2012/09/26	2.61	2.61	2.55	2.56	1505688	3982339.00
2012/09/27	2.54	2.62	2.54	2.60	3125148	8336312.00
2012/09/28	2.60	2.62	2.58	2.61	3115368	8355820.00
2012/10/08	2.62	2.62	2.60	2.60	2537188	6827878.00
2012/10/09	2.60	2.65	2.60	2.65	3466799	9425458.00
2012/10/10	2.64	2.70	2.64	2.69	3962648	10923280.00
2012/10/11	2.69	2.69	2.65	2.65	2372483	6514003.00
2012/10/12	2.66	2.69	2.65	2.66	2578949	7082319.00
2012/10/15	2.66	2.68	2.65	2.65	1951274	5336035.00
2012/10/16	2.65	2.67	2.64	2.65	1511242	4136442.00
2012/10/17	2.64	2.67	2.61	2.65	3673562	9990151.00
2012/10/18	2.65	2.71	2.65	2.69	5173268	14320094.00
2012/10/19	2.68	2.70	2.66	2.68	3532859	9743195.00
2012/10/22	2.67	2.71	2.67	2.70	3900543	10812673.00
2012/10/23	2.74	2.74	2.70	2.70	4884400	13640277.00
2012/10/24	2.70	2.77	2.68	2.77	10637278	30006784.00
2012/10/25	2.77	2.89	2.77	2.80	18691740	54246956.00
2012/10/26	2.78	2.80	2.70	2.74	10269615	28849156.00
2012/10/29	2.75	2.76	2.72	2.73	4904581	13838018.00
2012/10/30	2.74	2.75	2.71	2.72	3405937	9559021.00
2012/10/31	2.72	2.73	2.69	2.71	3501751	9772036.00
2012/11/01	2.71	2.76	2.70	2.75	5108506	14398356.00
2012/11/02	2.76	2.77	2.72	2.76	4566298	12893688.00
2012/11/05	2.76	2.76	2.72	2.74	4118951	11620093.00
2012/11/06	2.75	2.75	2.69	2.73	3846672	10744678.00
2012/11/07	2.73	2.75	2.70	2.72	1979067	5542192.00
2012/11/08	2.71	2.71	2.64	2.65	9605946	26362920.00
2012/11/09	2.63	2.66	2.63	2.65	2376189	6483374.00
2012/11/12	2.65	2.68	2.65	2.67	1884045	5180628.00
2012/11/13	2.69	2.69	2.65	2.66	1998903	5475207.00
2012/11/14	2.66	2.67	2.65	2.66	2153589	5890670.00
2012/11/15	2.65	2.66	2.63	2.64	2798596	7622224.00
2012/11/16	2.64	2.64	2.59	2.60	2399400	6446737.00
2012/11/19	2.60	2.62	2.59	2.61	1570135	4208004.00
2012/11/20	2.61	2.62	2.59	2.61	1934768	5185683.00
2012/11/21	2.64	2.74	2.63	2.69	6603933	18238960.00
2012/11/22	2.64	2.67	2.61	2.66	3204381	8716049.00
2012/11/23	2.64	2.68	2.64	2.65	2679350	7354554.00
2012/11/26	2.65	2.68	2.64	2.64	1183031	3234555.00
2012/11/27	2.65	2.66	2.59	2.60	2378391	6402747.00
2012/11/28	2.60	2.60	2.57	2.58	2140388	5688369.00
2012/11/29	2.60	2.61	2.56	2.58	2379000	6340812.00
2012/11/30	2.58	2.61	2.57	2.60	1928799	5148031.00
2012/12/03	2.60	2.69	2.58	2.63	4789456	13007901.00
2012/12/04	2.60	2.64	2.59	2.64	3067957	8260390.00
2012/12/05	2.64	2.71	2.61	2.69	6963314	19227282.00
2012/12/06	2.67	2.74	2.67	2.69	6368749	17783624.00
2012/12/07	2.71	2.72	2.66	2.71	5612959	15607322.00
2012/12/10	2.72	2.73	2.70	2.72	4849050	13551352.00
2012/12/11	2.72	2.72	2.69	2.69	3377700	9410988.00
2012/12/12	2.69	2.70	2.67	2.69	2550172	7051366.00
2012/12/13	2.69	2.70	2.68	2.68	2989654	8279926.00
2012/12/14	2.68	2.77	2.68	2.77	10761796	30360594.00
2012/12/17	2.77	2.82	2.74	2.76	10425966	29777744.00
2012/12/18	2.75	2.79	2.74	2.75	7600286	21598080.00
2012/12/19	2.76	2.78	2.73	2.75	6450607	18247336.00
2012/12/20	2.75	2.75	2.71	2.74	4810509	13504458.00
2012/12/21	2.73	2.77	2.71	2.72	5760559	16235213.00
2012/12/24	2.72	2.75	2.72	2.73	2731996	7685014.00
2012/12/25	2.74	2.79	2.72	2.78	8830216	25173248.00
2012/12/26	2.78	2.81	2.75	2.80	8466830	24209288.00
2012/12/27	2.79	2.81	2.77	2.78	7984548	22927914.00
2012/12/28	2.78	2.80	2.77	2.79	5110177	14619602.00
2012/12/31	2.78	2.84	2.78	2.81	11330175	32799812.00
2013/01/04	2.81	2.84	2.78	2.79	7735684	22311816.00
2013/01/07	2.79	2.80	2.77	2.80	5465418	15652529.00
2013/01/08	2.79	2.79	2.76	2.77	9117099	26032102.00
2013/01/09	2.78	2.79	2.76	2.78	9320269	26622930.00
2013/01/10	2.77	2.82	2.76	2.81	10873092	31239600.00
2013/01/11	2.80	2.81	2.73	2.73	8717936	24816096.00
2013/01/14	2.72	2.81	2.72	2.79	12256297	34982020.00
2013/01/15	2.79	2.85	2.79	2.83	13959491	40478696.00
2013/01/16	2.83	2.84	2.78	2.80	9625328	27786932.00
2013/01/17	2.81	2.87	2.79	2.82	14536168	42309568.00
2013/01/18	2.83	2.85	2.80	2.85	10430934	30361668.00
2013/01/21	2.85	2.88	2.80	2.88	19701191	57621676.00
2013/01/22	2.87	2.94	2.83	2.90	21298735	63305216.00
2013/01/23	2.88	2.91	2.82	2.85	13254025	38923876.00
2013/01/24	2.84	2.88	2.77	2.80	12899088	37483584.00
2013/01/25	2.79	2.81	2.77	2.79	6630700	19023638.00
2013/01/28	2.79	2.84	2.79	2.83	9298494	26952500.00
2013/01/29	2.84	2.85	2.82	2.83	9162125	26652554.00
2013/01/30	2.82	2.89	2.82	2.87	19691931	57779496.00
2013/01/31	2.86	2.89	2.85	2.86	11565625	34077656.00
2013/02/01	2.85	2.86	2.83	2.85	9823687	28762052.00
2013/02/04	2.86	2.88	2.85	2.86	9262994	27256316.00
2013/02/05	2.87	2.91	2.86	2.91	14603685	43392848.00
2013/02/06	2.91	2.92	2.87	2.89	8143737	24197808.00
2013/02/07	2.88	2.90	2.86	2.88	6973853	20639468.00
2013/02/08	2.89	2.91	2.88	2.90	5886661	17546374.00
2013/02/18	2.91	2.92	2.90	2.90	8783685	26275524.00
2013/02/19	2.90	2.91	2.85	2.86	9392451	27731272.00
2013/02/20	2.86	2.89	2.85	2.88	6648924	19615988.00
2013/02/21	2.87	2.87	2.81	2.82	10568963	30788308.00
2013/02/22	2.82	2.83	2.80	2.80	4671349	13515804.00
2013/02/25	2.80	2.83	2.80	2.82	5560360	16112858.00
2013/02/26	2.80	2.82	2.76	2.77	10056030	28865152.00
2013/02/27	2.76	2.80	2.76	2.78	4086859	11680031.00
2013/02/28	2.79	2.82	2.77	2.82	6519115	18738980.00
2013/03/01	2.81	2.82	2.77	2.80	7902091	22663948.00
2013/03/04	2.78	2.78	2.69	2.72	11189148	31572960.00
2013/03/05	2.71	2.75	2.71	2.75	5511504	15509746.00
2013/03/06	2.76	2.80	2.74	2.79	7228383	20629824.00
2013/03/07	2.79	2.81	2.76	2.77	6470407	18523638.00
2013/03/08	2.77	2.78	2.75	2.77	3568028	10146912.00
2013/03/11	2.77	2.78	2.75	2.76	2665170	7577010.00
2013/03/12	2.75	2.77	2.70	2.71	5722768	16073032.00
2013/03/13	2.72	2.73	2.69	2.72	3316274	9245441.00
2013/03/14	2.72	2.73	2.70	2.71	2117169	5911234.00
2013/03/15	2.71	2.76	2.69	2.73	4959385	13905049.00
2013/03/18	2.72	2.72	2.69	2.71	3179400	8868464.00
2013/03/19	2.69	2.72	2.67	2.72	4028377	11172183.00
2013/03/20	2.72	2.76	2.70	2.76	6692724	18827896.00
2013/03/21	2.76	2.76	2.73	2.74	6787326	19170360.00
2013/03/22	2.74	2.79	2.73	2.79	10721013	30546768.00
2013/03/25	2.80	2.80	2.76	2.77	5638995	16093323.00
2013/03/26	2.77	2.82	2.74	2.81	9133817	26089898.00
2013/03/27	2.81	2.82	2.78	2.80	4680108	13473098.00
2013/03/28	2.80	2.80	2.72	2.75	5234160	14836895.00
2013/03/29	2.75	2.76	2.73	2.74	2614287	7383346.00
2013/04/01	2.73	2.74	2.71	2.72	3546599	9946923.00
2013/04/02	2.72	2.74	2.71	2.72	3122832	8759897.00
2013/04/03	2.72	2.75	2.71	2.73	4813364	13545561.00
2013/04/08	2.72	2.72	2.68	2.70	3688175	10238233.00
2013/04/09	2.70	2.74	2.70	2.72	3986503	11172709.00
2013/04/10	2.72	2.73	2.70	2.72	2575657	7186362.00
2013/04/11	2.72	2.73	2.70	2.71	2151994	6008652.00
2013/04/12	2.71	2.73	2.69	2.70	2601646	7232050.00
2013/04/15	2.69	2.70	2.64	2.66	4150895	11386585.00
2013/04/16	2.65	2.70	2.63	2.69	3578300	9850753.00
2013/04/17	2.69	2.70	2.65	2.67	3495160	9654345.00
2013/04/18	2.68	2.69	2.66	2.66	2389861	6585865.00
2013/04/19	2.67	2.71	2.66	2.71	4277996	11887549.00
2013/04/22	2.69	2.72	2.68	2.72	3315961	9227249.00
2013/04/23	2.72	2.72	2.65	2.66	3848337	10603898.00
2013/04/24	2.65	2.71	2.65	2.69	3922275	10842439.00
2013/04/25	2.69	2.70	2.66	2.67	3631212	10013508.00
2013/04/26	2.68	2.70	2.66	2.66	3195478	8799939.00
2013/05/02	2.65	2.68	2.64	2.64	3461330	9444753.00
2013/05/03	2.65	2.68	2.65	2.67	1744300	4797154.00
2013/05/06	2.67	2.69	2.66	2.69	2900276	8002205.00
2013/05/07	2.69	2.69	2.67	2.69	2787894	7682803.00
2013/05/08	2.68	2.71	2.68	2.69	2641836	7313679.00
2013/05/09	2.69	2.69	2.66	2.68	3025424	8320400.00
2013/05/10	2.67	2.68	2.65	2.68	2874818	7892419.00
2013/05/13	2.67	2.68	2.65	2.67	3616032	9924753.00
2013/05/14	2.67	2.67	2.64	2.65	2819418	7691893.00
2013/05/15	2.65	2.66	2.63	2.65	3134491	8540648.00
2013/05/16	2.64	2.66	2.63	2.66	2686212	7337430.00
2013/05/17	2.65	2.68	2.65	2.68	5287556	14512786.00
2013/05/20	2.68	2.70	2.66	2.69	5161233	14258695.00
2013/05/21	2.69	2.69	2.67	2.69	4047962	11185008.00
2013/05/22	2.69	2.70	2.67	2.70	5342324	14778772.00
2013/05/23	2.69	2.69	2.67	2.67	4729335	13043631.00
2013/05/24	2.67	2.68	2.65	2.66	4172430	11443981.00
2013/05/27	2.66	2.68	2.64	2.68	5398766	14782197.00
2013/05/28	2.67	2.69	2.65	2.68	5294198	14557247.00
2013/05/29	2.68	2.70	2.67	2.68	7558576	20905578.00
2013/05/30	2.69	2.69	2.66	2.67	5648442	15548081.00
2013/05/31	2.67	2.68	2.66	2.67	5384346	14801238.00
2013/06/03	2.67	2.68	2.66	2.67	5284051	14514691.00
2013/06/04	2.66	2.67	2.60	2.62	8263546	22434484.00
2013/06/05	2.62	2.63	2.60	2.62	3801684	10220453.00
2013/06/06	2.62	2.62	2.58	2.59	3293281	8816183.00
2013/06/07	2.59	2.60	2.54	2.56	4563925	12085432.00
2013/06/13	2.54	2.55	2.49	2.51	5242851	13568332.00
2013/06/14	2.52	2.53	2.51	2.52	2942903	7649745.00
2013/06/17	2.52	2.54	2.50	2.53	3044445	7923208.00
2013/06/18	2.53	2.55	2.52	2.55	3612376	9430805.00
2013/06/19	2.54	2.55	2.49	2.54	3286810	8537133.00
2013/06/20	2.53	2.53	2.48	2.49	2137200	5525131.00
2013/06/21	2.48	2.49	2.45	2.47	2635153	6710250.00
2013/06/24	2.47	2.47	2.31	2.32	4336158	10643556.00
2013/06/25	2.32	2.32	2.10	2.25	6657336	15404482.00
2013/06/26	2.25	2.25	2.18	2.22	5380958	12307218.00
2013/06/27	2.22	2.24	2.17	2.20	5849940	13454907.00
2013/06/28	2.19	2.23	2.18	2.20	5088583	11631306.00
2013/07/01	2.21	2.23	2.19	2.23	6326621	14509957.00
2013/07/02	2.22	2.22	2.18	2.21	4227498	9642392.00
2013/07/03	2.21	2.21	2.15	2.17	3574701	8055347.00
2013/07/04	2.17	2.20	2.14	2.19	3936442	8884782.00
2013/07/05	2.19	2.21	2.18	2.20	3941566	8971367.00
2013/07/08	2.19	2.19	2.11	2.12	4541500	10074956.00
2013/07/09	2.12	2.13	2.08	2.11	4044388	8837008.00
2013/07/10	2.10	2.16	2.10	2.15	5141065	11367159.00
2013/07/11	2.16	2.24	2.14	2.21	11661940	26576868.00
2013/07/12	2.21	2.22	2.17	2.17	7540800	17196040.00
2013/07/15	2.17	2.20	2.17	2.20	3178607	7215779.00
2013/07/16	2.20	2.24	2.19	2.24	7594528	17433588.00
2013/07/17	2.23	2.24	2.21	2.22	5885022	13568588.00
2013/07/18	2.23	2.23	2.19	2.19	2980032	6819150.00
2013/07/19	2.19	2.21	2.15	2.15	2817230	6371027.00
2013/07/22	2.15	2.16	2.12	2.14	3806068	8422230.00
2013/07/23	2.14	2.20	2.13	2.19	6329269	14291881.00
2013/07/24	2.19	2.19	2.14	2.16	3672072	8244844.00
2013/07/25	2.16	2.18	2.15	2.16	4998172	11225415.00
2013/07/26	2.16	2.18	2.14	2.16	4599471	10273472.00
2013/07/29	2.14	2.15	2.11	2.12	5088232	11222128.00
2013/07/30	2.11	2.14	2.11	2.12	3286340	7255572.00
2013/07/31	2.13	2.15	2.13	2.15	4524793	10048608.00
2013/08/01	2.15	2.17	2.13	2.17	6827752	15269984.00
2013/08/02	2.16	2.18	2.16	2.17	6452263	14529286.00
2013/08/05	2.17	2.22	2.16	2.21	9426710	21451652.00
2013/08/06	2.21	2.24	2.19	2.23	10300396	23695560.00
2013/08/07	2.24	2.24	2.21	2.22	6337607	14605256.00
2013/08/08	2.21	2.24	2.20	2.23	6265650	14463543.00
2013/08/09	2.23	2.24	2.21	2.22	3879239	8933404.00
2013/08/12	2.22	2.30	2.20	2.28	15234420	35383416.00
2013/08/13	2.26	2.29	2.25	2.28	14104664	33194952.00
2013/08/14	2.28	2.33	2.28	2.32	18677318	44736560.00
2013/08/15	2.31	2.32	2.28	2.30	7273463	17286214.00
2013/08/16	2.29	2.33	2.26	2.27	11335092	26873148.00
2013/08/19	2.26	2.29	2.24	2.28	6792204	15926519.00
2013/08/20	2.25	2.30	2.25	2.28	4903675	11583011.00
2013/08/21	2.27	2.29	2.26	2.28	4213469	9912986.00
2013/08/22	2.28	2.30	2.27	2.29	5970948	14110487.00
2013/08/23	2.30	2.31	2.25	2.27	7107290	16806700.00
2013/08/26	2.27	2.35	2.26	2.34	13632487	32605148.00
2013/08/27	2.34	2.44	2.32	2.41	21890293	54376892.00
2013/08/28	2.40	2.48	2.36	2.45	23612739	59385768.00
2013/08/29	2.46	2.64	2.40	2.55	39991409	104506544.00
2013/08/30	2.55	2.81	2.52	2.81	92051704	261174864.00
2013/09/02	2.84	2.84	2.52	2.52	64053649	170314304.00
2013/09/03	2.46	2.51	2.42	2.48	23563145	59840492.00
2013/09/04	2.48	2.61	2.46	2.54	27774072	72966768.00
2013/09/05	2.52	2.52	2.44	2.46	17731860	45170904.00
2013/09/06	2.44	2.51	2.43	2.49	14362991	36858108.00
2013/09/09	2.50	2.66	2.46	2.59	32792829	87240248.00
2013/09/10	2.58	2.86	2.54	2.86	88321157	256723680.00
2013/09/11	3.02	3.03	2.82	2.84	97731741	292812544.00
2013/09/12	2.76	2.84	2.71	2.79	30093906	85838392.00
2013/09/13	2.77	2.79	2.69	2.71	23382025	65701752.00
2013/09/16	2.72	2.81	2.71	2.75	22222814	63174228.00
2013/09/17	2.73	2.76	2.65	2.66	17005001	47206076.00
2013/09/18	2.67	2.70	2.63	2.67	9888721	27072824.00
2013/09/23	2.67	2.71	2.66	2.70	9577662	26468988.00
2013/09/24	2.68	2.71	2.62	2.68	14525009	39841780.00
2013/09/25	2.68	2.69	2.62	2.63	14435647	39318976.00
2013/09/26	2.62	2.63	2.47	2.48	17197245	44874092.00
2013/09/27	2.50	2.51	2.45	2.48	7438225	19016000.00
2013/09/30	2.49	2.51	2.48	2.50	4891224	12599298.00
2013/10/08	2.50	2.67	2.48	2.67	17989963	48555564.00
2013/10/09	2.67	2.82	2.62	2.79	33821917	96317920.00
2013/10/10	2.81	2.90	2.68	2.70	26270088	74783968.00
2013/10/11	2.74	2.79	2.70	2.74	12306058	34632700.00
2013/10/14	2.74	2.78	2.73	2.75	13809681	39101904.00
2013/10/15	2.74	2.80	2.68	2.77	20873985	59003160.00
2013/10/16	2.75	2.76	2.67	2.69	12259861	34134628.00
2013/10/17	2.70	2.72	2.66	2.67	7521241	20851890.00
2013/10/18	2.68	2.69	2.65	2.66	6341121	17414644.00
2013/10/21	2.65	2.69	2.64	2.67	6811122	18689144.00
2013/10/22	2.67	2.71	2.67	2.69	8231595	22781128.00
2013/10/23	2.68	2.69	2.62	2.63	9006512	24608184.00
2013/10/24	2.62	2.63	2.58	2.62	7233820	19450252.00
2013/10/25	2.62	2.62	2.55	2.56	7300107	19369776.00
2013/10/28	2.58	2.59	2.53	2.56	4214108	11074637.00
2013/10/29	2.56	2.57	2.45	2.50	7511634	19452160.00
2013/10/30	2.50	2.60	2.49	2.60	7754687	20332968.00
2013/10/31	2.58	2.61	2.56	2.57	5253021	13957760.00
2013/11/01	2.56	2.56	2.52	2.54	4973163	13019982.00
2013/11/04	2.54	2.55	2.52	2.54	4040009	10569838.00
2013/11/05	2.54	2.57	2.51	2.57	4264341	11150465.00
2013/11/06	2.55	2.57	2.53	2.54	4650134	12227798.00
2013/11/07	2.53	2.53	2.49	2.50	4738280	12249763.00
2013/11/08	2.50	2.55	2.48	2.50	5998226	15569068.00
2013/11/11	2.50	2.50	2.46	2.49	4594766	11756299.00
2013/11/12	2.49	2.51	2.48	2.49	3208960	8262988.00
2013/11/13	2.49	2.52	2.47	2.48	4623639	11891849.00
2013/11/14	2.49	2.49	2.45	2.48	4084555	10401690.00
2013/11/15	2.47	2.56	2.46	2.52	8845963	23041314.00
2013/11/18	2.54	2.57	2.51	2.56	7620617	19962800.00
2013/11/19	2.56	2.62	2.55	2.60	10113823	27025976.00
2013/11/20	2.59	2.64	2.57	2.63	9905838	26571348.00
2013/11/21	2.61	2.75	2.59	2.67	20254849	55984012.00
2013/11/22	2.66	2.67	2.59	2.62	9806955	26557028.00
2013/11/25	2.63	2.80	2.60	2.74	32798455	92362632.00
2013/11/26	2.73	2.81	2.69	2.71	21493373	60680940.00
2013/11/27	2.71	2.73	2.65	2.68	12489756	34521728.00
2013/11/28	2.68	2.76	2.67	2.72	17255429	48184700.00
2013/11/29	2.70	2.72	2.68	2.71	10545274	29340536.00
2013/12/02	2.68	2.70	2.58	2.59	15774005	42754396.00
2013/12/03	2.59	2.65	2.58	2.63	7396987	19994440.00
2013/12/04	2.62	2.82	2.61	2.74	27773835	78428264.00
2013/12/05	2.74	2.76	2.67	2.72	16870867	47158064.00
2013/12/06	2.71	2.77	2.70	2.77	20961814	59153352.00
2013/12/09	2.77	2.79	2.74	2.77	16297804	46281240.00
2013/12/10	2.77	2.78	2.71	2.72	12127420	34181248.00
2013/12/11	2.72	2.72	2.65	2.66	9328738	25756056.00
2013/12/12	2.66	2.69	2.65	2.67	5755454	15833207.00
2013/12/13	2.67	2.72	2.65	2.69	8663642	24028448.00
2013/12/16	2.73	2.81	2.68	2.69	15229522	42954332.00
2013/12/17	2.68	2.69	2.62	2.63	9938260	26996094.00
2013/12/18	2.63	2.64	2.59	2.62	3648560	9847699.00
2013/12/19	2.63	2.65	2.56	2.57	6942465	18573442.00
2013/12/20	2.57	2.59	2.52	2.54	6194244	16242074.00
2013/12/23	2.54	2.56	2.50	2.52	4294514	11176930.00
2013/12/24	2.53	2.58	2.52	2.53	5299489	13947907.00
2013/12/25	2.53	2.55	2.51	2.52	6355899	16567150.00
2013/12/26	2.53	2.54	2.41	2.43	14112077	35959984.00
2013/12/27	2.45	2.47	2.42	2.46	10956453	27633976.00
2013/12/30	2.47	2.50	2.45	2.46	7532965	19208860.00
2013/12/31	2.46	2.47	2.43	2.46	9293976	23490618.00
2014/01/02	2.46	2.48	2.44	2.47	4920831	12485834.00
2014/01/03	2.47	2.47	2.43	2.44	4851414	12217138.00
2014/01/06	2.43	2.43	2.35	2.35	8070299	19782456.00
2014/01/07	2.36	2.40	2.32	2.37	4693529	11462622.00
2014/01/08	2.37	2.39	2.33	2.35	4615390	11227416.00
2014/01/09	2.34	2.35	2.31	2.32	4696306	11337456.00
2014/01/10	2.32	2.32	2.26	2.26	5384700	12705885.00
2014/01/13	2.27	2.28	2.24	2.26	3807082	8906621.00
2014/01/14	2.26	2.30	2.24	2.30	4523715	10632203.00
2014/01/15	2.29	2.31	2.27	2.29	3678800	8709437.00
2014/01/16	2.29	2.32	2.26	2.29	4783141	11330565.00
2014/01/17	2.29	2.30	2.25	2.29	3852711	9085444.00
2014/01/20	2.29	2.32	2.27	2.32	3717132	8852191.00
2014/01/21	2.31	2.35	2.31	2.34	3743440	9050655.00
2014/01/22	2.34	2.39	2.34	2.39	5409795	13265981.00
2014/01/23	2.39	2.40	2.36	2.37	3886937	9535427.00
2014/01/24	2.37	2.41	2.36	2.39	5868804	14485497.00
2014/01/27	2.38	2.41	2.36	2.38	5676087	14022823.00
2014/01/28	2.38	2.42	2.38	2.41	3911652	9713272.00
2014/01/29	2.41	2.44	2.41	2.42	3411707	8552370.00
2014/01/30	2.42	2.43	2.40	2.41	2527854	6308795.00
2014/02/07	2.40	2.42	2.37	2.42	3642325	9020467.00
2014/02/10	2.42	2.47	2.40	2.46	4674817	11827805.00
2014/02/11	2.46	2.47	2.44	2.47	5879925	14915476.00
2014/02/12	2.47	2.49	2.43	2.47	8134481	20665086.00
2014/02/13	2.45	2.46	2.41	2.43	6896866	17349788.00
2014/02/14	2.43	2.45	2.42	2.44	6671706	16767567.00
2014/02/17	2.44	2.44	2.42	2.44	8368911	20987456.00
2014/02/18	2.44	2.44	2.39	2.41	7700216	19181428.00
2014/02/19	2.41	2.42	2.38	2.42	11709155	29014164.00
2014/02/20	2.41	2.46	2.41	2.43	14122214	35516984.00
2014/02/21	2.43	2.43	2.35	2.37	11456559	28204888.00
2014/02/24	2.37	2.37	2.30	2.32	8186679	19615522.00
2014/02/25	2.30	2.35	2.27	2.28	8913030	21239244.00
2014/02/26	2.26	2.29	2.17	2.26	16621326	38590636.00
2014/02/27	2.24	2.26	2.22	2.23	9084828	21115528.00
2014/02/28	2.23	2.27	2.23	2.27	5503616	12838745.00
2014/03/03	2.28	2.30	2.26	2.30	5544834	13108591.00
2014/03/04	2.29	2.30	2.27	2.29	5027138	11866323.00
2014/03/05	2.30	2.30	2.27	2.29	4198936	9910216.00
2014/03/06	2.30	2.35	2.30	2.34	11126918	26807212.00
2014/03/07	2.32	2.33	2.29	2.31	5102437	12182532.00
2014/03/10	2.30	2.30	2.23	2.23	5083934	11872846.00
2014/03/11	2.21	2.25	2.20	2.22	4249588	9814694.00
2014/03/12	2.22	2.25	2.22	2.25	3582462	8283517.00
2014/03/13	2.25	2.27	2.23	2.27	3736221	8719412.00
2014/03/14	2.25	2.27	2.23	2.25	2916142	6797332.00
2014/03/17	2.24	2.27	2.24	2.27	3317428	7757123.00
2014/03/18	2.27	2.28	2.24	2.26	6404144	14999312.00
2014/03/19	2.26	2.30	2.24	2.29	6326807	14887218.00
2014/03/20	2.28	2.37	2.28	2.30	13367219	32278040.00
2014/03/21	2.29	2.35	2.28	2.34	9841830	23634556.00
2014/03/24	2.33	2.44	2.33	2.41	18004994	44660540.00
2014/03/25	2.42	2.47	2.38	2.41	17545209	44024232.00
2014/03/26	2.40	2.42	2.37	2.38	7445725	18365018.00
2014/03/27	2.38	2.41	2.32	2.38	10961053	26843266.00
2014/03/28	2.37	2.45	2.36	2.41	13157222	32737308.00
2014/03/31	2.41	2.44	2.36	2.38	8145933	20137382.00
2014/04/01	2.38	2.43	2.35	2.41	9988940	24766658.00
2014/04/02	2.40	2.42	2.38	2.41	6301837	15621460.00
2014/04/03	2.42	2.44	2.38	2.39	7485990	18592612.00
2014/04/04	2.38	2.40	2.36	2.39	4573092	11259285.00
2014/04/08	2.37	2.41	2.37	2.41	8211595	20305132.00
2014/04/09	2.40	2.41	2.38	2.40	4831475	11965862.00
2014/04/10	2.40	2.43	2.39	2.43	12904819	32193654.00
2014/04/11	2.42	2.47	2.40	2.46	21604640	54581732.00
2014/04/14	2.45	2.52	2.44	2.52	26356823	67993920.00
2014/04/15	2.52	2.52	2.45	2.48	16228114	41597644.00
2014/04/16	2.48	2.50	2.44	2.46	7723701	19678112.00
2014/04/17	2.47	2.52	2.42	2.49	13658719	34802692.00
2014/04/18	2.47	2.51	2.44	2.50	12555045	32224930.00
2014/04/21	2.48	2.48	2.40	2.41	10966826	27737856.00
2014/04/22	2.41	2.59	2.40	2.49	19800714	51146044.00
2014/04/23	2.46	2.53	2.44	2.49	12720923	32633976.00
2014/04/24	2.49	2.49	2.42	2.42	9465481	23907184.00
2014/04/25	2.43	2.54	2.43	2.48	23333869	60146176.00
2014/04/28	2.47	2.53	2.42	2.44	16054008	40790872.00
2014/04/29	2.42	2.46	2.25	2.34	23037242	55547380.00
2014/04/30	2.32	2.47	2.30	2.42	17467760	43353040.00
2014/05/05	2.41	2.54	2.39	2.50	29674880	76252968.00
2014/05/06	2.50	2.57	2.46	2.51	22174142	57475736.00
2014/05/07	2.49	2.51	2.44	2.44	11493197	29305772.00
2014/05/08	2.44	2.50	2.43	2.48	10555335	26960534.00
2014/05/09	2.47	2.47	2.40	2.42	10460245	26198990.00
2014/05/12	2.42	2.50	2.42	2.50	13969302	35577736.00
2014/05/13	2.49	2.52	2.46	2.51	12784508	32772770.00
2014/05/14	2.51	2.57	2.48	2.54	28630924	74894648.00
2014/05/15	2.53	2.56	2.46	2.48	17378165	45047168.00
2014/05/16	2.47	2.72	2.42	2.63	41458192	110234192.00
2014/05/19	2.62	2.63	2.54	2.58	18775762	49182312.00
2014/05/20	2.57	2.58	2.51	2.54	12762902	32910768.00
2014/05/21	2.53	2.56	2.50	2.56	8215166	21123668.00
2014/05/22	2.55	2.60	2.51	2.55	16285076	42111756.00
2014/05/23	2.54	2.54	2.50	2.52	10196261	26053848.00
2014/05/26	2.52	2.53	2.50	2.51	7922977	20197552.00
2014/05/27	2.51	2.51	2.47	2.48	8173977	20647654.00
2014/05/28	2.48	2.49	2.44	2.48	9841105	24622590.00
2014/05/29	2.47	2.48	2.44	2.45	7003208	17504392.00
2014/05/30	2.45	2.46	2.43	2.45	6760764	16828460.00
2014/06/03	2.45	2.47	2.44	2.46	3448677	8611022.00
2014/06/04	2.46	2.46	2.41	2.42	4881262	12036709.00
2014/06/05	2.41	2.46	2.41	2.45	5930830	14661569.00
2014/06/06	2.44	2.45	2.39	2.42	6733844	16564283.00
2014/06/09	2.40	2.43	2.39	2.42	3200343	7858567.00
2014/06/10	2.42	2.50	2.42	2.48	13846633	34742432.00
2014/06/11	2.47	2.48	2.45	2.46	6168498	15427288.00
2014/06/12	2.46	2.55	2.46	2.49	14483374	36892124.00
2014/06/13	2.48	2.58	2.45	2.51	17417713	44419396.00
2014/06/16	2.51	2.52	2.49	2.51	7991251	20310444.00
2014/06/17	2.50	2.50	2.47	2.47	5126266	12930407.00
2014/06/18	2.48	2.52	2.46	2.48	7067555	17869390.00
2014/06/19	2.48	2.49	2.38	2.40	9060827	22409566.00
2014/06/20	2.41	2.43	2.39	2.42	3997696	9784549.00
2014/06/23	2.42	2.45	2.40	2.43	5598622	13788093.00
2014/06/24	2.43	2.55	2.42	2.51	20742917	52815708.00
2014/06/25	2.49	2.51	2.47	2.48	11324037	28617568.00
2014/06/26	2.49	2.51	2.49	2.50	7288353	18484590.00
2014/06/27	2.49	2.56	2.48	2.55	21305712	54929264.00
2014/06/30	2.57	2.59	2.53	2.55	16335954	42450348.00
2014/07/01	2.54	2.73	2.52	2.61	37057068	98436800.00
2014/07/02	2.62	2.88	2.57	2.88	96575967	270165280.00
2014/07/03	2.96	3.17	2.89	3.17	230259571	725396352.00
2014/07/04	3.06	3.06	2.85	2.87	151538597	444680608.00
2014/07/07	2.81	2.82	2.71	2.78	67903856	190737072.00
2014/07/08	2.77	2.78	2.71	2.77	39100472	108967832.00
2014/07/09	2.76	2.82	2.72	2.74	42224895	118363584.00
2014/07/10	2.71	2.75	2.68	2.70	30942048	85142368.00
2014/07/11	2.71	2.77	2.71	2.76	28293032	78809360.00
2014/07/14	2.76	2.77	2.73	2.77	22515170	62868748.00
2014/07/15	2.76	2.76	2.72	2.74	21510665	59703828.00
2014/07/16	2.73	2.80	2.71	2.79	32786099	91801816.00
2014/07/17	2.77	2.77	2.72	2.75	15611246	43441828.00
2014/07/18	2.73	2.75	2.71	2.73	13895429	38521212.00
2014/07/21	2.73	2.73	2.65	2.66	22977739	62451968.00
2014/07/22	2.65	2.69	2.64	2.68	17012844	46094252.00
2014/07/23	2.67	2.77	2.65	2.72	35957247	99155792.00
2014/07/24	2.69	2.72	2.67	2.70	21774941	59561696.00
2014/07/25	2.71	2.73	2.69	2.72	15407726	42379840.00
2014/07/28	2.73	2.78	2.72	2.77	31799451	88930648.00
2014/07/29	2.77	2.80	2.75	2.78	28986234	81674896.00
2014/07/30	2.77	2.80	2.75	2.77	22232181	62502748.00
2014/07/31	2.77	2.79	2.76	2.79	20342174	57347760.00
2014/08/01	2.78	2.80	2.74	2.75	22516479	63378032.00
2014/08/04	2.75	2.78	2.74	2.78	16105040	45238236.00
2014/08/05	2.79	2.92	2.77	2.88	72364505	209534192.00
2014/08/06	2.86	2.86	2.81	2.84	36642666	105419384.00
2014/08/07	2.84	2.86	2.79	2.80	25610385	73187352.00
2014/08/08	2.80	2.82	2.78	2.81	15070890	42761188.00
2014/08/11	2.80	2.85	2.80	2.84	17801192	51144784.00
2014/08/12	2.84	2.86	2.81	2.86	16883192	48497080.00
2014/08/13	2.86	2.86	2.80	2.84	15599690	44742516.00
2014/08/14	2.83	2.86	2.80	2.81	22052422	63382648.00
2014/08/15	2.81	2.85	2.80	2.84	16994122	48817032.00
2014/08/18	2.90	2.92	2.87	2.90	38424275	112660736.00
2014/08/19	2.88	2.89	2.85	2.88	24017090	69905088.00
2014/08/20	2.89	3.01	2.87	2.93	49855608	149324064.00
2014/08/21	2.92	2.95	2.87	2.94	36433898	107480464.00
2014/08/22	2.93	3.15	2.91	3.09	85632179	265025808.00
2014/08/25	3.05	3.12	3.03	3.05	52040322	161565392.00
2014/08/26	3.04	3.11	2.96	3.00	45072909	138474896.00
2014/08/27	2.98	3.00	2.93	2.95	24272263	72771448.00
2014/08/28	2.94	2.96	2.88	2.89	19243866	56678192.00
2014/08/29	2.89	2.91	2.86	2.91	15081636	44087280.00
2014/09/01	2.91	3.01	2.89	2.97	21793570	65232368.00
2014/09/02	2.98	3.26	2.98	3.17	97335319	309286400.00
2014/09/03	3.21	3.27	3.08	3.11	74475043	238696128.00
2014/09/04	3.12	3.21	3.10	3.20	50270447	160940256.00
2014/09/05	3.21	3.44	3.14	3.33	104911937	352608480.00
2014/09/09	3.33	3.48	3.27	3.41	89911670	310293376.00
2014/09/10	3.37	3.46	3.27	3.42	69908100	237239968.00
2014/09/11	3.38	3.71	3.34	3.49	95821810	341806656.00
2014/09/12	3.46	3.59	3.41	3.51	57630344	203019872.00
2014/09/15	3.52	3.60	3.46	3.50	63013717	224004320.00
2014/09/16	3.50	3.50	3.31	3.33	64985403	223509632.00
2014/09/17	3.31	3.50	3.23	3.49	81783043	280666784.00
2014/09/18	3.48	3.66	3.41	3.50	78289757	279033792.00
2014/09/19	3.46	3.48	3.39	3.44	41389127	143475600.00
2014/09/22	3.40	3.51	3.38	3.45	43234105	150661504.00
2014/09/23	3.43	3.48	3.40	3.45	28334191	98593056.00
2014/09/24	3.44	3.47	3.40	3.46	33760402	117308256.00
2014/09/25	3.46	3.70	3.43	3.55	95299894	343769728.00
2014/09/26	3.52	3.60	3.49	3.52	44266725	158241392.00
2014/09/29	3.53	3.60	3.52	3.54	35711768	128299832.00
2014/09/30	3.55	3.60	3.51	3.55	33464484	119873800.00
2014/10/08	3.58	3.64	3.54	3.60	48279862	174991424.00
2014/10/09	3.60	3.62	3.53	3.58	40263961	145444960.00
2014/10/10	3.56	3.58	3.52	3.53	33259025	119069336.00
2014/10/13	3.52	3.54	3.43	3.49	34067658	119964336.00
2014/10/14	3.47	3.53	3.46	3.49	24396033	86026224.00
2014/10/15	3.49	3.49	3.42	3.47	22130002	77369376.00
2014/10/16	3.44	3.48	3.39	3.39	26406685	91840760.00
2014/10/17	3.38	3.39	3.24	3.31	33539677	112481112.00
2014/10/20	3.31	3.43	3.31	3.42	33833610	116032112.00
2014/10/21	3.41	3.45	3.36	3.36	17391206	59811364.00
2014/10/22	3.36	3.40	3.31	3.32	16409601	55703512.00
2014/10/23	3.32	3.37	3.23	3.36	25893573	86630584.00
2014/10/24	3.34	3.39	3.31	3.35	15841863	53672676.00
2014/10/27	3.35	3.40	3.32	3.36	14481851	49254124.00
2014/10/28	3.39	3.44	3.39	3.43	25339130	87465904.00
2014/10/29	3.43	3.59	3.41	3.55	81046414	288409472.00
2014/10/30	3.53	3.91	3.51	3.91	250858191	978393280.00
2014/10/31	3.94	4.01	3.80	3.91	209350182	827169728.00
2014/11/03	3.94	4.30	3.91	4.28	181129801	757930048.00
2014/11/04	4.25	4.56	4.13	4.15	221585788	964363392.00
2014/11/05	4.19	4.32	3.98	4.14	151615602	637897408.00
2014/11/06	4.04	4.17	4.00	4.09	94435244	388181248.00
2014/11/07	4.13	4.15	4.02	4.08	83990429	345832608.00
2014/11/10	4.11	4.44	4.07	4.41	180931805	780709760.00
2014/11/11	4.38	4.38	4.06	4.08	166262308	700447232.00
2014/11/12	4.03	4.09	3.94	4.08	84053633	341139712.00
2014/11/13	4.06	4.06	3.95	3.99	61656251	247994608.00
2014/11/14	3.96	3.96	3.86	3.90	45576264	179361328.00
2014/11/17	3.90	4.05	3.88	3.99	51429434	206857728.00
2014/11/18	4.01	4.13	4.00	4.06	63437670	259869760.00
2014/11/19	4.07	4.20	3.99	4.09	85193958	354442080.00
2014/11/20	4.03	4.08	3.99	4.03	46165436	187461456.00
2014/11/21	4.01	4.07	4.00	4.05	40476785	165147232.00
2014/11/24	4.11	4.13	4.03	4.09	64899868	267768128.00
2014/11/25	4.09	4.26	4.08	4.21	96395314	405593632.00
2014/11/26	4.21	4.23	4.09	4.15	66684094	279195424.00
2014/11/27	4.17	4.17	4.07	4.12	58946691	244541760.00
2014/11/28	4.11	4.20	4.08	4.15	73837489	309025376.00
2014/12/01	4.16	4.18	4.07	4.09	60416033	251351920.00
2014/12/02	4.09	4.16	4.07	4.13	64304094	266811104.00
2014/12/03	4.12	4.20	4.08	4.15	96764478	403394592.00
2014/12/04	4.14	4.26	4.11	4.25	124480609	528452384.00
2014/12/05	4.23	4.24	3.97	4.10	107584350	447598784.00
2014/12/08	4.14	4.41	4.14	4.40	169046301	736391104.00
2014/12/09	4.40	4.84	4.28	4.39	239513892	1116529024.00
2014/12/10	4.41	4.83	4.36	4.83	181697227	847382976.00
2014/12/11	4.86	5.19	4.81	4.93	213589718	1073207168.00
2014/12/12	4.93	4.95	4.66	4.75	124670537	596935680.00
2014/12/15	4.76	4.79	4.50	4.66	86876514	404167328.00
2014/12/16	4.64	4.75	4.54	4.72	75439333	354304416.00
2014/12/17	4.70	4.83	4.60	4.74	86756343	412848000.00
2014/12/18	4.71	4.78	4.62	4.70	64281068	304131712.00
2014/12/19	4.69	5.02	4.69	4.91	150649471	741140224.00
2014/12/22	4.98	5.01	4.56	4.58	116819625	557712256.00
2014/12/23	4.57	4.70	4.47	4.62	64854573	300195040.00
2014/12/24	4.62	4.70	4.56	4.63	48280689	224923520.00
2014/12/25	4.63	4.80	4.63	4.78	67092289	321045760.00
2014/12/26	4.81	4.96	4.70	4.87	88304472	430536544.00
2014/12/29	4.86	4.90	4.71	4.77	67933491	328920576.00
2014/12/30	4.76	4.76	4.56	4.58	50942403	237631376.00
2014/12/31	4.57	4.64	4.53	4.61	33565171	155777152.00
2015/01/05	4.62	4.75	4.62	4.74	57897271	274564352.00
2015/01/06	4.71	4.90	4.67	4.77	73551154	356125120.00
2015/01/07	4.77	4.78	4.68	4.73	41610034	197648368.00
2015/01/08	4.72	4.90	4.59	4.71	99647225	479287968.00
2015/01/09	4.66	4.84	4.62	4.72	83750237	402705824.00
2015/01/12	4.64	4.74	4.51	4.59	51829732	240714560.00
2015/01/13	4.59	4.68	4.55	4.58	32973567	153066704.00
2015/01/14	4.62	4.67	4.47	4.51	36749511	169268384.00
2015/01/15	4.51	4.61	4.42	4.60	39221797	179067984.00
2015/01/16	4.56	4.63	4.55	4.60	33307193	154194960.00
2015/01/19	4.36	4.46	4.14	4.15	79378956	343581312.00
2015/01/20	4.19	4.31	4.13	4.31	50321025	216170832.00
2015/01/21	4.31	4.43	4.27	4.43	46734169	205663664.00
2015/01/22	4.43	4.54	4.38	4.48	46880086	211186880.00
2015/01/23	4.48	4.57	4.43	4.48	44560703	202434976.00
2015/01/26	4.47	4.54	4.43	4.51	33837322	152879248.00
2015/01/27	4.50	4.97	4.36	4.97	129783951	625322112.00
2015/01/28	5.16	5.46	5.09	5.21	371643648	1971663872.00
2015/01/29	4.99	5.12	4.97	5.00	144155707	733202752.00
2015/01/30	5.04	5.09	4.81	4.83	101169270	503237984.00
2015/02/02	4.72	4.95	4.71	4.81	73966220	361656224.00
2015/02/03	4.81	4.88	4.74	4.86	60468740	292667808.00
2015/02/04	4.85	4.96	4.77	4.79	67163716	329561568.00
2015/02/05	4.85	4.89	4.71	4.73	62426225	300065504.00
2015/02/06	4.75	4.76	4.45	4.50	60686612	279935360.00
2015/02/09	4.46	4.51	4.38	4.46	33885786	152255472.00
2015/02/10	4.50	4.54	4.46	4.53	30256524	137606304.00
2015/02/11	4.54	4.57	4.49	4.55	27302015	124791128.00
2015/02/12	4.54	4.67	4.52	4.64	42416543	196424080.00
2015/02/13	4.64	4.74	4.63	4.67	43119510	203793664.00
2015/02/16	4.69	4.72	4.65	4.71	32760492	154608224.00
2015/02/17	4.72	4.80	4.69	4.78	42708751	204411104.00
2015/02/25	4.81	5.02	4.78	4.89	81198397	401260800.00
2015/02/26	4.93	5.02	4.84	4.99	92045637	458532768.00
2015/02/27	5.02	5.34	4.94	5.14	137108997	707696576.00
2015/03/02	5.14	5.14	5.02	5.10	81407417	416736800.00
2015/03/03	5.07	5.44	4.98	5.16	186433955	980721536.00
2015/03/04	5.11	5.22	5.08	5.13	73457663	380084736.00
2015/03/05	5.13	5.14	4.98	5.03	69229584	351478560.00
2015/03/06	5.02	5.11	4.99	5.00	43970438	223274528.00
2015/03/09	5.06	5.10	4.99	5.09	54423596	276878592.00
2015/03/10	5.09	5.17	5.05	5.12	58898575	303766144.00
2015/03/11	5.10	5.12	5.00	5.02	53476605	272061120.00
2015/03/12	5.02	5.05	4.98	5.03	46070637	232648256.00
2015/03/13	5.03	5.11	5.02	5.09	54457645	277903040.00
2015/03/16	5.11	5.18	5.08	5.18	81415692	421781504.00
2015/03/17	5.18	5.41	5.14	5.35	175137555	931846016.00
2015/03/18	5.33	5.73	5.29	5.56	205093658	1134415616.00
2015/03/19	5.51	5.68	5.43	5.53	153445536	855040000.00
2015/03/20	5.53	5.61	5.47	5.57	110473555	616900672.00
2015/03/23	5.60	5.74	5.60	5.73	147012022	840606912.00
2015/03/24	5.67	6.11	5.42	5.91	245287717	1407645312.00
2015/03/25	5.86	6.06	5.78	5.94	192926472	1160132608.00
2015/03/26	5.93	5.93	5.71	5.74	114578427	669404288.00
2015/03/27	5.73	5.80	5.66	5.74	65203298	375693536.00
2015/03/30	5.79	6.00	5.78	5.89	132316691	787144768.00
2015/03/31	6.04	6.20	5.89	5.93	153219877	926862016.00
2015/04/01	5.89	5.96	5.86	5.93	91635920	544924224.00
2015/04/02	5.96	5.97	5.86	5.93	75107782	446823424.00
2015/04/03	5.89	6.03	5.84	5.98	109290164	654260096.00
2015/04/07	5.97	6.04	5.96	6.04	135397050	817805824.00
2015/04/08	6.04	6.04	5.76	5.87	131617085	782501056.00
2015/04/09	5.85	5.95	5.61	5.94	124607442	723154944.00
2015/04/10	5.93	6.06	5.91	5.99	163545810	985478144.00
2015/04/13	5.99	6.18	5.96	6.12	172533051	1053895872.00
2015/04/14	6.12	6.50	6.05	6.46	224848730	1433287168.00
2015/04/15	6.39	6.41	6.08	6.17	144115842	910007744.00
2015/04/16	6.07	6.26	5.97	6.19	106033687	652871040.00
2015/04/17	6.17	6.74	6.13	6.55	267181525	1736701440.00
2015/04/20	6.48	6.91	6.33	6.59	262663316	1757503616.00
2015/04/21	6.58	6.70	6.39	6.62	141709029	930909952.00
2015/04/22	6.62	6.83	6.58	6.77	158351751	1073691392.00
2015/04/23	6.79	7.06	6.71	6.99	183079350	1275556608.00
2015/04/24	6.86	6.99	6.67	6.84	145029201	997825408.00
2015/04/27	6.86	7.04	6.76	6.94	143676847	1000382272.00
2015/04/28	6.94	6.99	6.51	6.57	142704253	962299008.00
2015/04/29	6.55	6.89	6.42	6.74	101687924	681627776.00
2015/04/30	6.66	6.80	6.56	6.58	79766117	534907680.00
2015/05/04	6.59	6.74	6.57	6.68	73862987	494856224.00
2015/05/05	6.68	6.68	6.23	6.29	82592273	539163584.00
2015/05/06	6.31	6.41	5.81	5.93	83953430	521012256.00
2015/05/07	5.91	5.91	5.46	5.54	86788833	495988992.00
2015/05/08	5.57	5.77	5.56	5.76	70989111	406036032.00
2015/05/11	5.84	6.05	5.76	6.05	73098162	435517568.00
2015/05/12	6.10	6.22	5.98	6.17	89503645	549875456.00
2015/05/13	6.16	6.35	6.07	6.18	84875291	528912064.00
2015/05/14	6.11	6.18	6.02	6.07	56323436	344110880.00
2015/05/15	6.06	6.06	5.78	5.83	62116551	367994144.00
2015/05/18	5.81	5.99	5.71	5.85	49134063	290891808.00
2015/05/19	5.85	6.08	5.83	6.08	74560507	451051744.00
2015/05/20	6.08	6.21	6.03	6.15	101480252	626594688.00
2015/05/21	6.14	6.41	6.08	6.40	126426425	800996352.00
2015/05/22	6.45	6.51	6.27	6.46	140004528	901040960.00
2015/05/25	6.46	7.11	6.41	7.11	305560005	2128667648.00
2015/05/26	7.20	7.36	6.86	7.20	317696715	2277852416.00
2015/05/27	7.20	7.85	7.20	7.57	253277187	1933356416.00
2015/05/28	7.57	7.63	6.81	6.84	221666475	1621572480.00
2015/05/29	6.77	7.13	6.25	7.06	179052971	1226491008.00
2015/06/01	7.25	7.77	7.02	7.77	198960249	1477011328.00
2015/06/02	8.26	8.46	7.92	8.10	302198513	2474944512.00
2015/06/03	8.09	8.09	7.60	7.80	155821656	1214608640.00
2015/06/04	7.75	7.78	7.12	7.67	131794884	989743424.00
2015/06/05	7.69	8.06	7.69	7.86	160791075	1262318720.00
2015/06/08	7.87	8.65	7.69	8.54	297887149	2430649856.00
2015/06/09	8.39	8.77	8.18	8.57	242119023	2060729088.00
2015/06/10	8.40	8.94	8.30	8.67	181478491	1573775232.00
2015/06/11	8.69	9.09	8.57	9.08	194200990	1712358528.00
2015/06/12	9.19	9.99	8.98	9.99	228138209	2192473600.00
2015/06/15	10.40	10.62	9.98	10.07	332822360	3410105088.00
2015/06/16	10.00	10.35	9.40	9.88	197113747	1955315712.00
2015/06/17	9.73	10.87	9.66	10.78	258622465	2666164480.00
2015/06/18	10.57	11.75	10.41	11.05	248154227	2760162304.00
:
