2004/08/24	1.87	1.87	1.75	1.80	17728908	112661928.00
2004/08/25	1.76	1.79	1.76	1.77	6144388	37958560.00
2004/08/26	1.77	1.79	1.76	1.76	3578027	22067432.00
2004/08/27	1.74	1.76	1.72	1.74	3013481	18053526.00
2004/08/30	1.72	1.76	1.71	1.74	1749340	10464245.00
2004/08/31	1.78	1.81	1.76	1.77	5295748	33045056.00
2004/09/01	1.76	1.76	1.73	1.76	2437014	14672630.00
2004/09/02	1.75	1.78	1.75	1.78	2477099	15186648.00
2004/09/03	1.77	1.78	1.76	1.76	1415536	8711597.00
2004/09/06	1.76	1.76	1.74	1.75	717371	4347540.00
2004/09/07	1.75	1.77	1.74	1.76	791097	4817940.00
2004/09/08	1.76	1.76	1.74	1.75	949817	5731959.00
2004/09/09	1.74	1.74	1.72	1.73	1048298	6237706.00
2004/09/10	1.72	1.74	1.72	1.73	726391	4323088.00
2004/09/13	1.73	1.73	1.69	1.69	1101171	6424316.00
2004/09/14	1.69	1.75	1.69	1.73	1365968	8113144.00
2004/09/15	1.73	1.82	1.72	1.79	5618674	35075116.00
2004/09/16	1.79	1.85	1.78	1.83	6192416	39622360.00
2004/09/17	1.83	1.87	1.81	1.87	6034457	39581664.00
2004/09/20	1.88	1.93	1.87	1.93	9104782	62038032.00
2004/09/21	1.94	1.99	1.91	1.94	9565129	68069416.00
2004/09/22	1.93	1.94	1.88	1.90	6063834	41944908.00
2004/09/23	1.90	1.95	1.89	1.95	3103347	21431280.00
2004/09/24	1.95	1.96	1.87	1.87	5214338	36438236.00
2004/09/27	1.90	1.91	1.86	1.86	2345673	15778293.00
2004/09/28	1.86	1.88	1.83	1.86	1341432	8901324.00
2004/09/29	1.86	1.87	1.84	1.86	936849	6194290.00
2004/09/30	1.87	1.89	1.84	1.84	1749092	11630427.00
2004/10/08	1.85	1.90	1.83	1.89	1410888	9428046.00
2004/10/11	1.89	1.91	1.87	1.89	2452311	16717073.00
2004/10/12	1.88	1.88	1.85	1.85	1174408	7809815.00
2004/10/13	1.86	1.86	1.84	1.86	832521	5483644.00
2004/10/14	1.86	1.86	1.75	1.76	2014133	12646150.00
2004/10/15	1.76	1.77	1.74	1.76	935952	5655810.00
2004/10/19	1.77	1.79	1.76	1.76	917780	5669149.00
2004/10/20	1.76	1.76	1.72	1.75	926086	5572896.00
2004/10/21	1.76	1.80	1.76	1.77	2536292	15760219.00
2004/10/22	1.78	1.78	1.72	1.77	1208856	7368903.00
2004/10/25	1.78	1.79	1.76	1.76	823700	5090091.00
2004/10/26	1.77	1.78	1.75	1.78	961696	5894093.00
2004/10/27	1.79	1.81	1.77	1.81	1294374	8135572.00
2004/10/28	1.81	1.82	1.78	1.79	1172324	7420916.00
2004/10/29	1.74	1.78	1.72	1.76	946251	5778681.00
2004/11/01	1.74	1.78	1.73	1.76	459529	2799099.00
2004/11/02	1.79	1.79	1.75	1.76	1079400	6601201.00
2004/11/03	1.76	1.78	1.76	1.78	656812	4046865.00
2004/11/04	1.78	1.79	1.76	1.76	701395	4324248.00
2004/11/05	1.76	1.78	1.75	1.76	424114	2595969.00
2004/11/08	1.76	1.78	1.75	1.77	425440	2607262.00
2004/11/09	1.77	1.78	1.76	1.77	316880	1944455.00
2004/11/10	1.77	1.82	1.76	1.80	1910410	12000028.00
2004/11/11	1.80	1.82	1.79	1.79	1704818	10795779.00
2004/11/12	1.78	1.80	1.78	1.79	829973	5182240.00
2004/11/15	1.79	1.80	1.79	1.80	748961	4700665.00
2004/11/16	1.80	1.81	1.80	1.81	1282528	8138021.00
2004/11/17	1.81	1.81	1.79	1.79	714595	4508298.00
2004/11/18	1.79	1.82	1.79	1.81	941289	5991006.00
2004/11/19	1.82	1.82	1.81	1.81	596900	3806892.00
2004/11/22	1.81	1.83	1.81	1.81	930111	5975782.00
2004/11/23	1.81	1.81	1.79	1.80	893893	5649880.00
2004/11/24	1.80	1.81	1.79	1.80	579428	3658441.00
2004/11/25	1.79	1.80	1.79	1.80	452359	2845224.00
2004/11/26	1.80	1.81	1.79	1.80	525266	3307805.00
2004/11/29	1.80	1.82	1.79	1.81	1042968	6636129.00
2004/11/30	1.81	1.85	1.80	1.84	3131661	20342386.00
2004/12/01	1.84	1.86	1.83	1.85	2399271	15729968.00
2004/12/02	1.86	1.86	1.83	1.85	1011003	6589987.00
2004/12/03	1.85	1.85	1.83	1.83	1194354	7761648.00
2004/12/06	1.83	1.83	1.81	1.82	578045	3725046.00
2004/12/07	1.83	1.83	1.81	1.82	614926	3942551.00
2004/12/08	1.83	1.83	1.81	1.82	338839	2171784.00
2004/12/09	1.83	1.84	1.81	1.83	473897	3066622.00
2004/12/10	1.82	1.83	1.79	1.79	872311	5504373.00
2004/12/13	1.78	1.78	1.76	1.77	703123	4311168.00
2004/12/14	1.77	1.78	1.76	1.77	310266	1909699.00
2004/12/15	1.77	1.78	1.76	1.77	286717	1762299.00
2004/12/16	1.77	1.77	1.76	1.76	428199	2617232.00
2004/12/17	1.75	1.76	1.74	1.74	256799	1549888.00
2004/12/20	1.74	1.75	1.72	1.74	227416	1365706.00
2004/12/21	1.75	1.76	1.75	1.75	271426	1645478.00
2004/12/22	1.76	1.78	1.75	1.78	294634	1809149.00
2004/12/23	1.78	1.78	1.74	1.75	187200	1141097.00
2004/12/24	1.74	1.76	1.74	1.76	181367	1094128.00
2004/12/27	1.75	1.75	1.73	1.73	241840	1450370.00
2004/12/28	1.74	1.75	1.72	1.73	140549	835546.00
2004/12/29	1.73	1.74	1.72	1.72	162299	963552.00
2004/12/30	1.72	1.73	1.70	1.72	230450	1360648.00
2004/12/31	1.73	1.73	1.71	1.72	122100	721108.00
2005/01/04	1.70	1.72	1.69	1.70	135900	790184.00
2005/01/05	1.70	1.73	1.69	1.72	144973	847549.00
2005/01/06	1.71	1.71	1.69	1.70	127503	738457.00
2005/01/07	1.71	1.71	1.70	1.71	218406	1272132.00
2005/01/10	1.70	1.73	1.69	1.73	216523	1277068.00
2005/01/11	1.72	1.73	1.71	1.73	164500	973851.00
2005/01/12	1.72	1.73	1.70	1.72	337274	1962494.00
2005/01/13	1.71	1.72	1.71	1.71	155250	907985.00
2005/01/14	1.71	1.72	1.69	1.69	189600	1103919.00
2005/01/17	1.69	1.69	1.64	1.64	656100	3650461.00
2005/01/18	1.65	1.67	1.64	1.66	258111	1426769.00
2005/01/19	1.66	1.66	1.64	1.64	248892	1368065.00
2005/01/20	1.63	1.63	1.57	1.58	904079	4722311.00
2005/01/21	1.59	1.61	1.56	1.60	544229	2826249.00
2005/01/24	1.62	1.64	1.60	1.62	874119	4663062.00
2005/01/25	1.63	1.63	1.58	1.60	413199	2167708.00
2005/01/26	1.59	1.60	1.57	1.58	769871	3972419.00
2005/01/27	1.58	1.60	1.58	1.59	850413	4427246.00
2005/01/28	1.58	1.60	1.57	1.58	401800	2071952.00
2005/01/31	1.57	1.57	1.52	1.52	657800	3267763.00
2005/02/01	1.53	1.56	1.52	1.53	326978	1612793.00
2005/02/02	1.54	1.59	1.53	1.59	662762	3370197.00
2005/02/03	1.59	1.60	1.57	1.57	644400	3315540.00
2005/02/04	1.57	1.59	1.55	1.59	591756	3034950.00
2005/02/16	1.59	1.61	1.58	1.59	705339	3673194.00
2005/02/17	1.59	1.59	1.57	1.58	1083855	5539634.00
2005/02/18	1.58	1.58	1.56	1.56	1086489	5507769.00
2005/02/21	1.56	1.59	1.56	1.59	1441474	7476978.00
2005/02/22	1.59	1.63	1.59	1.62	2174034	11557738.00
2005/02/23	1.62	1.63	1.61	1.62	1721597	9250496.00
2005/02/24	1.62	1.64	1.61	1.64	1432962	7748605.00
2005/02/25	1.64	1.65	1.63	1.63	1543959	8456723.00
2005/02/28	1.63	1.64	1.61	1.62	961434	5159532.00
2005/03/01	1.62	1.63	1.61	1.62	498485	2669649.00
2005/03/02	1.62	1.64	1.60	1.60	1056800	5660673.00
2005/03/03	1.60	1.61	1.59	1.61	482175	2530304.00
2005/03/04	1.60	1.61	1.60	1.61	500853	2644970.00
2005/03/07	1.60	1.68	1.60	1.68	5159501	28885590.00
2005/03/08	1.67	1.71	1.67	1.70	2905125	16624053.00
2005/03/09	1.70	1.70	1.68	1.70	1707155	9826355.00
2005/03/10	1.69	1.73	1.69	1.69	2066496	12028444.00
2005/03/11	1.69	1.78	1.69	1.77	3752566	22699964.00
2005/03/14	1.77	1.82	1.75	1.78	3781288	23587868.00
2005/03/15	1.78	1.80	1.76	1.78	2227508	13830586.00
2005/03/16	1.78	1.80	1.77	1.80	2031458	12692173.00
2005/03/17	1.80	1.82	1.69	1.74	3123496	18795854.00
2005/03/18	1.72	1.77	1.71	1.73	1678845	10101206.00
2005/03/21	1.73	1.82	1.72	1.81	1882688	11600209.00
2005/03/22	1.77	1.80	1.76	1.78	1571465	9795571.00
2005/03/23	1.78	1.79	1.75	1.76	1269191	7832335.00
2005/03/24	1.76	1.78	1.74	1.78	1060164	6484697.00
2005/03/25	1.78	1.83	1.77	1.79	2067160	13114210.00
2005/03/28	1.79	1.80	1.76	1.78	641123	3974714.00
2005/03/29	1.78	1.80	1.70	1.71	1334150	8076419.00
2005/03/30	1.70	1.70	1.65	1.65	1465110	8233219.00
2005/03/31	1.64	1.66	1.62	1.66	761882	4185969.00
2005/04/01	1.64	1.73	1.64	1.71	1061342	6086584.00
2005/04/04	1.69	1.70	1.66	1.68	988958	5635259.00
2005/04/05	1.70	1.70	1.66	1.67	314300	1783583.00
2005/04/06	1.67	1.73	1.65	1.71	1381440	8015927.00
2005/04/07	1.70	1.79	1.70	1.75	1869223	11440097.00
2005/04/08	1.75	1.77	1.73	1.76	795641	4827427.00
2005/04/11	1.76	1.76	1.73	1.74	755890	4570166.00
2005/04/12	1.73	1.77	1.73	1.76	699480	4237363.00
2005/04/13	1.77	1.81	1.77	1.80	3002643	18926008.00
2005/04/14	1.81	1.83	1.79	1.81	1869151	11915745.00
2005/04/15	1.81	1.81	1.76	1.76	1218652	7545469.00
2005/04/18	1.76	1.79	1.76	1.77	687702	4244529.00
2005/04/19	1.76	1.78	1.76	1.77	283431	1738865.00
2005/04/20	1.77	1.77	1.71	1.71	825135	4900077.00
2005/04/21	1.71	1.75	1.71	1.75	546546	3250321.00
2005/04/22	1.73	1.76	1.73	1.76	987719	5947072.00
2005/04/25	1.75	1.76	1.72	1.76	517800	3108910.00
2005/04/26	1.75	1.77	1.74	1.76	712224	4342503.00
2005/04/27	1.78	1.79	1.76	1.79	1252704	7781606.00
2005/04/28	1.79	1.84	1.77	1.84	2269109	14560189.00
2005/04/29	1.83	1.84	1.80	1.82	1297501	8342531.00
2005/05/10	1.76	1.80	1.75	1.78	1092814	6761636.00
2005/05/11	1.78	1.79	1.75	1.75	1123560	6911540.00
2005/05/12	1.74	1.77	1.73	1.75	868789	5236681.00
2005/05/13	1.75	1.77	1.72	1.73	1101244	6646742.00
2005/05/16	1.72	1.74	1.66	1.67	1474814	8444906.00
2005/05/17	1.67	1.71	1.67	1.70	347271	1993876.00
2005/05/18	1.70	1.71	1.68	1.70	314400	1807980.00
2005/05/19	1.70	1.72	1.69	1.71	183539	1062954.00
2005/05/20	1.70	1.73	1.70	1.72	386072	2270780.00
2005/05/23	1.72	1.72	1.68	1.69	323720	1871308.00
2005/05/24	1.70	1.72	1.68	1.71	256585	1484883.00
2005/05/25	1.70	1.71	1.69	1.70	209100	1213624.00
2005/05/26	1.68	1.72	1.67	1.68	413961	2358376.00
2005/05/27	1.68	1.68	1.60	1.61	905900	4904285.00
2005/05/30	1.58	1.61	1.57	1.60	329684	1722950.00
2005/05/31	1.62	1.62	1.60	1.60	134594	713042.00
2005/06/01	1.60	1.61	1.56	1.57	337300	1735901.00
2005/06/02	1.57	1.57	1.52	1.54	808247	4013846.00
2005/06/03	1.54	1.59	1.54	1.59	544478	2743773.00
2005/06/06	1.58	1.61	1.57	1.60	697050	3628077.00
2005/06/07	1.61	1.63	1.59	1.59	875690	4646849.00
2005/06/08	1.59	1.68	1.59	1.67	1330456	7330951.00
2005/06/09	1.67	1.69	1.65	1.67	1035610	5837384.00
2005/06/10	1.68	1.69	1.65	1.66	991538	5596901.00
2005/06/13	1.66	1.67	1.64	1.66	494980	2744211.00
2005/06/14	1.67	1.69	1.63	1.63	499685	2759506.00
2005/06/15	1.63	1.63	1.59	1.60	344490	1829007.00
2005/06/16	1.60	1.62	1.59	1.62	410665	2162305.00
2005/06/17	1.63	1.63	1.59	1.60	325778	1724269.00
2005/06/20	1.60	1.66	1.59	1.65	583880	3162206.00
2005/06/21	1.65	1.69	1.64	1.69	1425164	8065368.00
2005/06/22	1.68	1.72	1.67	1.71	1398322	8094751.00
2005/06/23	1.71	1.71	1.68	1.69	426775	2463027.00
2005/06/24	1.69	1.73	1.68	1.72	845996	4958660.00
2005/06/27	1.74	1.77	1.73	1.76	1574351	9581278.00
2005/06/28	1.74	1.75	1.73	1.74	658711	3960464.00
2005/06/29	1.74	1.75	1.72	1.72	658356	3909599.00
2005/06/30	1.71	1.72	1.70	1.71	288300	1685826.00
2005/07/01	1.72	1.72	1.69	1.69	362582	2104748.00
2005/07/04	1.68	1.72	1.67	1.72	904465	5171987.00
2005/07/05	1.72	1.76	1.71	1.75	963042	5791064.00
2005/07/06	1.75	1.77	1.73	1.74	2140432	12926377.00
2005/07/07	1.74	1.75	1.72	1.74	225988	1111894.00
2005/07/08	1.73	1.73	1.69	1.69	1053638	5008081.00
2005/07/11	1.69	1.72	1.64	1.64	889236	4145918.00
2005/07/12	1.63	1.70	1.62	1.70	494961	2283473.00
2005/07/13	1.69	1.71	1.67	1.70	295270	1394113.00
2005/07/14	1.70	1.73	1.70	1.71	639080	3084058.00
2005/07/15	1.71	1.73	1.71	1.73	1422095	6882278.00
2005/07/18	1.72	1.73	1.70	1.72	247220	1195337.00
2005/07/19	1.71	1.75	1.70	1.75	928578	4504017.00
2005/07/20	1.73	1.76	1.73	1.76	563172	2808079.00
2005/07/21	1.76	1.77	1.73	1.76	473488	2347813.00
2005/07/22	1.75	1.78	1.72	1.76	935995	4668339.00
2005/07/25	1.73	1.76	1.73	1.75	199561	985411.00
2005/07/26	1.74	1.79	1.74	1.77	1095970	5555240.00
2005/07/27	1.77	1.80	1.77	1.78	1170614	5984019.00
2005/07/28	1.78	1.79	1.75	1.76	861494	4371562.00
2005/07/29	1.76	1.79	1.76	1.77	673384	3403303.00
2005/08/01	1.77	1.81	1.76	1.81	1546389	7975003.00
2005/08/02	1.81	1.83	1.78	1.83	1587845	8348138.00
2005/08/03	1.82	1.85	1.80	1.80	1831434	9736587.00
2005/08/04	1.79	1.82	1.77	1.78	2151200	11095873.00
2005/08/05	1.79	1.80	1.78	1.80	2108996	10857070.00
2005/08/08	1.80	1.83	1.78	1.82	3521699	18305788.00
2005/08/09	1.82	1.86	1.81	1.84	3250150	17255586.00
2005/08/10	1.84	1.90	1.83	1.89	3570510	19544406.00
2005/08/11	1.89	1.92	1.86	1.89	2801828	15720654.00
2005/08/12	1.90	1.90	1.87	1.87	1692309	9403089.00
2005/08/15	1.88	1.90	1.87	1.90	2698499	14988882.00
2005/08/16	1.90	1.93	1.90	1.92	2231117	12736352.00
2005/08/17	1.92	1.93	1.89	1.92	1193328	6745604.00
2005/08/18	1.92	1.92	1.86	1.87	1861680	10327403.00
2005/08/19	1.87	1.89	1.84	1.86	788601	4294036.00
2005/08/22	1.86	1.88	1.85	1.88	316657	1740737.00
2005/08/23	1.87	1.88	1.85	1.86	889976	4838126.00
2005/08/24	1.87	1.88	1.83	1.85	2587687	13962370.00
2005/08/25	1.86	1.90	1.82	1.89	2752930	14865667.00
2005/08/26	1.89	1.94	1.89	1.92	2732470	15606712.00
2005/08/29	1.92	1.92	1.90	1.91	789379	4470983.00
2005/08/30	1.91	1.92	1.87	1.89	1064526	5921870.00
2005/08/31	1.87	1.91	1.87	1.91	710739	4004381.00
2005/09/01	1.91	1.94	1.91	1.94	1169910	6704199.00
2005/09/02	1.95	1.98	1.93	1.97	1731417	10199353.00
2005/09/05	1.97	2.00	1.96	1.99	1412968	8463646.00
2005/09/06	1.99	1.99	1.94	1.95	1413719	8360802.00
2005/09/07	1.95	1.98	1.95	1.98	636403	3750289.00
2005/09/08	1.99	2.02	1.99	2.02	2739280	16716443.00
2005/09/09	2.01	2.02	1.95	2.02	2110121	12828338.00
2005/09/12	1.97	2.01	1.97	1.98	914423	5475909.00
2005/09/13	1.99	2.01	1.98	2.01	1251925	7517402.00
2005/09/14	2.01	2.03	1.99	2.02	830531	5065178.00
2005/09/15	2.02	2.02	1.99	2.00	992218	6025421.00
2005/09/16	2.01	2.01	1.97	1.98	749990	4479024.00
2005/09/19	1.98	1.99	1.96	1.99	1273932	7581914.00
2005/09/20	1.98	2.00	1.95	1.96	1307894	7723235.00
2005/09/21	1.95	1.97	1.94	1.95	881311	5154176.00
2005/09/22	1.94	1.96	1.89	1.90	1060660	6063565.00
2005/09/23	1.88	1.90	1.87	1.89	652679	3631701.00
2005/09/26	1.90	1.90	1.87	1.90	921468	5162778.00
2005/09/27	1.90	1.91	1.87	1.90	1230283	6878454.00
2005/09/28	1.91	1.93	1.90	1.92	921314	5248855.00
2005/09/29	1.92	2.02	1.92	2.01	2502024	14962487.00
2005/09/30	2.00	2.05	1.99	2.00	3210282	19819548.00
2005/10/10	1.99	1.99	1.96	1.97	963000	5726843.00
2005/10/11	1.96	2.01	1.96	2.00	563712	3396647.00
2005/10/12	2.00	2.05	1.99	2.03	2573214	15886478.00
2005/10/13	2.03	2.09	2.03	2.05	1661258	10500433.00
2005/10/14	2.05	2.05	1.99	2.02	1361296	8411952.00
2005/10/27	1.95	1.99	1.91	1.98	1186202	6985568.00
2005/10/28	1.98	2.01	1.92	1.95	1009410	5957147.00
2005/10/31	1.92	1.96	1.92	1.94	426363	2458795.00
2005/11/01	1.92	1.93	1.86	1.89	721969	4021370.00
2005/11/02	1.90	1.92	1.89	1.91	2206258	12467973.00
2005/11/03	1.91	1.92	1.88	1.88	641016	3600186.00
2005/11/04	1.89	1.89	1.81	1.85	1201062	6427144.00
2005/11/07	1.84	1.87	1.82	1.87	1222066	6516260.00
2005/11/08	1.87	1.89	1.85	1.88	1096953	5986732.00
2005/11/09	1.88	1.92	1.87	1.89	1191867	6715896.00
2005/11/10	1.88	1.88	1.82	1.82	873815	4719931.00
2005/11/11	1.80	1.86	1.80	1.85	754759	4062003.00
2005/11/14	1.85	1.87	1.85	1.86	975744	5299292.00
2005/12/21	2.04	2.09	2.00	2.00	7099581	33981600.00
2005/12/22	1.99	2.02	1.98	2.01	2473889	11558666.00
2005/12/23	2.00	2.02	1.99	2.01	2534358	11874424.00
2005/12/26	2.02	2.11	2.02	2.09	5167551	25563604.00
2005/12/27	2.10	2.12	2.08	2.10	3218774	16086017.00
2005/12/28	2.10	2.11	2.07	2.10	1861350	9252756.00
2005/12/29	2.10	2.15	2.09	2.14	2708443	13767216.00
2005/12/30	2.14	2.14	2.09	2.10	2852584	14355283.00
2006/01/04	2.09	2.12	2.09	2.10	1578621	7927627.00
2006/01/05	2.10	2.12	2.08	2.12	2166544	10801546.00
2006/01/06	2.12	2.13	2.10	2.11	2428908	12271901.00
2006/01/09	2.12	2.13	2.10	2.11	4155413	20889888.00
2006/01/10	2.11	2.14	2.10	2.11	3007230	15224909.00
2006/01/11	2.10	2.13	2.04	2.05	3444094	17079032.00
2006/01/12	2.05	2.06	2.03	2.06	3868573	18604598.00
2006/01/13	2.07	2.08	2.05	2.06	2449225	11971949.00
2006/01/16	2.06	2.06	2.00	2.00	2067395	9784143.00
2006/01/17	2.00	2.02	1.99	2.01	1292158	6055295.00
2006/01/18	2.01	2.05	2.00	2.03	1335486	6370117.00
2006/01/19	2.03	2.05	2.02	2.04	1992101	9571989.00
2006/01/20	2.04	2.05	1.98	2.01	3174177	14934149.00
2006/01/23	2.01	2.10	2.00	2.09	3995548	19343334.00
2006/01/24	2.08	2.09	2.05	2.05	3235776	15833004.00
2006/01/25	2.07	2.08	2.02	2.05	2086552	10042290.00
2006/02/06	2.05	2.09	2.05	2.09	3101741	15266159.00
2006/02/07	2.09	2.14	2.07	2.14	5284276	26728252.00
2006/02/08	2.14	2.20	2.12	2.14	4150026	21598540.00
2006/02/09	2.14	2.14	2.10	2.10	1797283	9075696.00
2006/02/10	2.10	2.11	2.07	2.11	2362943	11703543.00
2006/02/13	2.11	2.15	2.06	2.13	2579102	12866944.00
2006/02/14	2.13	2.13	2.11	2.13	1413090	7164747.00
2006/02/15	2.12	2.13	2.09	2.11	1166108	5852055.00
2006/02/16	2.10	2.10	2.02	2.03	1847823	8927935.00
2006/02/17	2.03	2.04	2.00	2.01	987988	4665052.00
2006/02/20	2.00	2.02	1.99	2.01	991215	4634507.00
2006/02/21	2.01	2.02	1.95	2.02	1821000	8408015.00
2006/02/22	2.01	2.04	2.00	2.02	2505193	11812418.00
2006/02/23	2.01	2.05	1.99	2.03	2896292	13702180.00
2006/02/24	2.04	2.07	2.02	2.05	5894567	28462894.00
2006/02/27	2.05	2.05	2.02	2.02	2343806	11203488.00
2006/02/28	2.05	2.05	1.99	2.04	1746455	8278188.00
2006/03/01	2.06	2.06	2.03	2.05	1857871	8958379.00
2006/03/02	2.07	2.10	2.04	2.05	4819844	23678508.00
2006/03/03	2.05	2.05	2.01	2.04	1448643	6895498.00
2006/03/06	2.04	2.04	1.99	2.00	1502734	7039113.00
2006/03/07	2.00	2.00	1.93	1.93	1946933	8816010.00
2006/03/08	1.93	1.94	1.91	1.93	1042631	4599221.00
2006/03/09	1.93	1.95	1.92	1.93	679262	3005640.00
2006/03/10	1.93	1.95	1.91	1.95	930831	4129842.00
2006/03/13	1.95	1.95	1.93	1.94	657330	2933072.00
2006/03/14	1.94	1.98	1.94	1.98	1223712	5557148.00
2006/03/15	2.00	2.03	1.98	2.01	2369649	11097900.00
2006/03/16	2.01	2.04	2.00	2.04	2190545	10379005.00
2006/03/17	2.04	2.04	2.01	2.03	1121108	5320928.00
2006/03/20	2.02	2.05	2.01	2.04	1660705	7957425.00
2006/03/21	2.04	2.06	2.03	2.04	1313082	6305855.00
2006/03/22	2.01	2.04	2.00	2.04	1826339	8710230.00
2006/03/23	2.04	2.07	2.01	2.06	1814077	8740744.00
2006/03/24	2.08	2.08	2.03	2.03	1209800	5812508.00
2006/03/27	2.03	2.03	2.00	2.02	930217	4379709.00
2006/03/28	2.01	2.07	2.01	2.07	1893327	9116130.00
2006/03/29	2.07	2.09	2.05	2.07	3051112	14988153.00
2006/03/30	2.07	2.08	2.04	2.04	1317500	6426094.00
2006/03/31	2.04	2.07	2.02	2.06	1264816	6101673.00
2006/04/03	2.06	2.15	2.06	2.11	5251606	26678026.00
2006/04/04	2.11	2.15	2.11	2.13	4433704	22587922.00
2006/04/05	2.13	2.17	2.10	2.15	5443223	27861090.00
2006/04/06	2.15	2.16	2.11	2.13	5275812	27139188.00
2006/04/07	2.13	2.22	2.11	2.19	6656249	34840908.00
2006/04/10	2.21	2.23	2.18	2.22	4279576	22951100.00
2006/04/11	2.21	2.24	2.19	2.22	5373835	29042732.00
2006/04/12	2.22	2.23	2.18	2.18	4566624	24334062.00
2006/04/13	2.18	2.19	2.10	2.10	4164114	21405596.00
2006/04/14	2.10	2.14	2.08	2.14	2201145	11114081.00
2006/04/17	2.14	2.16	2.11	2.13	2534759	13072828.00
2006/04/18	2.13	2.15	2.11	2.13	2145919	10945112.00
2006/04/19	2.13	2.14	2.09	2.12	2380981	11987480.00
2006/04/20	2.12	2.13	2.07	2.09	2582016	12861884.00
2006/04/21	2.08	2.15	2.08	2.14	2905717	14845611.00
2006/04/24	2.14	2.16	2.08	2.11	4488467	22558258.00
2006/04/25	2.10	2.11	2.07	2.09	1875299	9286486.00
2006/04/26	2.08	2.23	2.08	2.23	10464017	55082020.00
2006/04/27	2.23	2.25	2.17	2.19	5964755	32068792.00
2006/04/28	2.17	2.19	2.10	2.16	4716031	24540136.00
2006/05/08	2.16	2.22	2.16	2.19	6902679	36589116.00
2006/05/10	2.24	2.28	2.20	2.25	13253863	72703664.00
2006/05/11	2.26	2.35	2.23	2.25	11192511	63412996.00
2006/05/12	2.23	2.32	2.22	2.31	7848737	44064296.00
2006/05/15	2.33	2.38	2.26	2.36	8317773	48103992.00
2006/05/16	2.33	2.36	2.21	2.23	7227743	40773320.00
2006/05/17	2.24	2.39	2.24	2.39	13312940	78838784.00
2006/05/18	2.39	2.48	2.32	2.46	10405975	62401232.00
2006/05/19	2.44	2.55	2.41	2.47	8833357	55372004.00
2006/05/22	2.47	2.54	2.44	2.47	5446671	34245376.00
2006/05/23	2.43	2.46	2.37	2.38	5487212	33377768.00
2006/05/24	2.37	2.52	2.37	2.49	8918521	55529992.00
2006/05/25	2.49	2.56	2.45	2.48	4376369	27913862.00
2006/05/26	2.47	2.50	2.44	2.48	4153984	25850106.00
2006/05/29	2.48	2.59	2.48	2.57	7068193	45611652.00
2006/05/30	2.57	2.60	2.51	2.57	4276249	27890684.00
2006/05/31	2.57	2.57	2.48	2.50	4995118	31959804.00
2006/06/01	2.48	2.59	2.47	2.56	6212003	40488924.00
2006/06/02	2.57	2.58	2.45	2.47	6836882	43406176.00
2006/06/05	2.47	2.47	2.42	2.46	3528115	21735638.00
2006/06/06	2.47	2.53	2.44	2.46	3583028	22773504.00
2006/06/07	2.49	2.50	2.37	2.38	3882528	23532840.00
2006/06/08	2.37	2.41	2.33	2.39	1963094	11615799.00
2006/06/09	2.38	2.44	2.37	2.38	2621116	15848426.00
2006/06/12	2.40	2.44	2.34	2.42	2158565	13105881.00
2006/06/13	2.42	2.44	2.41	2.44	2073352	12687807.00
2006/06/14	2.44	2.45	2.37	2.45	1887570	11471142.00
2006/06/15	2.44	2.46	2.42	2.46	1626515	10032257.00
2006/06/16	2.45	2.54	2.43	2.52	2922811	18682360.00
2006/06/19	2.51	2.55	2.47	2.55	2959606	19061316.00
2006/06/20	2.54	2.59	2.53	2.56	2949960	19402466.00
2006/06/21	2.56	2.70	2.54	2.64	5125150	34834572.00
2006/06/22	2.63	2.73	2.61	2.66	4614030	32128338.00
2006/06/23	2.64	2.72	2.63	2.69	3863038	26995508.00
2006/06/26	2.72	2.90	2.67	2.87	6803457	50999568.00
2006/06/27	2.85	2.93	2.81	2.92	4190084	31978364.00
2006/06/28	2.89	2.91	2.84	2.86	2749237	20926742.00
2006/06/29	2.86	2.98	2.85	2.97	3321734	26125278.00
2006/06/30	3.01	3.01	2.92	2.93	2122104	16684129.00
2006/07/03	2.93	3.01	2.88	2.92	2827354	22024980.00
2006/07/04	2.92	3.00	2.85	2.97	2388820	18690184.00
2006/07/05	2.97	3.06	2.93	3.04	3390473	27419480.00
2006/07/06	3.06	3.20	3.02	3.16	2484856	17591180.00
2006/07/07	3.16	3.18	3.11	3.14	2364813	16694296.00
2006/07/10	3.13	3.39	3.11	3.39	3842464	28640876.00
2006/07/11	3.41	3.54	3.35	3.40	4743286	37631516.00
2006/07/12	3.38	3.45	3.33	3.38	3102871	24044832.00
2006/07/13	3.36	3.57	3.33	3.44	6972872	55276612.00
2006/07/14	3.41	3.66	3.22	3.61	6799463	54788188.00
2006/07/17	3.56	3.90	3.56	3.90	6718489	60362920.00
2006/07/18	3.96	4.00	3.85	3.95	3051247	28368796.00
2006/07/19	3.90	4.16	3.89	4.07	3698843	35847292.00
2006/07/20	4.04	4.14	3.73	3.78	3884321	36054568.00
2006/07/21	3.72	3.87	3.66	3.82	4281903	37951808.00
2006/07/24	3.73	3.86	3.69	3.81	2439686	21753800.00
2006/07/25	3.83	3.89	3.61	3.78	4185009	36820168.00
2006/07/26	3.76	3.76	3.69	3.71	2600196	22614764.00
2006/07/27	3.68	3.76	3.61	3.72	2483084	21508736.00
2006/07/28	3.71	3.93	3.71	3.92	3615918	32725906.00
2006/07/31	3.93	4.03	3.66	3.73	2635472	23666812.00
2006/08/01	3.68	3.78	3.48	3.73	2492378	21385536.00
2006/08/02	3.73	3.76	3.56	3.58	1479921	12531242.00
2006/08/03	3.58	3.65	3.54	3.61	1757639	14723363.00
2006/08/04	3.58	3.70	3.51	3.58	1573555	13355432.00
2006/08/07	3.53	3.61	3.49	3.60	1164521	9604125.00
2006/08/08	3.60	3.70	3.60	3.69	1233487	10531608.00
2006/08/09	3.69	3.69	3.64	3.68	729450	6244919.00
2006/08/10	3.68	3.68	3.59	3.63	1748104	14747760.00
2006/08/11	3.66	3.66	3.51	3.60	1743302	14428735.00
2006/08/14	3.59	3.60	3.50	3.54	1011461	8278865.00
2006/08/15	3.54	3.54	3.52	3.54	942055	7697035.00
2006/08/16	3.53	3.58	3.52	3.57	997315	8199171.00
2006/08/17	3.55	3.58	3.47	3.47	1714807	13880317.00
2006/08/18	3.47	3.56	3.40	3.53	1285283	10346363.00
2006/08/21	3.43	3.64	3.40	3.61	1262724	10374152.00
2006/08/22	3.65	3.79	3.60	3.76	2071423	18146008.00
2006/08/23	3.75	3.87	3.71	3.78	2004522	17904412.00
2006/08/24	3.77	3.83	3.72	3.82	1262002	11189889.00
2006/08/25	3.82	3.85	3.79	3.81	918053	8261277.00
2006/08/28	3.82	3.89	3.80	3.87	1402004	12751894.00
2006/08/29	3.86	3.89	3.73	3.75	2620739	23348482.00
2006/08/30	3.75	3.84	3.71	3.77	1165847	10226273.00
2006/08/31	3.77	3.81	3.73	3.77	2076614	18275820.00
2006/09/01	3.81	3.81	3.72	3.76	707134	6226683.00
2006/09/04	3.76	3.87	3.68	3.86	2478295	22385248.00
2006/09/05	3.86	3.86	3.79	3.86	926219	8368870.00
2006/09/06	3.86	3.95	3.82	3.94	2020048	18507564.00
2006/09/07	3.95	4.10	3.91	4.03	3477632	33256432.00
2006/09/08	4.05	4.07	3.99	4.03	1590014	15201228.00
2006/09/11	4.04	4.09	4.01	4.02	3960936	38142880.00
2006/09/12	4.02	4.05	3.99	4.01	2948016	28191844.00
2006/09/13	4.02	4.17	3.99	4.11	2535082	24869766.00
2006/09/14	4.09	4.13	4.00	4.07	1306718	12677897.00
2006/09/15	4.07	4.28	4.00	4.17	2750213	27499918.00
2006/09/18	4.17	4.25	4.11	4.14	2378690	23529176.00
2006/09/19	4.14	4.20	4.04	4.07	2779240	27017956.00
2006/09/20	4.06	4.12	4.02	4.09	888764	8661176.00
2006/09/21	4.12	4.25	4.11	4.20	2328012	23406432.00
2006/09/22	4.19	4.24	4.13	4.14	880738	8748771.00
2006/09/25	4.14	4.19	4.01	4.02	1513856	14655663.00
2006/09/26	4.02	4.04	3.96	3.99	982861	9352365.00
2006/09/27	3.72	4.12	3.72	4.10	2185469	21130322.00
2006/09/28	4.03	4.25	4.02	4.23	2970864	29911880.00
2006/09/29	4.23	4.30	4.21	4.27	1559961	16027464.00
2006/10/09	4.25	4.32	4.18	4.25	1426347	14455648.00
2006/10/10	4.26	4.35	4.23	4.34	4426234	45816888.00
2006/10/11	4.35	4.49	4.25	4.36	3078724	32163308.00
2006/10/12	4.33	4.43	4.28	4.39	2745751	29035144.00
2006/10/13	4.37	4.74	4.36	4.70	6017627	67237616.00
2006/10/16	4.70	4.89	4.64	4.71	7966301	93272232.00
2006/10/17	4.66	4.81	4.56	4.59	4080798	46930832.00
2006/10/18	4.59	4.71	4.57	4.70	2258548	25536712.00
2006/10/19	4.72	4.88	4.72	4.82	1390289	16375982.00
2006/10/20	4.88	4.94	4.81	4.90	1497683	17870502.00
2006/10/23	4.92	4.95	4.71	4.77	1368102	16219150.00
2006/10/24	4.66	4.92	4.66	4.88	1099577	13067145.00
2006/10/25	4.88	4.89	4.78	4.83	770846	9134771.00
2006/10/26	4.82	4.84	4.76	4.80	927454	10878174.00
2006/10/27	4.81	4.81	4.69	4.77	1005494	11691074.00
2006/10/30	4.77	4.80	4.64	4.80	1293965	14875381.00
2006/10/31	4.78	4.88	4.75	4.83	772595	9197020.00
2006/11/01	4.83	5.10	4.80	5.09	4274403	52791200.00
2006/11/02	5.10	5.17	5.02	5.10	1906719	24021216.00
2006/11/03	5.10	5.11	5.02	5.08	1203617	15025058.00
2006/11/06	4.99	5.13	4.99	5.00	1231286	15345537.00
2006/11/07	4.99	5.06	4.90	5.01	1230723	15165875.00
2006/11/08	5.02	5.20	5.01	5.18	1761172	22438528.00
2006/11/09	5.18	5.29	5.17	5.21	1311785	17022432.00
2006/11/10	5.20	5.23	5.11	5.16	1198893	15357056.00
2006/11/13	5.11	5.18	5.04	5.13	1571689	19856592.00
2006/11/14	5.06	5.24	4.93	5.06	1134925	14135873.00
2006/11/15	5.03	5.03	4.82	4.88	2581591	31167144.00
2006/11/16	4.83	4.95	4.82	4.92	1168478	14009508.00
2006/11/21	4.83	5.04	4.82	4.85	1152196	13741912.00
2006/11/22	4.86	4.88	4.65	4.74	1655672	19201240.00
2006/11/23	4.71	4.80	4.71	4.77	4078718	47310696.00
2006/11/24	4.78	4.95	4.75	4.94	1209401	14511629.00
2006/11/27	4.94	5.11	4.94	5.11	902917	11309579.00
2006/11/28	5.11	5.16	5.05	5.09	962320	12109209.00
2006/11/29	5.06	5.17	4.91	5.17	1051055	13031447.00
2006/11/30	5.18	5.24	5.15	5.19	1153820	14899956.00
2006/12/01	5.15	5.17	4.99	5.05	1706124	21322356.00
2006/12/04	4.99	5.16	4.99	5.10	1033978	13019387.00
2006/12/05	5.12	5.12	4.89	4.95	1670701	20575620.00
2006/12/06	4.91	5.01	4.60	4.99	2208755	26468236.00
2006/12/07	4.95	5.03	4.82	4.86	775644	9381830.00
2006/12/08	4.74	4.88	4.74	4.83	461900	5455651.00
2006/12/11	4.80	5.03	4.80	5.02	1863216	22789128.00
2006/12/12	5.06	5.15	4.94	5.04	717231	8888901.00
2006/12/13	5.08	5.11	4.88	5.04	719143	8831767.00
2006/12/14	4.99	5.15	4.99	5.14	2364750	29691988.00
2006/12/15	5.18	5.59	5.11	5.59	4062193	53735824.00
2006/12/18	5.73	5.77	5.56	5.62	3667591	51936140.00
2006/12/19	5.59	5.77	5.47	5.74	2188803	30706572.00
2006/12/20	5.73	5.80	5.60	5.69	3842335	55003852.00
2006/12/21	5.66	5.75	5.63	5.67	1671420	23763290.00
2006/12/22	5.60	5.67	5.36	5.47	1583152	21820804.00
2006/12/25	5.43	5.59	5.41	5.50	2783227	38302384.00
2006/12/26	5.47	5.57	5.27	5.34	1965994	26603570.00
2006/12/27	5.38	5.41	5.24	5.33	1634649	21667266.00
2006/12/28	5.38	5.46	5.15	5.27	1949152	25865628.00
2006/12/29	5.38	5.47	5.24	5.42	3598549	48260416.00
2007/01/04	5.40	5.56	5.36	5.39	2900954	39384392.00
2007/01/05	5.34	5.44	5.24	5.31	1970988	26048580.00
2007/01/08	5.29	5.63	5.26	5.59	4115986	56379548.00
2007/01/09	5.61	5.77	5.52	5.75	4502980	62955220.00
2007/01/10	5.77	5.80	5.62	5.70	2718126	38858744.00
2007/01/11	5.72	6.05	5.70	5.94	5117691	76405912.00
2007/01/12	5.77	5.95	5.63	5.65	2934236	42791428.00
2007/01/15	5.70	5.94	5.69	5.92	3294657	48604400.00
2007/01/16	5.95	6.26	5.89	6.24	6988089	107135920.00
2007/01/17	6.24	6.37	6.01	6.11	6034940	94730000.00
2007/01/18	6.14	6.36	6.07	6.32	6000236	94696000.00
2007/01/19	6.35	6.48	6.25	6.45	5160475	83615488.00
2007/01/22	6.58	6.86	6.46	6.64	8582473	145391440.00
2007/01/23	6.58	6.65	6.26	6.47	8061658	132009512.00
2007/01/24	6.48	6.63	6.10	6.60	6943077	112543712.00
2007/01/25	6.55	6.55	6.27	6.30	3694563	60126040.00
2007/01/26	6.22	6.43	6.05	6.30	3451188	54948204.00
2007/01/29	6.37	6.54	6.20	6.48	3907131	63441292.00
2007/01/30	6.48	6.53	6.30	6.34	3223977	52269408.00
2007/01/31	6.34	6.34	5.87	5.95	3279194	50867852.00
2007/02/01	5.87	6.03	5.87	5.94	2904879	43576756.00
2007/02/02	5.87	6.00	5.68	5.73	1868038	27150444.00
2007/02/05	5.70	5.80	5.54	5.78	1690020	24074404.00
2007/02/06	5.78	5.78	5.42	5.66	4238090	58816872.00
2007/02/07	5.70	6.11	5.63	5.98	3787689	56339428.00
2007/02/08	5.95	6.05	5.87	6.01	1996802	30102344.00
2007/02/09	5.95	6.07	5.91	6.06	2009521	30333916.00
2007/02/12	6.14	6.14	5.99	6.10	2199872	33777360.00
2007/02/14	6.15	6.23	6.04	6.15	4425730	68573352.00
2007/02/15	6.23	6.36	6.20	6.26	3013377	48004704.00
2007/02/16	6.26	6.41	6.26	6.28	4064686	65246508.00
2007/02/26	6.32	6.37	6.13	6.28	4078749	64569756.00
2007/02/27	6.30	6.54	5.72	5.74	6750223	107365344.00
2007/02/28	5.75	6.05	5.75	6.05	4058750	60648352.00
2007/03/01	6.05	6.44	5.81	6.38	6983714	110402472.00
2007/03/02	6.37	6.55	6.36	6.42	5416723	89420416.00
2007/03/05	6.50	6.50	5.98	6.14	3303330	52102840.00
2007/03/06	6.01	6.27	6.01	6.23	3225303	50694604.00
2007/03/07	6.16	6.36	6.16	6.31	2892090	46178044.00
2007/03/08	6.33	6.33	5.90	6.21	2704511	42309688.00
2007/03/09	6.21	6.22	6.02	6.11	2519385	38880004.00
2007/03/12	6.06	6.21	5.86	6.18	2765857	42973488.00
2007/03/13	6.16	6.16	6.04	6.15	3027390	46599844.00
2007/03/14	6.05	6.05	5.87	5.96	2904079	43687696.00
2007/03/15	5.98	6.11	5.87	5.94	2656435	39943664.00
2007/03/16	5.95	6.18	5.93	6.11	5510517	84300240.00
2007/03/19	5.95	6.42	5.88	6.34	7514517	119902864.00
2007/03/20	6.37	6.44	6.30	6.37	5248959	84890128.00
2007/03/21	6.45	6.58	6.32	6.37	4594652	75137640.00
2007/03/22	6.38	6.45	6.19	6.24	7352408	117295152.00
2007/03/23	6.24	6.28	6.08	6.15	6231101	97240192.00
2007/03/26	6.21	6.51	6.06	6.47	12916603	205805392.00
2007/03/27	6.55	6.76	6.48	6.65	9740388	165364208.00
2007/03/28	6.65	6.72	6.16	6.65	12006508	197528896.00
2007/03/29	6.59	6.65	6.40	6.43	4511408	74984208.00
2007/03/30	6.41	6.76	6.37	6.72	6790419	114535256.00
2007/04/02	6.82	7.00	6.66	6.93	7279591	128792056.00
2007/04/03	6.98	7.01	6.79	6.90	4546904	80538824.00
2007/04/04	7.00	7.11	6.86	6.90	5778022	102904896.00
2007/04/05	6.99	7.32	6.92	7.28	6822363	125984656.00
2007/04/06	7.15	7.40	7.13	7.29	6187488	116194304.00
2007/04/09	7.30	7.45	7.21	7.32	4416596	83455648.00
2007/04/10	7.45	7.45	6.94	7.16	5375635	99178744.00
2007/04/11	7.16	7.22	7.01	7.17	4733362	86250720.00
2007/04/12	7.19	7.35	7.13	7.28	4271034	79926352.00
2007/04/13	7.25	7.55	7.13	7.42	8119310	153246784.00
2007/04/16	7.54	7.88	7.43	7.86	7869710	156446176.00
2007/04/17	7.92	7.96	7.57	7.87	7160129	144745632.00
2007/04/18	7.90	7.98	7.64	7.88	4760228	96905824.00
2007/04/19	7.89	7.89	7.29	7.46	7640306	150844992.00
2007/04/20	7.49	8.14	7.49	8.14	6168690	126669888.00
2007/04/23	8.49	8.89	8.49	8.89	4065877	94119176.00
2007/04/24	9.48	9.52	8.66	9.03	8612736	204635408.00
2007/04/25	9.13	9.25	8.77	8.88	5473601	128807680.00
2007/04/26	9.02	9.29	8.89	9.12	5464202	131081624.00
2007/04/27	9.02	9.80	9.00	9.78	5369131	134055296.00
2007/04/30	9.92	10.68	9.84	10.45	5629365	152079584.00
2007/05/08	10.55	11.25	10.55	11.20	7955513	231807776.00
2007/05/09	11.27	11.27	10.46	11.18	5482748	158476368.00
2007/05/10	11.09	11.09	10.63	10.77	6183872	176937616.00
2007/05/11	10.74	10.96	10.24	10.89	4744046	135882304.00
2007/05/14	10.56	10.77	10.51	10.72	4851730	137102128.00
2007/05/15	10.60	10.85	10.38	10.84	4167156	117609136.00
2007/05/16	10.80	11.86	10.49	11.86	4401857	130209520.00
2007/05/17	11.98	12.56	11.74	11.89	4086334	132400760.00
2007/05/18	11.94	12.15	11.50	11.79	2834063	88770376.00
2007/05/21	11.44	12.06	11.27	11.98	4152303	130499360.00
2007/05/22	11.98	12.51	11.87	11.94	3265703	106267592.00
2007/05/23	11.94	12.16	11.84	11.95	2249935	71776752.00
2007/05/24	11.95	12.10	11.06	11.75	3692283	114078576.00
2007/05/25	11.34	11.66	11.34	11.47	2420603	74188552.00
2007/05/28	11.44	11.59	11.13	11.50	4550624	136473024.00
2007/05/29	11.60	11.90	11.44	11.75	2453427	76745008.00
2007/05/30	10.88	11.98	10.64	11.00	5033367	148905472.00
2007/05/31	10.91	11.52	10.14	11.25	3970690	114863408.00
2007/06/01	11.27	11.98	10.94	11.38	4723188	145269520.00
2007/06/04	11.44	11.45	10.31	10.31	3217308	91019464.00
2007/06/05	10.21	10.80	9.35	10.65	5484503	141770400.00
2007/06/07	10.89	11.65	10.89	11.62	5103908	155368640.00
2007/06/08	11.73	12.72	11.64	12.72	6612072	218886112.00
2007/06/11	12.75	13.50	12.68	12.71	6347735	221876208.00
2007/06/12	12.73	13.48	12.47	13.25	4074629	141746240.00
2007/06/13	13.24	13.35	12.97	13.04	2759506	96974560.00
2007/06/14	12.97	13.10	11.98	12.74	2579241	88479136.00
2007/06/15	12.51	12.91	12.36	12.61	1961618	66400488.00
2007/06/18	12.97	13.04	12.51	12.62	3577412	121817456.00
2007/06/19	12.59	13.06	12.26	13.05	4919900	165484048.00
2007/06/20	12.97	13.74	12.74	13.08	4436990	159179312.00
2007/06/21	13.04	13.37	12.69	13.13	2366522	83080776.00
2007/06/22	13.39	13.81	12.69	13.06	3201796	115039392.00
2007/06/25	13.22	13.39	11.90	12.11	3493607	116261120.00
2007/06/26	11.96	12.75	11.63	12.66	2461341	79890016.00
2007/06/27	12.51	12.79	12.36	12.55	2093782	70510768.00
2007/06/28	12.33	12.51	11.58	11.61	2713783	86224696.00
2007/06/29	11.26	11.96	10.91	11.67	2443583	75731912.00
2007/07/02	11.76	11.85	10.77	11.54	2182215	65275420.00
2007/07/03	11.43	11.78	11.29	11.61	937350	28831288.00
2007/07/04	11.62	11.83	11.45	11.55	984372	30447338.00
2007/07/05	11.51	11.69	11.23	11.23	1598890	48205868.00
2007/07/06	11.16	11.80	10.67	11.66	1663590	49491884.00
2007/07/09	11.62	11.98	11.55	11.80	1148110	36176888.00
2007/07/10	11.98	11.98	11.23	11.37	948632	28831432.00
2007/07/11	11.16	11.37	11.09	11.26	882132	26308964.00
2007/07/12	11.27	11.37	11.09	11.17	707754	21113172.00
2007/07/13	11.21	11.66	11.05	11.43	1042257	31943668.00
2007/07/16	11.34	11.58	11.20	11.26	606860	18336216.00
2007/07/17	11.27	11.37	11.13	11.31	556983	16732700.00
2007/07/18	11.26	11.62	11.23	11.27	1250634	37941728.00
2007/07/19	11.27	11.34	10.95	11.14	1167130	34639064.00
2007/07/20	11.14	11.91	11.10	11.87	2174581	66874808.00
2007/07/23	11.94	12.65	11.94	12.40	2329411	77226880.00
2007/07/24	12.33	12.61	12.22	12.44	1681396	55867608.00
2007/07/25	12.51	12.86	12.25	12.72	2384019	80433056.00
2007/07/26	12.69	13.39	12.69	13.19	2431050	85256728.00
2007/07/27	13.04	13.27	12.75	12.98	1596268	55992104.00
2007/07/30	12.81	13.10	12.81	12.88	2299940	79939664.00
2007/07/31	12.89	12.99	12.51	12.74	1663459	56481780.00
2007/08/01	12.82	13.50	12.62	12.99	2642876	93203912.00
2007/08/02	13.24	14.23	13.04	14.23	3800345	140353856.00
2007/08/03	14.59	14.89	14.24	14.37	2966297	116587880.00
2007/08/07	14.62	15.16	14.20	14.26	3074226	121796160.00
2007/08/08	14.13	14.13	13.49	13.92	2191111	81233856.00
2007/08/09	13.92	14.24	13.67	13.93	1579956	59329712.00
2007/08/10	14.06	14.42	13.74	14.05	2200913	82959464.00
2007/08/13	14.10	14.63	13.92	13.97	2192433	84582112.00
2007/08/14	14.03	14.27	13.43	13.81	2941449	108538928.00
2007/08/15	13.79	14.70	13.61	14.66	6037548	233499344.00
2007/08/16	14.96	14.96	14.31	14.45	4183631	165796544.00
2007/08/17	14.24	14.77	13.48	13.52	3762482	141291616.00
2007/08/20	13.78	14.30	13.43	14.16	6597009	245335264.00
2007/08/21	14.76	14.76	13.56	13.74	5535163	205085008.00
2007/08/22	13.69	13.99	13.57	13.66	4260655	156767696.00
2007/08/23	13.82	13.94	13.32	13.70	6146832	223103296.00
2007/08/24	13.75	13.81	13.35	13.49	7496557	271299328.00
2007/08/27	13.58	13.86	13.37	13.70	7062041	257074880.00
2007/08/28	13.74	13.74	13.32	13.42	5370652	193933408.00
2007/08/29	13.42	13.42	12.68	12.81	7617932	265256624.00
2007/08/30	12.89	13.21	12.86	13.03	4412336	154255760.00
2007/08/31	13.04	13.35	12.93	13.10	3295508	115720248.00
2007/09/03	13.18	13.37	12.97	13.03	4806025	168367088.00
2007/09/04	13.04	13.56	12.96	13.32	5193566	184881200.00
2007/09/05	13.36	13.53	13.23	13.35	3510478	126111200.00
2007/09/06	13.35	13.45	12.97	13.35	6067800	215211184.00
2007/09/07	13.35	13.35	12.78	12.79	3116207	108903208.00
2007/09/10	12.68	13.15	12.59	12.93	2719625	94396048.00
2007/09/11	13.00	13.50	12.82	12.86	4505366	160217024.00
2007/09/13	13.37	13.37	12.89	13.00	2888049	101805584.00
2007/09/14	13.04	13.07	12.40	12.58	3678038	124661584.00
2007/09/17	12.56	12.56	11.98	12.31	5435026	177154336.00
2007/09/18	12.47	12.61	12.26	12.54	4097347	136326048.00
2007/09/19	12.56	12.61	11.98	12.08	3006090	97851456.00
2007/09/20	12.08	12.40	11.97	12.33	2574207	84061368.00
2007/09/21	12.51	13.46	12.47	13.14	7492483	263904144.00
2007/09/24	13.34	13.46	12.86	12.99	3756593	132232792.00
2007/09/25	13.00	13.00	12.42	12.53	2406687	81244384.00
2007/09/26	12.61	12.63	12.03	12.08	2476763	81071032.00
2007/09/27	12.08	12.35	11.61	11.76	1918653	41408864.00
2007/09/28	11.76	12.25	11.33	12.20	4537493	98856488.00
2007/10/08	12.04	12.22	11.53	11.57	4520126	97313232.00
2007/10/09	11.20	12.44	11.17	12.40	17041382	361595104.00
2007/10/10	12.05	12.38	11.79	11.85	6210656	137450656.00
2007/10/11	11.89	11.89	11.27	11.37	5200780	109226288.00
2007/10/12	11.28	11.55	10.41	10.82	7105130	141064304.00
2007/10/15	10.84	11.01	10.15	10.36	7957294	150558816.00
2007/10/16	10.53	10.66	10.25	10.49	5845044	111636056.00
2007/10/17	10.56	11.16	10.49	10.91	7186195	143053680.00
2007/10/18	11.00	11.06	10.50	10.64	4159144	81478096.00
2007/10/19	10.61	10.74	10.20	10.50	4926638	93192752.00
2007/10/22	10.30	10.70	9.94	10.49	3836669	72245688.00
2007/10/23	10.45	10.47	9.92	10.33	3526003	65056712.00
2007/10/24	10.33	10.33	9.90	9.92	2305754	42274728.00
2007/10/25	9.88	9.88	8.99	8.99	4724778	78985280.00
2007/10/26	8.87	8.87	8.35	8.59	4616132	71508768.00
2007/10/29	8.68	8.86	8.37	8.64	3742141	57204980.00
2007/10/30	8.65	8.96	8.64	8.81	3005543	47738968.00
2007/10/31	8.89	9.63	8.81	9.63	6513853	110920368.00
2007/11/01	9.72	9.77	9.28	9.35	4501153	77412008.00
2007/11/02	9.26	9.32	8.84	8.84	4013158	64956300.00
2007/11/05	8.75	9.20	8.50	9.01	3010067	48779976.00
2007/11/06	9.04	9.42	9.01	9.30	2360732	39401032.00
2007/11/07	9.27	9.27	8.81	8.91	2442970	39623888.00
2007/11/08	8.86	8.91	8.45	8.47	2085025	32725808.00
2007/11/09	8.39	8.61	8.19	8.26	2469183	36846144.00
2007/11/12	8.09	8.25	7.50	7.76	3434307	47749520.00
2007/11/13	7.90	8.04	7.73	7.83	2883584	40472148.00
2007/11/14	7.92	8.24	7.92	8.18	2590259	37461240.00
2007/11/15	8.18	8.32	7.89	7.99	2371926	34674304.00
2007/11/16	7.93	8.19	7.73	8.16	2769181	39235880.00
2007/11/19	8.21	8.47	8.15	8.38	3117845	46772976.00
2007/11/20	8.45	8.73	8.33	8.60	5271167	81716200.00
2007/11/21	8.61	8.98	8.61	8.90	6800918	108803592.00
2007/11/22	8.70	8.99	8.23	8.29	2939214	45643380.00
2007/11/23	8.22	8.68	8.15	8.67	2087868	31659284.00
2007/11/26	8.81	9.06	8.69	8.89	5009383	80562648.00
2007/11/27	8.90	9.09	8.73	9.07	4282276	69711840.00
2007/11/28	9.07	9.10	8.74	8.84	2447713	39168464.00
2007/11/29	8.91	8.99	8.55	8.87	3140802	49537912.00
2007/11/30	8.84	9.01	8.73	8.93	2340298	37593932.00
2007/12/03	8.86	9.03	8.86	8.93	2667139	43175000.00
2007/12/04	9.03	9.05	8.76	8.98	2836822	45497904.00
2007/12/05	8.98	9.12	8.81	9.00	3618746	58676344.00
2007/12/06	9.12	9.29	8.95	9.07	4075001	67084056.00
2007/12/07	9.08	9.10	8.86	9.07	2763447	44876716.00
2007/12/10	8.96	9.57	8.81	9.46	9157952	153209536.00
2007/12/11	9.50	9.79	9.38	9.78	7105766	123353248.00
2007/12/12	9.67	10.01	9.48	9.84	6431013	114492464.00
2007/12/13	9.83	9.93	9.23	9.33	4554087	79833152.00
2007/12/14	9.25	9.38	9.07	9.34	3009014	50175544.00
2007/12/17	9.46	9.98	9.03	9.88	8765413	152129984.00
2007/12/18	9.78	9.97	9.49	9.56	3982660	70588536.00
2007/12/19	9.57	9.83	9.52	9.65	3114221	54573288.00
2007/12/20	9.63	9.93	9.53	9.75	3639459	64661292.00
2007/12/21	9.71	10.14	9.64	10.09	7768291	141638960.00
2007/12/24	10.22	10.27	9.99	10.09	7297056	134683648.00
2007/12/25	10.09	10.31	9.95	10.26	6986021	129421960.00
2007/12/26	10.27	10.62	10.25	10.59	9182522	176213520.00
2007/12/27	10.66	10.79	10.49	10.59	7412729	144022800.00
2007/12/28	10.61	10.71	10.25	10.28	5639090	107061040.00
2008/01/02	10.25	10.50	10.09	10.36	4745606	89469408.00
2008/01/03	10.38	10.64	10.27	10.58	6662852	128329200.00
2008/01/04	10.66	10.86	10.32	10.40	9393534	181115376.00
2008/01/07	10.39	10.39	10.15	10.24	7835822	146793952.00
2008/01/08	10.21	10.37	9.79	9.98	9057863	166754960.00
2008/01/09	9.97	10.24	9.88	10.16	5574685	102270968.00
2008/01/10	10.18	10.40	10.18	10.23	6002007	112626608.00
2008/01/11	10.23	10.32	9.88	9.99	7698810	139851152.00
2008/01/14	9.99	10.02	9.78	9.83	8991252	160960144.00
2008/01/15	9.84	10.16	9.84	10.03	8969339	164019536.00
2008/01/16	10.01	10.65	9.95	10.51	14212902	266206160.00
2008/01/17	10.48	10.68	10.04	10.60	15629059	298527264.00
2008/01/18	10.64	10.85	10.48	10.54	11941839	232105616.00
2008/01/21	10.58	10.89	10.45	10.73	20891574	410984896.00
2008/01/22	10.66	10.66	9.72	9.72	10326792	188316288.00
2008/01/23	9.38	10.09	8.82	9.72	13509461	230422496.00
2008/01/24	9.67	10.03	9.38	9.79	9956946	174863696.00
2008/01/25	9.79	9.79	9.39	9.46	8629619	148877536.00
2008/01/28	9.51	9.51	8.58	8.58	6941345	110277408.00
2008/01/29	8.36	8.66	8.07	8.31	5694339	84903296.00
2008/01/30	8.34	8.58	8.12	8.41	4788623	72327528.00
2008/01/31	8.42	8.43	7.84	7.96	4335015	63663020.00
2008/02/01	7.97	8.09	7.25	7.40	5915570	79279512.00
2008/02/04	7.58	8.08	7.58	8.08	4697235	65833216.00
2008/02/05	8.20	8.40	7.94	8.27	4270331	63396036.00
2008/02/13	8.20	8.43	8.04	8.28	2751786	40784332.00
2008/02/14	8.31	8.49	8.27	8.44	2115676	31975404.00
2008/02/15	8.35	8.42	8.09	8.21	2463678	36274340.00
2008/02/18	8.40	8.55	8.21	8.46	3833709	57708896.00
2008/02/19	8.49	8.61	8.35	8.58	4825916	73985456.00
2008/02/20	8.58	8.70	8.24	8.29	6348090	96770608.00
2008/02/21	8.15	8.28	7.89	8.11	5094291	73741016.00
2008/02/22	8.08	8.08	7.77	7.89	4255045	60270368.00
2008/02/25	7.99	8.08	7.74	7.82	2611312	36826720.00
2008/02/26	7.95	8.06	7.63	7.88	2542834	35495572.00
2008/02/27	7.93	8.08	7.84	7.99	2713478	38779136.00
2008/02/28	8.04	8.08	7.85	7.88	2995741	42484888.00
2008/02/29	7.88	8.18	7.85	8.18	8188927	117241296.00
2008/03/03	8.18	8.56	8.06	8.55	9132394	137964784.00
2008/03/04	8.60	8.80	8.43	8.44	8274178	128362024.00
2008/03/05	8.40	8.80	8.36	8.79	8515916	130870872.00
2008/03/06	8.79	8.92	8.64	8.77	5964563	94615968.00
2008/03/07	8.71	8.71	8.41	8.45	3614693	55411896.00
2008/03/10	8.44	8.44	7.89	8.12	5787165	83532144.00
2008/03/11	8.08	8.78	7.97	8.75	14163099	215089520.00
2008/03/12	8.79	9.15	8.63	8.65	13529710	217485904.00
2008/03/13	8.58	8.58	8.04	8.19	5666525	84516064.00
2008/03/14	8.13	8.45	8.04	8.26	3759592	56069388.00
2008/03/17	8.15	8.40	7.50	7.50	4271409	59826448.00
2008/03/18	7.32	7.58	6.82	6.82	4203564	52925640.00
2008/03/19	7.00	7.17	6.60	6.95	5888949	71774496.00
2008/03/20	6.81	7.21	6.43	7.07	5704769	68998864.00
2008/03/21	6.97	7.32	6.97	7.20	6210220	78841480.00
2008/03/24	7.45	7.72	7.32	7.37	8122740	108783696.00
2008/03/25	7.21	7.58	7.13	7.51	4336927	57301832.00
2008/03/26	7.51	7.63	7.37	7.42	4561586	60742128.00
2008/03/27	7.17	7.32	6.77	6.79	5833348	72435248.00
2008/03/28	6.70	7.11	6.55	7.05	4240529	51186840.00
2008/03/31	6.82	6.97	6.69	6.70	2841196	34059884.00
2008/04/01	6.66	6.77	6.09	6.09	5321340	58077088.00
2008/04/03	5.66	6.01	5.55	5.88	17067106	166136080.00
2008/04/07	5.73	6.41	5.69	6.41	15272151	162237040.00
2008/04/08	6.42	6.75	6.30	6.60	17650816	203574240.00
2008/04/09	6.50	6.94	6.44	6.60	17454550	204879136.00
2008/04/10	6.43	7.19	6.42	7.17	24307916	294813728.00
2008/04/14	6.81	7.04	6.51	6.51	15503645	182724880.00
2008/04/15	6.40	6.78	6.06	6.74	13197037	146125808.00
2008/04/16	6.56	6.66	6.24	6.26	8868976	100504376.00
2008/04/17	6.22	6.45	6.02	6.12	6205143	67556016.00
2008/04/18	5.95	6.34	5.88	6.01	6682257	71203352.00
2008/04/21	6.52	6.52	6.04	6.19	9846098	107923312.00
2008/04/22	6.04	6.45	5.94	6.40	9224251	100580760.00
2008/04/23	6.30	6.84	6.22	6.72	13121435	152630880.00
2008/04/24	7.25	7.32	6.99	7.30	27170250	346667456.00
2008/04/25	7.11	7.59	6.91	7.21	32677773	416617760.00
2008/04/28	6.99	7.40	6.97	7.19	11972844	152875792.00
2008/04/29	7.15	7.31	6.81	6.87	18005494	223967728.00
2008/04/30	6.94	7.16	6.87	7.10	17638740	218743744.00
2008/05/05	7.17	7.58	7.00	7.58	21482470	279943552.00
2008/05/06	7.48	7.57	7.29	7.33	15974740	210306032.00
2008/05/07	7.26	7.52	7.11	7.13	17155889	224033392.00
2008/05/08	7.04	7.32	6.97	7.31	11056902	139897472.00
2008/05/09	7.37	7.53	7.07	7.31	12158542	158322512.00
2008/05/12	7.12	7.56	7.06	7.54	15838906	205775648.00
2008/05/13	7.36	7.94	7.33	7.75	32689432	450135168.00
2008/05/14	7.73	7.89	7.63	7.81	16496946	228328112.00
2008/05/15	7.84	7.94	7.48	7.53	17133128	235682832.00
2008/05/16	7.52	7.62	7.20	7.31	13815803	181051856.00
2008/05/19	7.25	7.41	7.11	7.30	6502672	83619248.00
2008/05/20	7.27	7.38	6.64	6.64	13499671	165837376.00
2008/05/21	6.50	6.75	6.25	6.67	11947788	135250288.00
2008/05/22	6.57	6.70	6.40	6.44	7579602	86758272.00
2008/05/23	6.33	6.54	6.33	6.45	4993522	56364056.00
2008/05/26	6.41	6.45	6.27	6.28	5076288	56114120.00
2008/05/27	6.27	6.43	6.20	6.32	4890000	54017080.00
2008/05/28	6.37	6.52	6.30	6.48	5976450	67036448.00
2008/05/29	6.48	6.49	6.21	6.22	5234302	58232568.00
2008/05/30	6.23	6.29	5.97	6.10	6861789	73153888.00
2008/06/02	6.04	6.25	6.04	6.17	4005768	42836972.00
2008/06/03	6.19	6.27	6.04	6.26	4641492	49558604.00
2008/06/04	6.21	6.29	6.04	6.21	5553160	59405776.00
2008/06/05	6.20	6.22	6.07	6.12	4918206	52656328.00
2008/06/06	6.15	6.17	6.00	6.01	3251849	34309696.00
2008/06/10	5.80	5.80	5.48	5.48	5092869	49053132.00
2008/06/11	5.43	5.43	5.12	5.23	6277366	56361016.00
2008/06/12	5.22	5.27	5.02	5.21	5835290	33927888.00
2008/06/13	5.21	5.33	5.01	5.02	10797028	63088716.00
2008/06/16	5.05	5.13	4.72	4.76	9214086	50173440.00
2008/06/17	4.78	4.79	4.35	4.35	11093666	55760556.00
2008/06/18	4.28	4.63	4.27	4.60	17585411	87553648.00
2008/06/19	4.58	4.58	4.21	4.21	9966078	48034856.00
2008/06/20	4.21	4.42	3.98	4.23	15604563	72385064.00
2008/06/23	4.22	4.30	4.13	4.19	5130950	23724152.00
2008/06/24	4.21	4.31	4.11	4.30	8721693	40459148.00
2008/06/25	4.29	4.58	4.25	4.52	16044770	79094872.00
2008/06/26	4.51	4.70	4.45	4.58	15368601	78033704.00
2008/06/27	4.43	4.47	4.19	4.22	13687583	64994316.00
2008/06/30	4.21	4.28	4.09	4.19	6822146	31261344.00
2008/07/01	4.20	4.27	4.07	4.15	7893101	35930316.00
2008/07/02	4.15	4.26	4.10	4.17	6044782	27534294.00
2008/07/03	4.10	4.44	4.01	4.32	23968459	112199320.00
2008/07/04	4.28	4.35	4.11	4.28	15072843	69966856.00
2008/07/07	4.28	4.59	4.25	4.56	23740750	116577992.00
2008/07/08	4.58	4.77	4.44	4.74	24570609	125216704.00
2008/07/09	4.72	5.15	4.68	5.04	52087404	290852288.00
2008/07/10	4.94	5.08	4.84	4.85	29976108	167591232.00
2008/07/11	4.81	4.90	4.69	4.81	16161777	86009728.00
2008/07/14	4.75	4.93	4.71	4.85	12994048	70584512.00
2008/07/15	4.91	5.02	4.70	4.81	23652944	128977824.00
2008/07/16	4.74	4.80	4.42	4.52	15419553	78740360.00
2008/07/17	4.60	4.69	4.48	4.65	19533781	100055840.00
2008/07/18	4.68	4.81	4.51	4.75	20064093	104775864.00
2008/07/22	4.90	5.11	4.88	4.95	34967098	195991872.00
2008/07/23	5.01	5.25	4.98	5.15	46285071	267528768.00
2008/07/24	5.17	5.21	5.05	5.18	27691493	160907072.00
2008/07/25	5.12	5.21	5.02	5.10	16731148	96721776.00
2008/07/28	5.15	5.21	5.06	5.10	15138356	87780216.00
2008/07/29	5.02	5.03	4.90	4.92	14147653	78785352.00
2008/07/30	5.01	5.02	4.82	4.90	9611693	53335576.00
2008/07/31	4.92	5.11	4.62	4.99	33855542	184257456.00
2008/08/01	4.88	5.05	4.82	4.98	17361805	96341848.00
2008/08/04	4.95	4.95	4.75	4.77	8951692	48788960.00
2008/08/05	4.75	4.82	4.59	4.62	9842097	51525520.00
2008/08/06	4.67	4.71	4.50	4.58	9350195	47690368.00
2008/08/07	4.61	4.63	4.45	4.54	9735934	48801480.00
2008/08/08	4.56	4.61	4.16	4.18	11983105	57925808.00
2008/08/11	4.18	4.21	3.82	3.84	13823890	58869900.00
2008/08/12	3.82	3.88	3.71	3.83	9732942	39634524.00
2008/08/13	3.81	3.87	3.67	3.83	9517416	38330236.00
2008/08/14	3.78	3.87	3.77	3.83	6031774	24802108.00
2008/08/15	3.83	3.88	3.78	3.84	5936268	24474400.00
2008/08/18	3.84	3.86	3.55	3.60	7921113	31219388.00
2008/08/19	3.59	3.68	3.53	3.68	6208413	23930196.00
2008/08/20	3.67	3.97	3.59	3.95	19060698	79197832.00
2008/08/21	3.88	3.95	3.75	3.75	12605712	52038148.00
2008/08/22	3.74	3.78	3.63	3.71	6984348	27486272.00
2008/08/25	3.71	3.81	3.63	3.71	5005007	19955034.00
2008/08/26	3.67	3.70	3.51	3.56	7398668	28126944.00
2008/08/27	3.58	3.68	3.52	3.63	5082708	19382404.00
2008/08/28	3.63	3.68	3.60	3.65	3692721	14240936.00
2008/08/29	3.67	3.80	3.64	3.75	6981392	27733528.00
2008/09/01	3.73	3.73	3.61	3.69	5368188	20854784.00
2008/09/02	3.65	3.76	3.61	3.73	5455415	21539696.00
2008/09/03	3.74	3.78	3.65	3.75	5189451	20538608.00
2008/09/04	3.76	3.81	3.73	3.74	7625606	30747848.00
2008/09/05	3.63	3.71	3.56	3.58	6582642	25262488.00
2008/09/08	3.59	3.63	3.37	3.47	7422926	26973912.00
2008/09/09	3.44	3.49	3.41	3.46	4446330	16087309.00
2008/09/10	3.43	3.55	3.37	3.45	5639991	20487556.00
2008/09/11	3.45	3.47	3.36	3.38	4769191	16884012.00
2008/09/12	3.35	3.43	3.35	3.38	2954811	10480691.00
2008/09/16	3.38	3.41	3.32	3.34	4947308	17335600.00
2008/09/17	3.35	3.40	3.23	3.26	4406820	15154629.00
2008/09/18	3.21	3.22	3.00	3.15	10838871	34086312.00
2008/09/19	3.36	3.39	3.30	3.39	9106580	31953072.00
2008/09/22	3.56	3.65	3.36	3.48	25190408	92775504.00
2008/09/23	3.37	3.41	3.31	3.35	16312077	57119652.00
2008/09/24	3.25	3.31	3.19	3.31	12195599	40879268.00
2008/09/25	3.31	3.43	3.28	3.36	14761327	51350764.00
2008/09/26	3.39	3.39	3.22	3.35	13518279	46214680.00
2008/10/06	3.27	3.31	3.21	3.22	6762485	22822720.00
2008/10/07	3.13	3.23	3.11	3.18	5515472	17930792.00
2008/10/08	3.14	3.16	3.08	3.10	5280588	16829636.00
2008/10/09	3.15	3.16	3.04	3.05	6629605	20840780.00
2008/10/10	3.00	3.00	2.88	2.91	8264372	24151996.00
2008/10/13	2.89	2.96	2.83	2.95	7410331	21368032.00
2008/10/14	3.03	3.05	2.85	2.86	11284074	33616192.00
2008/10/15	2.82	2.87	2.81	2.85	5990639	16844172.00
2008/10/16	2.77	2.98	2.64	2.92	25410144	73318288.00
2008/10/17	2.89	2.95	2.85	2.88	13537370	39336716.00
2008/10/20	2.86	2.92	2.75	2.91	13677151	38498680.00
2008/10/21	2.91	2.93	2.84	2.86	12383529	35626668.00
2008/10/22	2.86	3.04	2.85	2.91	24485309	72669280.00
2008/10/23	2.82	2.88	2.79	2.87	15173320	42590008.00
2008/10/24	2.85	2.88	2.77	2.78	11323564	31519296.00
2008/10/27	2.72	2.73	2.58	2.58	12977324	33213766.00
2008/10/28	2.52	2.63	2.50	2.61	8509841	21089572.00
2008/10/29	2.64	2.74	2.58	2.58	13727853	35334376.00
2008/10/30	2.59	2.64	2.56	2.60	9176339	23106128.00
2008/10/31	2.61	2.63	2.58	2.59	5134838	12862763.00
2008/11/03	2.58	2.60	2.54	2.55	4196872	10380508.00
2008/11/04	2.54	2.58	2.48	2.51	4291349	10312084.00
2008/11/05	2.53	2.61	2.51	2.59	8367845	20778904.00
2008/11/06	2.55	2.58	2.53	2.54	4123939	10074848.00
2008/11/07	2.51	2.63	2.50	2.59	14930041	37138964.00
2008/11/10	2.63	2.78	2.61	2.75	20372505	53821588.00
2008/11/11	2.74	2.80	2.69	2.71	22972035	61916036.00
2008/11/12	2.68	2.78	2.67	2.77	12323934	32938536.00
2008/11/13	2.78	2.98	2.78	2.98	27086558	80105216.00
2008/11/14	3.09	3.15	2.99	3.08	65795456	204501248.00
2008/11/17	3.05	3.28	3.01	3.25	46214470	149566432.00
2008/11/18	3.21	3.25	2.99	2.99	42486898	134173824.00
2008/11/19	2.95	3.15	2.90	3.13	34168200	104505264.00
2008/11/20	3.04	3.15	3.01	3.06	25994234	81225200.00
2008/11/21	2.98	3.08	2.88	3.00	20786773	62238240.00
2008/11/24	3.00	3.04	2.86	2.87	14504892	43024220.00
2008/11/25	2.92	2.95	2.81	2.85	11673226	33354560.00
2008/11/26	2.85	2.91	2.82	2.87	8039639	22950724.00
2008/11/27	3.02	3.05	2.88	2.88	19353947	57743552.00
2008/11/28	2.88	2.89	2.80	2.84	9797879	27734920.00
2008/12/01	2.82	2.91	2.76	2.90	12707356	36068936.00
2008/12/02	2.84	3.01	2.82	3.01	22007722	64922804.00
2008/12/03	3.02	3.17	3.00	3.13	36287727	115187704.00
2008/12/04	3.16	3.20	3.06	3.08	38264606	122657888.00
2008/12/05	3.08	3.15	3.05	3.14	20783587	66063804.00
2008/12/08	3.18	3.33	3.17	3.31	40941680	136730544.00
2008/12/09	3.32	3.32	3.18	3.18	28075646	93553368.00
2008/12/10	3.18	3.24	3.12	3.22	22401751	73537824.00
2008/12/11	3.22	3.33	3.19	3.28	44842259	151883136.00
2008/12/12	3.26	3.28	3.08	3.12	32568214	106519152.00
2008/12/15	3.19	3.25	3.14	3.24	34485077	113054544.00
2008/12/16	3.25	3.25	3.11	3.23	24971082	81717712.00
2008/12/17	3.24	3.30	3.21	3.22	28391457	95427608.00
2008/12/18	3.23	3.24	3.15	3.21	23142220	76025264.00
2008/12/19	3.21	3.32	3.18	3.27	37247940	126012568.00
2008/12/22	3.26	3.28	3.18	3.24	21275804	70731592.00
2008/12/23	3.25	3.25	3.01	3.01	23674112	75614224.00
2008/12/24	2.98	3.04	2.95	2.98	15511731	46903256.00
2008/12/25	2.98	3.01	2.88	2.92	13747440	40628788.00
2008/12/26	2.94	2.97	2.90	2.93	7930690	23377638.00
2008/12/29	2.91	2.93	2.85	2.91	6203780	17921786.00
2008/12/30	2.92	2.95	2.86	2.88	6567692	19062160.00
2008/12/31	2.89	2.91	2.83	2.87	6424979	18372854.00
2011/10/10	4.48	4.51	4.44	4.45	1601155	7729641.00
2011/10/11	4.54	4.58	4.43	4.46	3108740	15203164.00
2011/10/12	4.45	4.63	4.43	4.60	4929484	24466472.00
2011/10/13	4.61	4.65	4.56	4.61	5669820	28462386.00
2011/10/14	4.59	4.62	4.54	4.58	3033893	15093026.00
2011/10/17	4.58	4.62	4.56	4.58	1962735	9804448.00
2011/10/18	4.54	4.57	4.44	4.45	3395702	16594027.00
2011/10/19	4.46	4.51	4.42	4.45	3282506	15840748.00
2011/10/20	4.48	4.48	4.30	4.31	5025188	23515252.00
2011/10/21	4.31	4.35	4.30	4.31	2024446	9417892.00
2011/10/24	4.33	4.40	4.28	4.37	3226939	15087257.00
2011/10/25	4.37	4.45	4.35	4.43	3960600	18888828.00
2011/10/26	4.42	4.48	4.40	4.42	5522571	26558088.00
2011/10/27	4.42	4.48	4.42	4.44	3633739	17522016.00
2011/10/28	4.48	4.56	4.48	4.54	6287745	30781498.00
2011/10/31	4.59	4.60	4.51	4.59	5138552	25463592.00
2011/11/01	4.55	4.59	4.52	4.56	5480512	27194972.00
2011/11/02	4.51	4.60	4.47	4.59	4984315	24569106.00
2011/11/03	4.59	4.67	4.58	4.61	22792514	114988000.00
2011/11/04	4.61	4.63	4.54	4.57	12264441	61079168.00
2011/11/07	4.57	4.60	4.51	4.55	7766376	38489320.00
2011/11/08	4.56	4.58	4.48	4.49	6311841	31031384.00
2011/11/09	4.50	4.54	4.48	4.53	4257867	20838064.00
2011/11/10	4.51	4.51	4.41	4.43	8108138	39192472.00
2011/11/11	4.45	4.46	4.41	4.44	4410416	21157142.00
2011/11/14	4.46	4.52	4.46	4.51	5576262	27222756.00
2011/11/15	4.51	4.58	4.51	4.57	6471566	32024652.00
2011/11/16	4.57	4.58	4.45	4.47	5693570	27839276.00
2011/11/17	4.46	4.48	4.42	4.44	5035271	24247356.00
2011/11/18	4.42	4.42	4.31	4.34	6013179	28222100.00
2011/11/21	4.34	4.35	4.31	4.35	2754302	12863058.00
2011/11/22	4.32	4.35	4.29	4.34	3980107	18503504.00
2011/11/23	4.34	4.35	4.28	4.31	7396773	34177240.00
2011/11/24	4.25	4.29	4.20	4.25	5049829	22948038.00
2011/11/25	4.25	4.31	4.24	4.26	3733502	17126016.00
2011/11/28	4.26	4.28	4.20	4.22	3571596	16181639.00
2011/11/29	4.25	4.29	4.25	4.29	4002118	18333826.00
2011/11/30	4.29	4.29	4.11	4.14	5601160	24975688.00
2011/12/01	4.22	4.25	4.17	4.20	7208567	32525408.00
2011/12/02	4.20	4.20	4.07	4.11	4967770	21752786.00
2011/12/05	4.11	4.11	4.01	4.01	3513130	15039224.00
2011/12/06	4.02	4.05	3.98	4.05	2827386	12028862.00
2011/12/07	4.04	4.05	3.99	4.04	2362798	10063697.00
2011/12/08	4.04	4.06	3.98	4.03	3266026	13874783.00
2011/12/09	4.01	4.06	4.00	4.05	2829674	12072083.00
2011/12/12	4.05	4.06	3.98	3.99	2331804	9899073.00
2011/12/13	3.98	4.00	3.82	3.83	4485219	18362640.00
2011/12/14	3.83	3.87	3.78	3.78	2846496	11381819.00
2011/12/15	3.78	3.78	3.66	3.67	4624291	17797748.00
2011/12/16	3.67	3.75	3.67	3.71	5711266	21957776.00
2011/12/19	3.71	3.71	3.59	3.67	5527856	20837604.00
2011/12/20	3.66	3.71	3.64	3.67	4076967	15539996.00
2011/12/21	3.69	3.71	3.58	3.58	4386029	16617101.00
2011/12/22	3.58	3.58	3.38	3.48	6406085	22763164.00
2011/12/23	3.48	3.60	3.46	3.55	9835112	35676332.00
2011/12/30	3.57	3.60	3.54	3.59	8997193	32993378.00
2012/01/04	3.61	3.64	3.50	3.52	5122887	18831704.00
2012/01/05	3.50	3.51	3.40	3.42	5497918	19422940.00
2012/01/06	3.42	3.45	3.38	3.43	4057768	14014516.00
2012/01/09	3.43	3.56	3.41	3.55	6631378	23705218.00
2012/01/10	3.56	3.68	3.53	3.67	12853639	48125068.00
2012/01/11	3.67	3.67	3.61	3.63	8339426	31293624.00
2012/01/12	3.62	3.66	3.60	3.62	6216454	23289040.00
2012/01/13	3.62	3.65	3.47	3.52	8383704	30666328.00
2012/01/16	3.50	3.52	3.45	3.46	3907181	13957709.00
2012/01/17	3.48	3.63	3.44	3.61	6781757	24787028.00
2012/01/18	3.62	3.66	3.55	3.57	7143782	26597236.00
2012/01/19	3.57	3.63	3.55	3.61	4071852	15097259.00
2012/01/20	3.63	3.67	3.61	3.66	6325841	23848844.00
2012/01/30	3.68	3.68	3.61	3.62	4032204	15214606.00
2012/01/31	3.60	3.63	3.58	3.61	3533024	13147290.00
2012/02/01	3.62	3.64	3.58	3.59	3634445	13503067.00
2012/02/02	3.60	3.68	3.58	3.68	5807954	21786592.00
2012/02/03	3.67	3.76	3.65	3.72	9939758	38102344.00
2012/02/06	3.73	3.95	3.72	3.87	25745391	103686568.00
2012/02/07	3.82	3.87	3.80	3.82	14277574	57220144.00
2012/02/08	3.81	3.87	3.78	3.87	10309007	41437832.00
2012/02/09	3.84	3.89	3.83	3.85	9678277	39201728.00
2012/02/10	3.88	4.01	3.88	3.93	21678620	90658960.00
2012/02/13	3.91	4.08	3.89	4.00	14972452	63575868.00
2012/02/14	4.00	4.15	3.98	4.14	22483739	97583792.00
2012/02/15	4.12	4.15	4.07	4.12	12518448	54822140.00
2012/02/16	4.11	4.26	4.09	4.16	19618238	87754656.00
2012/02/17	4.16	4.18	4.06	4.10	11881688	52053712.00
2012/02/20	4.16	4.17	4.04	4.05	11448981	49960464.00
2012/02/21	4.05	4.26	4.05	4.21	21478715	95761848.00
2012/02/22	4.18	4.39	4.18	4.34	20792072	96280592.00
2012/02/23	4.34	4.38	4.26	4.32	8166850	37739068.00
2012/02/24	4.30	4.41	4.30	4.35	15888275	74862520.00
2012/02/27	4.35	4.44	4.30	4.31	14794080	70177152.00
2012/02/28	4.30	4.35	4.21	4.30	10996168	50415792.00
2012/02/29	4.30	4.31	4.25	4.26	5311230	24320412.00
2012/03/01	4.26	4.35	4.21	4.27	9832305	45105840.00
2012/03/02	4.21	4.48	4.21	4.43	16966096	80268248.00
2012/03/05	4.43	4.50	4.39	4.44	10900377	52362200.00
2012/03/06	4.41	4.46	4.39	4.43	7906674	37861804.00
2012/03/07	4.38	4.56	4.36	4.47	14388813	70257600.00
2012/03/08	4.48	4.55	4.42	4.44	9878565	47979736.00
2012/03/09	4.44	4.47	4.41	4.45	6359475	30535202.00
2012/03/12	4.45	4.55	4.43	4.53	11586759	56768436.00
2012/03/13	4.53	4.55	4.44	4.52	5926768	28830488.00
2012/03/14	4.51	4.57	4.35	4.41	15773552	76501520.00
2012/03/15	4.40	4.45	4.21	4.30	12071279	56112140.00
2012/03/16	4.38	4.62	4.38	4.51	22213432	108582424.00
2012/03/19	4.54	4.63	4.48	4.54	19142225	94600936.00
2012/03/20	4.51	4.55	4.40	4.40	9275329	44867772.00
2012/03/21	4.41	4.48	4.31	4.43	9982233	47459812.00
2012/03/22	4.43	4.47	4.38	4.41	6516559	31170208.00
2012/03/23	4.38	4.41	4.24	4.32	5915963	27503916.00
2012/03/26	4.29	4.36	4.28	4.36	3886216	18042124.00
2012/03/27	4.36	4.38	4.32	4.36	3672172	17250624.00
2012/03/28	4.36	4.36	4.22	4.25	7039245	32446350.00
2012/03/29	4.29	4.29	4.17	4.18	6187758	27883340.00
2012/03/30	4.14	4.18	4.08	4.11	5840936	25544852.00
2012/04/05	4.11	4.22	4.10	4.21	8938395	39820748.00
2012/04/06	4.22	4.25	4.18	4.23	3582354	16179036.00
2012/04/09	4.24	4.25	4.17	4.17	3120385	14012008.00
2012/04/10	4.15	4.21	4.04	4.21	5641847	24751992.00
2012/04/11	4.17	4.25	4.15	4.21	3595705	16157987.00
2012/04/12	4.22	4.36	4.19	4.33	8254493	37788436.00
2012/04/13	4.35	4.45	4.35	4.41	8160286	38851828.00
2012/04/16	4.39	4.43	4.36	4.41	3755182	17818888.00
2012/04/17	4.41	4.45	4.38	4.40	5432510	25919530.00
2012/04/18	4.40	4.51	4.40	4.46	6925325	33463942.00
2012/04/19	4.48	4.52	4.45	4.47	5255148	25508356.00
2012/04/23	4.50	4.51	4.27	4.29	15240715	71628752.00
2012/04/24	4.25	4.35	4.18	4.29	6192323	28255570.00
2012/04/25	4.28	4.36	4.25	4.35	5095425	23679978.00
2012/04/26	4.35	4.42	4.34	4.35	6631450	31221584.00
2012/04/27	4.36	4.41	4.35	4.41	8390014	39612368.00
2012/05/02	4.47	4.58	4.41	4.58	14647601	71654008.00
2012/05/03	4.56	4.66	4.55	4.61	11717947	58920512.00
2012/05/04	4.60	4.68	4.51	4.61	9650345	48531316.00
2012/05/07	4.58	4.67	4.58	4.64	9593201	48514864.00
2012/05/08	4.63	4.73	4.61	4.71	14354287	72905464.00
2012/05/09	4.68	4.68	4.60	4.63	7426668	37552116.00
2012/05/10	4.61	4.78	4.61	4.76	13979150	72411296.00
2012/05/11	4.74	4.81	4.72	4.75	11232984	58610104.00
2012/05/14	4.77	4.78	4.64	4.65	7923444	40600288.00
2012/05/15	4.61	4.84	4.58	4.82	14850088	76919712.00
2012/05/16	4.81	4.91	4.68	4.69	12503929	66439936.00
2012/05/17	4.70	4.84	4.68	4.77	7745480	40423672.00
2012/05/18	4.73	4.79	4.67	4.71	5781149	29878770.00
2012/05/21	4.76	4.85	4.72	4.79	7285668	38392976.00
2012/05/22	4.81	4.95	4.79	4.94	13881230	74903744.00
2012/05/23	4.93	5.10	4.91	4.98	20316150	112983144.00
2012/05/24	4.91	5.08	4.89	4.90	9389402	51696796.00
2012/05/25	4.89	4.95	4.82	4.86	7732787	41527072.00
2012/05/28	4.86	4.88	4.71	4.88	7673239	40470556.00
2012/05/29	4.88	5.04	4.85	4.99	10912552	60093440.00
2012/05/30	4.99	5.02	4.91	4.98	6883176	37723832.00
2012/05/31	4.93	5.03	4.91	4.99	7231613	39762128.00
2012/06/01	4.99	5.13	4.98	5.08	9359533	52579576.00
2012/06/04	5.02	5.02	4.85	4.85	10200460	55772780.00
2012/06/06	4.95	4.98	4.58	4.63	25501089	131717256.00
2012/06/07	4.67	4.71	4.52	4.55	16354799	81897336.00
2012/06/08	4.58	4.59	4.38	4.42	13364503	64818940.00
2012/06/11	4.44	4.51	4.37	4.51	7271488	34963320.00
2012/06/12	4.62	4.88	4.57	4.80	34615661	180551360.00
2012/06/13	4.75	4.84	4.63	4.83	19822580	102689624.00
2012/06/14	4.80	4.80	4.61	4.63	16173075	82308080.00
2012/06/15	4.63	4.69	4.44	4.58	17146564	84083280.00
2012/06/18	4.57	4.61	4.53	4.59	8815362	43609492.00
2012/06/19	4.58	4.58	4.51	4.52	6922123	33801856.00
2012/06/20	4.53	4.56	4.48	4.48	5029250	24355724.00
2012/06/21	4.48	4.56	4.42	4.55	6181601	29668504.00
2012/06/25	4.48	4.57	4.46	4.47	3745621	18178062.00
2012/06/26	4.45	4.48	4.29	4.34	9404577	43885768.00
2012/06/27	4.33	4.45	4.32	4.38	7888118	36893004.00
2012/06/28	4.38	4.40	4.32	4.33	4063723	18907122.00
2012/06/29	4.31	4.44	4.31	4.42	5285681	24805160.00
2012/07/02	4.45	4.51	4.41	4.49	4422607	21184680.00
2012/07/03	4.50	4.51	4.45	4.48	5459552	26189148.00
2012/07/04	4.49	4.50	4.37	4.41	4189971	19913014.00
2012/07/05	4.40	4.40	4.31	4.32	4250831	19615724.00
2012/07/06	4.37	4.37	4.22	4.31	8886994	40202252.00
2012/07/09	4.30	4.31	4.14	4.15	6816886	30496544.00
2012/07/10	4.15	4.19	4.12	4.16	2670107	11691970.00
2012/07/11	4.16	4.20	4.13	4.18	4254381	18679210.00
2012/07/12	4.17	4.20	4.10	4.18	4891245	21393836.00
2012/07/13	4.18	4.20	4.15	4.17	3474600	15295186.00
2012/07/16	4.18	4.21	4.08	4.09	4244977	18592226.00
2012/07/17	4.08	4.09	3.97	4.01	7713907	32359108.00
2012/07/18	4.01	4.05	3.98	4.05	3510742	14749564.00
2012/07/19	4.05	4.18	4.03	4.14	6558997	28461764.00
2012/07/20	4.15	4.15	4.07	4.08	3712524	16002110.00
2012/07/23	4.06	4.08	4.00	4.06	2545400	10808257.00
2012/07/24	4.05	4.13	4.05	4.11	3140699	13566996.00
2012/07/25	4.09	4.19	4.08	4.11	3884569	16966158.00
2012/07/26	4.09	4.15	4.08	4.09	3445825	14941298.00
2012/07/27	4.12	4.13	4.08	4.10	2428963	10450320.00
2012/07/30	4.09	4.11	4.00	4.01	2775518	11759226.00
2012/07/31	4.01	4.02	3.96	3.98	2477807	10321800.00
2012/08/01	3.98	4.04	3.97	4.02	1662315	6986492.00
2012/08/02	4.04	4.04	3.98	4.00	1647537	6897167.00
2012/08/03	4.01	4.09	4.01	4.08	3208145	13674028.00
2012/08/06	4.07	4.19	4.06	4.18	4065495	17777680.00
2012/08/07	4.18	4.23	4.17	4.21	5011379	22343294.00
2012/08/08	4.22	4.22	4.15	4.19	3006714	13281120.00
2012/08/09	4.17	4.23	4.15	4.21	2924015	12961789.00
2012/08/10	4.21	4.24	4.18	4.21	3238877	14428667.00
2012/08/13	4.21	4.21	4.13	4.14	2717457	11905900.00
2012/08/14	4.14	4.18	4.10	4.17	1914813	8356269.00
2012/08/15	4.17	4.18	4.12	4.14	1415181	6182400.00
2012/08/16	4.13	4.15	4.11	4.11	1368633	5955765.00
2012/08/17	4.11	4.15	4.10	4.15	1210388	5257019.00
2012/08/20	4.14	4.25	4.11	4.25	3419512	15127106.00
2012/08/21	4.25	4.32	4.22	4.25	4301206	19509168.00
2012/08/22	4.25	4.31	4.24	4.29	4504213	20407520.00
2012/08/23	4.25	4.35	4.25	4.31	3915038	17957726.00
2012/08/24	4.32	4.34	4.26	4.30	3758123	17204920.00
2012/08/27	4.27	4.28	4.21	4.21	4616015	20753960.00
2012/08/28	4.21	4.25	4.18	4.22	2375349	10586227.00
2012/08/29	4.23	4.25	4.17	4.20	2979202	13243137.00
2012/08/30	4.17	4.21	4.05	4.08	3856192	16719296.00
2012/08/31	4.10	4.10	4.02	4.09	2805624	11969538.00
2012/09/03	4.09	4.15	4.05	4.15	1898811	8254060.00
2012/09/04	4.17	4.28	4.17	4.19	5476561	24465996.00
2012/09/05	4.19	4.25	4.17	4.23	2539312	11334556.00
2012/09/06	4.27	4.28	4.21	4.28	4052914	18247106.00
2012/09/07	4.31	4.42	4.31	4.37	9560306	44737420.00
2012/09/10	4.38	4.41	4.33	4.37	5842210	27193892.00
2012/09/11	4.35	4.35	4.31	4.33	3841745	17659184.00
2012/09/12	4.34	4.39	4.33	4.39	5212190	24239198.00
2012/09/13	4.40	4.49	4.35	4.36	7180977	34058424.00
2012/09/14	4.39	4.41	4.30	4.35	4293599	19960182.00
2012/09/17	4.35	4.38	4.20	4.21	4572607	20710166.00
2012/09/18	4.22	4.29	4.18	4.25	3730783	16779492.00
2012/09/19	4.26	4.29	4.22	4.28	2777399	12520513.00
2012/09/20	4.28	4.28	4.15	4.15	2643994	11727269.00
2012/09/21	4.13	4.18	4.11	4.12	2143877	9360843.00
2012/09/24	4.11	4.19	4.06	4.18	2490691	10869822.00
2012/09/25	4.16	4.18	4.11	4.12	2347476	10228028.00
2012/09/26	4.12	4.15	4.08	4.08	5315916	22888940.00
2012/09/27	4.08	4.26	4.07	4.21	6410870	28211568.00
2012/09/28	4.19	4.27	4.17	4.27	3172241	14187672.00
2012/10/08	4.25	4.28	4.21	4.21	1886854	8478698.00
2012/10/09	4.22	4.30	4.22	4.26	4854789	21981236.00
2012/10/10	4.26	4.31	4.24	4.30	4119767	18697900.00
2012/10/11	4.28	4.29	4.20	4.21	3195205	14396876.00
2012/10/12	4.22	4.25	4.19	4.23	2385010	10674878.00
2012/10/15	4.24	4.25	4.16	4.18	2829472	12509055.00
2012/10/16	4.19	4.24	4.15	4.20	3073269	13632945.00
2012/10/17	4.20	4.22	4.18	4.20	2022663	8981708.00
2012/10/18	4.21	4.31	4.18	4.29	4691125	21258704.00
2012/10/19	4.28	4.31	4.25	4.29	3515898	16031836.00
2012/10/22	4.26	4.30	4.25	4.29	2408747	10932526.00
2012/10/23	4.28	4.31	4.22	4.24	2357761	10694727.00
2012/10/24	4.21	4.28	4.21	4.28	2346028	10576149.00
2012/10/25	4.28	4.35	4.25	4.30	5476773	25036196.00
2012/10/26	4.30	4.33	4.23	4.28	3824272	17312910.00
2012/10/29	4.28	4.43	4.25	4.38	12013418	55800848.00
2012/10/30	4.38	4.44	4.35	4.43	8723095	41156328.00
2012/10/31	4.43	4.43	4.36	4.41	4839057	22732756.00
2012/11/01	4.41	4.48	4.39	4.45	6406915	30463456.00
2012/11/02	4.45	4.58	4.41	4.50	11969064	57906956.00
2012/11/05	4.48	4.51	4.39	4.42	6835472	32446974.00
2012/11/06	4.44	4.44	4.34	4.38	4954253	23131412.00
2012/11/07	4.40	4.43	4.35	4.40	3576584	16787656.00
2012/11/08	4.38	4.38	4.31	4.31	3517929	16264521.00
2012/11/09	4.31	4.36	4.30	4.34	2666710	12302903.00
2012/11/12	4.35	4.51	4.35	4.45	7990594	37998424.00
2012/11/13	4.45	4.55	4.38	4.40	10954409	52573012.00
2012/11/14	4.38	4.41	4.33	4.39	4180354	19480686.00
2012/11/15	4.38	4.51	4.35	4.41	7154242	33974804.00
2012/11/16	4.39	4.45	4.38	4.45	5757332	27153112.00
2012/11/19	4.46	4.53	4.42	4.51	12979739	62337892.00
2012/11/20	4.52	4.54	4.41	4.41	7557871	36092800.00
2012/11/21	4.40	4.43	4.31	4.43	7642350	35606504.00
2012/11/22	4.41	4.43	4.34	4.38	6009728	28156480.00
2012/11/23	4.38	4.41	4.34	4.37	5624972	26189254.00
2012/11/26	4.37	4.38	4.31	4.33	2526382	11678670.00
2012/11/27	4.31	4.34	4.20	4.31	7075879	31930904.00
2012/11/28	4.27	4.30	4.23	4.29	2482219	11221890.00
2012/11/29	4.30	4.31	4.16	4.22	4441857	19835920.00
2012/11/30	4.17	4.24	4.16	4.21	2837985	12627508.00
2012/12/03	4.21	4.22	4.10	4.15	3362094	14739710.00
2012/12/04	4.14	4.15	4.05	4.15	3091771	13292790.00
2012/12/05	4.13	4.28	4.11	4.25	5832560	26111064.00
2012/12/06	4.23	4.26	4.18	4.25	3986954	17831320.00
2012/12/07	4.26	4.41	4.24	4.36	11147204	51428092.00
2012/12/10	4.35	4.38	4.31	4.36	10781414	49941740.00
2012/12/11	4.34	4.35	4.28	4.29	5686450	26107388.00
2012/12/12	4.28	4.31	4.21	4.26	5157928	23309032.00
2012/12/13	4.25	4.26	4.16	4.18	5022610	22314612.00
2012/12/14	4.18	4.32	4.18	4.28	9988692	45434080.00
2012/12/17	4.28	4.35	4.28	4.30	12741780	58271800.00
2012/12/18	4.29	4.40	4.28	4.35	11691914	54061520.00
2012/12/19	4.35	4.38	4.31	4.35	8085388	37517224.00
2012/12/20	4.35	4.40	4.32	4.37	10585214	49282864.00
2012/12/21	4.38	4.41	4.31	4.34	8760174	40820832.00
2012/12/24	4.33	4.39	4.32	4.38	8999691	41795568.00
2012/12/25	4.37	4.48	4.35	4.45	16677538	78991232.00
2012/12/26	4.44	4.48	4.41	4.45	10818764	51464420.00
2012/12/27	4.45	4.51	4.42	4.45	9926296	47377108.00
2012/12/28	4.47	4.59	4.46	4.57	22374226	109214712.00
2012/12/31	4.57	4.61	4.53	4.57	13844931	68107136.00
2013/01/04	4.59	4.59	4.47	4.51	11424733	55507040.00
2013/01/07	4.49	4.55	4.47	4.55	8030595	38918880.00
2013/01/08	4.55	4.55	4.48	4.51	7938913	38412236.00
2013/01/09	4.49	4.68	4.48	4.65	22351433	110304416.00
2013/01/10	4.63	4.67	4.54	4.58	9723450	48329048.00
2013/01/11	4.59	4.61	4.40	4.44	14406450	69734208.00
2013/01/14	4.42	4.55	4.40	4.53	14893028	72079632.00
2013/01/15	4.53	4.62	4.49	4.58	13847451	68239296.00
2013/01/16	4.58	4.59	4.48	4.52	10873819	53070140.00
2013/01/17	4.51	4.52	4.46	4.48	7150874	34457816.00
2013/01/18	4.48	4.60	4.47	4.57	9620498	46811512.00
2013/01/21	4.58	4.61	4.54	4.58	10349353	50935544.00
2013/01/22	4.58	4.58	4.45	4.48	9446225	45774656.00
2013/01/23	4.48	4.49	4.40	4.45	8537310	40621664.00
2013/01/24	4.45	4.50	4.34	4.38	11362950	54010508.00
2013/01/25	4.38	4.40	4.32	4.35	6529510	30364824.00
2013/01/28	4.36	4.45	4.35	4.45	10495162	49557860.00
2013/01/29	4.45	4.64	4.45	4.58	26029836	128075120.00
2013/01/30	4.58	4.62	4.52	4.57	12695985	62438392.00
2013/01/31	4.58	4.58	4.50	4.56	11269764	54924692.00
2013/02/01	4.74	4.90	4.65	4.76	34779513	180702960.00
2013/02/04	4.75	4.84	4.73	4.80	18095665	94063568.00
2013/02/05	4.78	4.79	4.71	4.75	12883165	66371248.00
2013/02/06	4.75	4.79	4.72	4.75	9214694	47456740.00
2013/02/07	4.73	4.75	4.67	4.69	9995857	50779580.00
2013/02/08	4.71	4.79	4.67	4.77	10575456	54607796.00
2013/02/18	4.78	4.90	4.76	4.84	13939649	73527936.00
2013/02/19	4.84	4.95	4.80	4.88	22898741	122420488.00
2013/02/20	4.88	5.01	4.85	4.98	17590593	95467856.00
2013/02/21	4.97	4.97	4.82	4.88	15878294	84931360.00
2013/02/22	4.88	4.92	4.76	4.78	10109684	53310272.00
2013/02/25	4.78	4.85	4.75	4.85	10667579	55742812.00
2013/02/26	4.88	5.11	4.86	4.94	22503146	123210912.00
2013/02/27	4.96	5.11	4.88	4.99	19743521	108755144.00
2013/02/28	5.02	5.06	4.95	5.03	16338272	89685768.00
2013/03/01	5.03	5.13	5.01	5.11	24422437	136843024.00
2013/03/04	5.07	5.07	4.86	4.91	18975000	102575952.00
2013/03/05	4.91	4.98	4.89	4.98	12387736	66746116.00
2013/03/06	4.99	5.00	4.91	4.95	13177917	71280096.00
2013/03/07	4.95	4.96	4.88	4.92	9584522	51465832.00
2013/03/08	4.94	5.09	4.91	4.91	14187461	77590400.00
2013/03/11	4.91	5.03	4.83	4.99	17794847	96950680.00
2013/03/12	5.01	5.05	4.88	4.95	16117866	87516160.00
2013/03/13	4.94	4.95	4.81	4.82	7896476	41861588.00
2013/03/14	4.82	4.88	4.81	4.85	3965066	20904428.00
2013/03/15	4.84	4.95	4.71	4.86	17050348	89757320.00
2013/03/18	4.89	4.98	4.86	4.95	18386425	99562360.00
2013/03/19	4.90	5.01	4.89	4.95	10465382	56606272.00
2013/03/20	4.91	5.01	4.90	5.00	12429533	67819968.00
2013/03/21	5.02	5.09	4.98	5.02	15612743	86428552.00
2013/03/22	5.02	5.23	4.98	5.12	40666350	229722464.00
2013/03/25	5.14	5.25	5.11	5.15	16878228	96409192.00
2013/03/26	5.13	5.23	5.05	5.14	17852205	101240560.00
2013/03/27	5.13	5.21	5.08	5.10	12382357	69954672.00
2013/03/28	5.08	5.08	4.91	4.93	15698611	85746544.00
2013/03/29	4.91	5.09	4.86	5.06	17088796	92742808.00
2013/04/01	5.06	5.25	5.01	5.18	14814164	84307680.00
2013/04/02	5.18	5.21	5.05	5.13	10715638	60270088.00
2013/04/03	5.12	5.18	5.05	5.17	8989619	50849420.00
2013/04/08	5.17	5.35	5.11	5.31	27516726	159670240.00
2013/04/09	5.29	5.35	5.25	5.31	13801692	81001256.00
2013/04/10	5.31	5.34	5.23	5.26	12120648	70579904.00
2013/04/11	5.17	5.17	4.88	4.90	42202440	229809424.00
2013/04/12	4.94	4.95	4.86	4.88	13085433	70158264.00
2013/04/15	4.85	4.86	4.73	4.78	12582903	65474464.00
2013/04/16	4.72	4.85	4.72	4.83	8810752	45942264.00
2013/04/17	4.82	4.85	4.75	4.78	9405076	49061336.00
2013/04/18	4.75	4.79	4.70	4.72	10884576	55919528.00
2013/04/19	4.74	4.84	4.72	4.81	14342869	74961176.00
2013/04/22	4.80	4.85	4.78	4.79	9672659	50551376.00
2013/04/23	4.80	4.85	4.61	4.63	17961154	90943440.00
2013/04/24	4.63	4.71	4.61	4.71	10271992	51736456.00
2013/04/25	4.69	4.69	4.55	4.57	12443331	62180316.00
2013/04/26	4.57	4.68	4.55	4.68	12547089	62702856.00
2013/05/02	4.68	4.78	4.65	4.78	12006197	61528880.00
2013/05/03	4.78	4.81	4.74	4.78	12927174	67183680.00
2013/05/06	4.82	4.85	4.80	4.81	17644259	92659168.00
2013/05/07	4.81	4.83	4.75	4.79	9326640	48568336.00
2013/05/08	4.80	4.82	4.77	4.78	8591021	44759792.00
2013/05/09	4.81	4.81	4.67	4.75	11757689	60267560.00
2013/05/10	4.72	4.78	4.69	4.77	6492710	33461264.00
2013/05/13	4.78	4.88	4.74	4.87	16026758	84303952.00
2013/05/14	4.86	4.88	4.78	4.81	8312109	43636400.00
2013/05/15	4.80	4.88	4.80	4.82	9382544	49459916.00
2013/05/16	4.85	4.86	4.78	4.83	15194013	79726488.00
2013/05/17	4.83	4.90	4.79	4.88	13685931	72553712.00
2013/05/20	4.90	4.92	4.85	4.91	15678883	83573296.00
2013/05/21	4.91	5.01	4.86	4.96	18260691	98362232.00
2013/05/22	4.96	4.99	4.91	4.94	9441713	51100368.00
2013/05/23	4.96	5.05	4.89	4.92	18794719	101180744.00
2013/05/24	4.95	5.07	4.95	5.01	13911686	75115520.00
2013/05/27	4.98	5.06	4.97	5.02	11319309	61389440.00
2013/05/28	5.02	5.05	4.96	5.00	12631945	68163232.00
2013/05/29	5.00	5.04	4.96	4.98	10992733	59252564.00
2013/05/30	4.96	4.98	4.91	4.95	13422044	71348224.00
2013/05/31	4.95	5.11	4.93	5.06	30376617	165878032.00
2013/06/03	5.07	5.26	5.07	5.22	28639170	162109088.00
2013/06/04	5.22	5.25	5.08	5.15	19172005	107484688.00
2013/06/05	5.13	5.21	5.11	5.18	11615697	65325496.00
2013/06/06	5.19	5.21	5.01	5.05	11353574	62992152.00
2013/06/07	5.05	5.05	4.83	4.93	16706221	88397072.00
2013/06/13	4.85	4.86	4.71	4.82	11458472	58764280.00
2013/06/14	4.82	4.91	4.81	4.88	6558249	34213592.00
2013/06/17	4.88	4.91	4.75	4.76	10417177	53364936.00
2013/06/18	4.78	4.83	4.77	4.79	4898592	25208812.00
2013/06/19	4.80	4.85	4.71	4.81	4646146	23727682.00
2013/06/20	4.79	4.80	4.69	4.71	5919246	29859752.00
2013/06/21	4.65	4.71	4.58	4.68	8037966	39766812.00
2013/06/24	4.68	4.69	4.34	4.39	12383636	59586380.00
2013/06/25	4.38	4.42	4.05	4.28	14308404	62794512.00
2013/06/26	4.29	4.30	4.12	4.24	11503996	50332096.00
2013/06/27	4.25	4.29	4.15	4.16	8637655	38063320.00
2013/06/28	4.15	4.28	4.12	4.22	7049189	30975564.00
2013/07/01	4.23	4.27	4.16	4.25	5690952	24976290.00
2013/07/02	4.26	4.29	4.18	4.28	8380079	36930856.00
2013/07/03	4.23	4.35	4.23	4.32	17289544	77743064.00
2013/07/04	4.29	4.35	4.23	4.31	10485477	47001112.00
2013/07/05	4.29	4.34	4.28	4.31	7261550	32736482.00
2013/07/08	4.26	4.26	4.04	4.08	8783917	37784592.00
2013/07/09	4.09	4.15	4.06	4.13	4017460	16971910.00
2013/07/10	4.15	4.25	4.11	4.24	5352246	23244496.00
2013/07/11	4.25	4.41	4.23	4.35	8993824	40713248.00
2013/07/12	4.37	4.38	4.24	4.25	6894143	30913250.00
2013/07/15	4.26	4.31	4.24	4.29	10183096	45372028.00
2013/07/16	4.28	4.28	4.21	4.28	6437295	28504922.00
2013/07/17	4.27	4.31	4.25	4.25	7491577	33416832.00
2013/07/18	4.26	4.26	4.15	4.18	6465502	28079780.00
2013/07/19	4.17	4.29	4.17	4.19	8968843	39442532.00
2013/07/22	4.17	4.21	4.11	4.17	7844003	33677872.00
2013/07/23	4.17	4.29	4.16	4.28	9740814	43012372.00
2013/07/24	4.27	4.29	4.18	4.27	7912222	34960932.00
2013/07/25	4.25	4.28	4.15	4.18	5510869	24275568.00
2013/07/26	4.18	4.19	4.12	4.14	4656791	20032204.00
2013/07/29	4.13	4.14	4.08	4.13	4141513	17603216.00
2013/07/30	4.10	4.15	4.06	4.08	8407823	35494440.00
2013/07/31	4.09	4.19	4.09	4.13	7388107	31767276.00
2013/08/01	4.12	4.21	4.12	4.20	5768905	25027900.00
2013/08/02	4.20	4.25	4.16	4.18	8683813	37847988.00
2013/08/05	4.18	4.36	4.18	4.32	12009156	53639032.00
2013/08/06	4.31	4.42	4.28	4.41	11499725	52419448.00
2013/08/07	4.38	4.41	4.34	4.35	7887112	36134304.00
2013/08/08	4.35	4.38	4.28	4.30	8407415	37987552.00
2013/08/09	4.30	4.38	4.29	4.37	4977878	22601464.00
2013/08/12	4.38	4.50	4.33	4.48	11818435	55172840.00
2013/08/13	4.46	4.61	4.42	4.60	15379116	73591704.00
2013/08/14	4.61	4.66	4.51	4.52	13610746	65803136.00
2013/08/15	4.56	4.61	4.50	4.50	10564995	50971324.00
2013/08/16	4.48	4.55	4.42	4.45	12433080	58683264.00
2013/08/19	4.44	4.51	4.43	4.49	6460185	30457692.00
2013/08/20	4.49	4.50	4.42	4.44	7732492	36383576.00
2013/08/21	4.47	4.48	4.38	4.44	12333786	57356836.00
2013/08/22	4.42	4.47	4.38	4.41	8362995	38914376.00
2013/08/23	4.41	4.48	4.36	4.42	9293557	43223544.00
2013/08/26	4.42	4.49	4.40	4.48	8116819	38145552.00
2013/08/27	4.47	4.53	4.45	4.51	9381602	44395000.00
2013/08/28	4.49	4.49	4.43	4.45	10681761	50116992.00
2013/08/29	4.45	4.47	4.40	4.44	8221756	38271336.00
2013/08/30	4.45	4.46	4.35	4.38	11220265	52053768.00
2013/09/02	4.40	4.52	4.36	4.50	20579837	97144144.00
2013/09/03	4.50	4.65	4.48	4.58	24882503	121272088.00
2013/09/04	4.59	4.75	4.58	4.61	17279991	85611888.00
2013/09/05	4.61	4.88	4.57	4.80	32858369	166821520.00
2013/09/06	4.74	4.83	4.70	4.75	20933739	106107008.00
2013/09/09	4.75	4.92	4.75	4.81	24815040	129043816.00
2013/09/10	4.82	4.87	4.75	4.83	16944416	87042736.00
2013/09/11	4.81	4.84	4.72	4.75	20856112	106267464.00
2013/09/12	4.75	4.81	4.71	4.75	10698869	54523592.00
2013/09/13	4.72	4.81	4.72	4.78	12293428	62804696.00
2013/09/16	4.78	4.84	4.74	4.82	10885767	55793364.00
2013/09/17	4.81	4.87	4.75	4.78	15403552	79327832.00
2013/09/18	4.78	4.80	4.73	4.79	9685395	49299460.00
2013/09/23	4.81	4.94	4.78	4.92	20020499	104741520.00
2013/09/24	4.90	5.03	4.89	4.98	21924608	117347752.00
2013/09/25	5.00	5.06	4.88	4.89	16840224	90331224.00
2013/09/26	4.88	4.96	4.83	4.87	14744697	77656168.00
2013/09/27	4.85	4.91	4.82	4.88	8520723	44472456.00
2013/09/30	4.88	4.92	4.84	4.91	7748091	40674236.00
2013/10/08	4.92	4.96	4.85	4.91	12050908	63743392.00
2013/10/09	4.91	4.91	4.83	4.89	12280068	64242576.00
2013/10/10	4.90	5.23	4.89	5.20	43824608	244234880.00
2013/10/11	5.63	5.63	5.33	5.45	77172427	463837792.00
2013/10/14	5.40	5.51	5.26	5.43	43610554	258174768.00
2013/10/15	5.39	5.51	5.34	5.36	31576092	187601520.00
2013/10/16	5.33	5.41	5.20	5.24	22345278	128628688.00
2013/10/17	5.28	5.34	5.11	5.20	26093053	149378496.00
2013/10/18	5.21	5.24	5.11	5.18	17264485	97204872.00
2013/10/21	5.18	5.43	5.18	5.38	29251430	171342960.00
2013/10/22	5.39	5.40	5.27	5.34	18592632	108023872.00
2013/10/23	5.33	5.37	5.08	5.15	20825532	117856520.00
2013/10/24	5.14	5.15	4.98	5.05	18341168	99989680.00
2013/10/25	5.05	5.08	5.00	5.07	11712051	63982776.00
2013/10/28	5.07	5.11	5.01	5.05	8334750	45631728.00
2013/10/29	5.06	5.07	4.78	4.98	19211042	101692752.00
2013/10/30	4.98	5.03	4.91	5.00	16193239	87132240.00
2013/10/31	5.00	5.06	4.95	4.99	11251928	60927440.00
2013/11/01	4.96	5.01	4.91	4.97	10010061	53563784.00
2013/11/04	4.98	5.08	4.96	5.04	8879712	48362032.00
2013/11/05	5.02	5.16	4.97	5.13	15300352	84647816.00
2013/11/06	5.11	5.15	5.05	5.05	7714689	42665464.00
2013/11/07	5.04	5.05	4.95	5.00	11967075	64546392.00
2013/11/08	5.00	5.01	4.89	4.96	11039645	58768752.00
2013/11/11	4.97	5.01	4.89	4.98	4928207	26225280.00
2013/11/12	4.97	5.01	4.93	4.98	8187227	43777644.00
2013/11/13	4.95	4.98	4.90	4.90	6919403	36860020.00
2013/11/14	4.89	4.94	4.85	4.91	5210222	27487574.00
2013/11/15	4.91	5.04	4.91	4.98	7234203	38986832.00
2013/11/18	5.02	5.11	4.97	5.09	16202082	88100232.00
2013/11/19	5.11	5.11	5.01	5.02	10334601	56216412.00
2013/11/20	5.02	5.05	4.99	5.05	9625393	52294160.00
2013/11/21	5.04	5.05	4.92	5.01	13773066	74075488.00
2013/11/22	5.01	5.01	4.92	4.96	10698126	57204052.00
2013/11/25	4.95	5.01	4.93	4.95	7730108	41405880.00
2013/11/26	5.01	5.29	5.01	5.24	47861418	270029824.00
2013/11/27	5.19	5.35	5.17	5.28	40492146	233794640.00
2013/11/28	5.31	5.31	5.21	5.24	26338862	150931072.00
2013/11/29	5.22	5.27	5.20	5.25	14079028	80410600.00
2013/12/02	5.16	5.18	5.01	5.11	23432693	129810736.00
2013/12/03	5.10	5.17	5.08	5.15	14855816	82800872.00
2013/12/04	5.17	5.28	5.12	5.23	24129214	137705712.00
2013/12/05	5.23	5.26	5.21	5.21	12610006	71829792.00
2013/12/06	5.21	5.30	5.19	5.28	16741197	95607984.00
2013/12/09	5.31	5.51	5.30	5.36	35594599	211016112.00
2013/12/10	5.38	5.48	5.28	5.32	23131009	136938544.00
2013/12/11	5.35	5.40	5.20	5.33	19888788	115319944.00
2013/12/12	5.31	5.40	5.29	5.33	11984713	70012536.00
2013/12/13	5.34	5.35	5.28	5.34	10442841	60727992.00
2013/12/16	5.35	5.35	5.23	5.24	11057676	63604092.00
2013/12/17	5.30	5.32	5.16	5.18	11315490	64290452.00
2013/12/18	5.15	5.24	5.11	5.21	11315504	63907840.00
2013/12/19	5.23	5.28	5.14	5.15	6961928	39311848.00
2013/12/20	5.15	5.18	5.08	5.10	8053313	44681028.00
2013/12/23	5.08	5.12	4.94	5.05	8242188	44816308.00
2013/12/24	5.06	5.17	5.00	5.16	14377497	79351656.00
2013/12/25	5.11	5.24	5.09	5.21	12084205	68007312.00
2013/12/26	5.21	5.22	5.11	5.14	7027959	39391296.00
2013/12/27	5.14	5.21	5.12	5.19	12952410	72804576.00
2013/12/30	5.21	5.30	5.13	5.24	12369995	70280144.00
2013/12/31	5.22	5.26	5.18	5.25	11664656	66489436.00
2014/01/02	5.25	5.36	5.22	5.34	16137047	93492032.00
2014/01/03	5.32	5.37	5.27	5.32	8929079	51751168.00
2014/01/06	5.31	5.31	5.13	5.15	9760429	55524324.00
2014/01/07	5.11	5.21	5.04	5.09	9921052	54839416.00
2014/01/08	5.11	5.41	5.11	5.35	35875418	208398096.00
2014/01/09	5.35	5.44	5.27	5.31	17384461	101793568.00
2014/01/10	5.29	5.34	5.19	5.29	8971352	51478468.00
2014/01/13	5.28	5.31	5.12	5.16	10803915	61396840.00
2014/01/14	5.15	5.24	5.11	5.21	14467705	81669752.00
2014/01/15	5.21	5.23	5.14	5.18	9198038	51843172.00
2014/01/16	5.15	5.32	5.15	5.30	15746923	90095048.00
2014/01/17	5.28	5.38	5.19	5.32	18405680	106777568.00
2014/01/20	5.29	5.41	5.25	5.38	23004835	134824128.00
2014/01/21	5.37	5.46	5.34	5.38	16727454	99068400.00
2014/01/22	5.40	5.48	5.37	5.46	21807404	130572072.00
2014/01/23	5.46	5.50	5.40	5.45	15850792	94730696.00
2014/01/24	5.41	5.53	5.39	5.51	23226454	140107152.00
2014/01/27	5.49	5.61	5.46	5.49	20830475	127488976.00
2014/01/28	5.48	5.70	5.48	5.68	35317604	220167664.00
2014/01/29	5.65	5.95	5.61	5.86	48933596	317529472.00
2014/01/30	5.92	6.04	5.81	5.87	26807135	176517984.00
2014/02/07	5.81	6.06	5.78	6.01	26310321	174562816.00
2014/02/10	6.04	6.04	5.89	5.94	39953864	265228800.00
2014/02/11	5.92	5.98	5.65	5.70	59162423	378655232.00
2014/02/12	5.70	6.18	5.68	6.15	71254027	473489888.00
2014/02/13	6.13	6.24	5.96	5.98	81713932	554901504.00
2014/02/14	5.97	6.08	5.90	5.97	50506566	337686592.00
2014/02/17	5.97	6.01	5.85	5.88	67937589	447556128.00
2014/02/26	5.41	5.68	5.29	5.41	66429177	365281728.00
2014/02/27	5.46	5.70	5.32	5.53	33312374	188248160.00
2014/02/28	5.51	5.88	5.48	5.71	31978719	185060144.00
2014/03/03	5.68	5.89	5.65	5.71	22190935	130398880.00
2014/03/04	5.72	5.75	5.54	5.56	20034259	113853944.00
2014/03/05	5.51	5.80	5.46	5.67	50794533	290028928.00
2014/03/06	5.63	5.70	5.52	5.67	20311526	115743544.00
2014/03/07	5.66	5.72	5.54	5.62	19374661	110470472.00
2014/03/10	5.61	5.61	5.24	5.29	24702164	135576720.00
2014/03/11	5.29	5.38	5.14	5.22	18312489	97726344.00
2014/03/12	5.18	5.23	4.89	4.99	29177017	149055520.00
2014/03/13	5.00	5.07	4.89	4.99	28851047	145475664.00
2014/03/14	4.96	5.04	4.94	4.98	12400266	62838784.00
2014/03/17	4.98	5.06	4.92	5.04	19734253	100269264.00
2014/03/18	5.05	5.35	5.01	5.28	31067321	164822208.00
2014/03/19	5.28	5.28	5.18	5.27	13942741	74018472.00
2014/03/20	5.28	5.42	5.24	5.28	22517012	121724672.00
2014/03/21	5.25	5.40	5.16	5.39	34158850	183531536.00
2014/03/24	5.39	5.40	5.29	5.33	19843808	107336808.00
2014/03/25	5.33	5.35	5.24	5.28	18188609	97735008.00
2014/03/26	5.29	5.31	5.13	5.21	21293536	112641256.00
2014/03/27	5.20	5.46	5.18	5.34	41066813	222820336.00
2014/03/28	5.35	5.39	4.96	5.00	49368333	257341360.00
2014/03/31	4.99	5.07	4.91	4.96	15422966	78155664.00
2014/04/01	4.98	5.07	4.93	5.06	16343949	82709760.00
2014/04/02	5.06	5.06	4.95	5.00	18948136	96006224.00
2014/04/03	5.00	5.03	4.96	5.01	10154530	51547604.00
2014/04/04	5.04	5.23	5.00	5.20	27253052	142264208.00
2014/04/08	5.20	5.27	5.16	5.26	17735185	94213152.00
2014/04/09	5.25	5.29	5.20	5.23	13874349	73726088.00
2014/04/10	5.25	5.35	5.24	5.24	24689602	132595776.00
2014/04/11	5.22	5.29	5.20	5.23	10033151	53351392.00
2014/04/14	5.23	5.25	5.17	5.21	9858641	52176016.00
2014/04/15	5.21	5.23	5.06	5.08	16994672	88536808.00
2014/04/16	5.07	5.14	5.05	5.11	12696781	65667892.00
2014/04/17	5.10	5.18	5.10	5.16	9855468	51570148.00
2014/04/18	5.14	5.55	5.13	5.45	38542294	209078848.00
2014/04/21	5.42	5.50	5.29	5.35	23329558	127921952.00
2014/04/22	5.39	5.46	5.28	5.42	20220070	110209544.00
2014/04/23	5.40	5.50	5.33	5.40	13120067	72286624.00
2014/04/24	5.40	5.47	5.32	5.33	13638951	74638440.00
2014/04/25	5.32	5.36	5.09	5.10	15654165	83188480.00
2014/04/28	5.08	5.21	4.96	5.09	17669401	91358000.00
2014/04/29	5.08	5.22	5.07	5.21	10985426	57460536.00
2014/04/30	5.25	5.36	5.20	5.25	17752779	94777784.00
2014/05/05	5.25	5.35	5.25	5.35	12871204	69356544.00
2014/05/06	5.34	5.40	5.30	5.35	14010589	75862792.00
2014/05/07	5.35	5.35	5.15	5.18	11250158	60074072.00
2014/05/08	5.19	5.23	5.12	5.13	12656627	66444768.00
2014/05/09	5.17	5.17	4.95	5.02	24862915	126563432.00
2014/05/12	5.07	5.16	5.03	5.14	16237365	84131304.00
2014/05/13	5.11	5.17	5.04	5.10	12283923	63560504.00
2014/05/14	5.10	5.11	5.02	5.04	10852317	55757584.00
2014/05/15	5.05	5.06	4.96	4.96	11927705	60484264.00
2014/05/16	4.96	5.02	4.91	5.00	12792337	64325800.00
2014/05/19	4.98	4.98	4.83	4.85	14513716	72165712.00
2014/05/20	4.88	4.95	4.83	4.86	9763661	48417236.00
2014/05/21	4.86	4.93	4.83	4.92	9868217	49108248.00
2014/05/22	4.92	4.99	4.90	4.92	8087415	40730816.00
2014/05/23	4.92	4.95	4.91	4.94	5442344	27257152.00
2014/05/26	4.95	4.97	4.91	4.94	8695783	43581248.00
2014/05/27	4.92	4.96	4.89	4.92	7807578	39051256.00
2014/05/28	4.91	5.03	4.85	5.02	22461292	112545272.00
2014/05/29	5.00	5.05	4.93	4.94	9841067	49887260.00
2014/05/30	4.94	4.96	4.81	4.83	19524432	96401152.00
2014/06/03	4.84	4.86	4.70	4.72	14310500	69756160.00
2014/06/04	4.74	4.75	4.61	4.71	18855433	89536776.00
2014/06/05	4.69	4.76	4.65	4.74	7847533	37561488.00
2014/06/06	4.74	4.74	4.68	4.68	9678676	46299396.00
2014/06/09	4.68	4.77	4.64	4.68	7627033	36507208.00
2014/06/10	4.70	4.76	4.68	4.73	9317533	44828528.00
2014/06/11	4.75	4.77	4.71	4.76	8209348	39575940.00
2014/06/12	4.74	4.84	4.72	4.80	10428349	50802344.00
2014/06/13	4.80	4.88	4.78	4.88	12696100	62475720.00
2014/06/16	4.88	4.91	4.85	4.88	7277091	36112812.00
2014/06/17	4.87	4.89	4.85	4.86	7183334	35586616.00
2014/06/18	4.88	4.89	4.77	4.82	8831473	43251572.00
2014/06/19	4.81	4.81	4.62	4.66	9333778	44703724.00
2014/06/20	4.70	4.70	4.53	4.64	12933305	59282540.00
2014/06/23	4.62	4.68	4.59	4.66	11081529	51445764.00
2014/06/24	4.66	4.77	4.60	4.74	11607434	54455292.00
2014/06/25	4.69	4.70	4.56	4.64	13954876	64675992.00
2014/06/26	4.63	4.73	4.63	4.71	13918114	65125444.00
2014/06/27	4.71	4.80	4.66	4.79	11916518	56449604.00
2014/06/30	4.76	4.92	4.76	4.88	20332496	99127520.00
2014/07/01	4.87	4.95	4.86	4.92	11790977	57947048.00
2014/07/02	4.94	4.94	4.86	4.90	13948875	68108368.00
2014/07/03	4.90	5.03	4.86	5.01	21466159	106770832.00
2014/07/04	5.02	5.18	5.01	5.13	30639690	156851840.00
2014/10/15	5.64	5.64	5.64	5.64	1232659	6952197.00
2014/10/16	6.20	6.20	5.72	5.82	183993570	1099545984.00
2014/10/17	5.72	5.80	5.50	5.62	79322317	447216160.00
2014/10/20	5.63	5.74	5.56	5.69	42985664	242905408.00
2014/10/21	5.68	5.71	5.52	5.56	31039649	174183584.00
2014/10/22	5.56	5.60	5.47	5.49	32874352	182335696.00
2014/10/23	5.48	5.55	5.45	5.48	34453801	189083664.00
2014/10/24	5.48	5.61	5.40	5.46	31370063	171470496.00
2014/10/27	5.42	5.54	5.42	5.47	23763163	130268304.00
2014/10/28	5.51	5.58	5.51	5.57	40653967	225266688.00
2014/10/29	5.60	5.67	5.54	5.58	45814218	255935456.00
2014/10/30	5.57	5.75	5.55	5.68	52532696	296503136.00
2014/10/31	5.70	5.73	5.57	5.63	41027558	230756128.00
2014/11/03	5.67	5.72	5.62	5.66	35634812	201634688.00
2014/11/04	5.67	5.68	5.57	5.60	28724492	161224560.00
2014/11/05	5.61	5.65	5.56	5.62	25873421	144773856.00
2014/11/06	5.62	5.64	5.56	5.62	24089266	134853600.00
2014/11/07	5.61	5.64	5.51	5.52	31042034	173615088.00
2014/11/10	5.52	5.58	5.47	5.57	24450951	135215888.00
2014/11/11	5.58	5.62	5.38	5.48	37258561	205420288.00
2014/11/12	5.48	5.50	5.43	5.49	16526135	90368832.00
2014/11/13	5.50	5.51	5.38	5.45	21456506	116552280.00
2014/11/14	5.43	5.43	5.35	5.38	18220443	98144984.00
2014/11/17	5.40	5.46	5.39	5.42	16576157	89952024.00
2014/11/18	5.43	5.43	5.36	5.38	18762711	101279600.00
2014/11/19	5.39	5.48	5.37	5.46	23122394	125551728.00
2014/11/20	5.45	5.50	5.43	5.45	14077393	77054568.00
2014/11/21	5.45	5.50	5.43	5.50	16831836	92026848.00
2014/11/24	5.58	5.65	5.52	5.61	36357824	203503104.00
2014/11/25	5.61	5.66	5.59	5.65	35579585	199994512.00
2014/11/26	5.66	5.67	5.57	5.64	32662779	183327664.00
2014/11/27	5.65	5.79	5.62	5.76	51090122	292293152.00
2014/11/28	5.76	5.78	5.66	5.69	33731016	192532384.00
2014/12/01	5.71	5.75	5.66	5.68	32603347	185695216.00
2014/12/02	5.68	5.73	5.66	5.69	33888060	193144016.00
2014/12/03	5.68	5.83	5.67	5.80	48867825	281584832.00
2014/12/04	5.86	6.25	5.85	6.10	97089663	590119104.00
2014/12/05	6.10	6.13	5.74	5.85	58822073	348389664.00
2014/12/08	5.85	6.05	5.82	5.98	52177168	311653056.00
2014/12/09	5.97	5.97	5.60	5.63	74592978	434777792.00
2014/12/10	5.64	5.82	5.61	5.77	39045575	223616272.00
2014/12/11	5.75	5.92	5.72	5.91	39776368	232602416.00
2014/12/12	5.92	5.98	5.86	5.95	36961440	218828064.00
2014/12/15	5.98	6.46	5.95	6.36	99364204	616191232.00
2014/12/16	6.40	6.44	6.22	6.29	52994435	333784480.00
2014/12/17	6.29	6.31	6.10	6.20	44122812	273503136.00
2014/12/18	6.20	6.42	6.18	6.26	38813327	244527952.00
2014/12/19	6.24	6.50	6.21	6.45	68635868	439331872.00
2014/12/22	6.55	6.60	6.11	6.16	74325270	467740576.00
2014/12/23	6.15	6.25	5.99	6.00	47823156	291562176.00
2014/12/24	6.02	6.10	5.98	6.09	31842855	192163152.00
2014/12/25	6.09	6.20	6.06	6.19	29615937	181213952.00
2014/12/26	6.18	6.23	6.11	6.19	33092768	204299712.00
2014/12/29	6.24	6.32	6.08	6.14	38902112	239406016.00
2014/12/30	6.11	6.15	5.95	5.98	34990988	211702480.00
2014/12/31	5.95	6.07	5.94	6.02	32163831	192948384.00
2015/01/05	6.02	6.29	6.00	6.24	54591274	336710528.00
2015/01/06	6.24	6.34	6.15	6.34	50367962	316068064.00
2015/01/30	6.33	6.55	6.06	6.08	82939681	518191264.00
2015/02/02	6.00	6.69	5.97	6.49	86260033	555608640.00
2015/02/03	6.55	7.14	6.55	7.14	150943083	1052009664.00
2015/02/04	7.30	7.34	6.93	6.98	127633797	907216768.00
2015/02/05	7.03	7.57	6.94	7.17	130611532	950702208.00
2015/02/06	7.17	7.33	7.02	7.26	73650190	529963744.00
2015/02/09	7.25	7.42	7.00	7.03	73337417	527404864.00
2015/02/10	6.98	7.17	6.83	7.14	57443814	401490528.00
2015/02/11	7.13	7.74	7.11	7.55	89875774	671029504.00
2015/02/12	7.63	7.74	7.40	7.57	59086669	447973056.00
2015/02/13	7.58	7.87	7.52	7.59	59170668	455235904.00
2015/02/16	7.60	7.80	7.50	7.75	46552861	356882432.00
2015/02/17	7.75	8.03	7.63	7.97	50876181	399721184.00
2015/02/25	8.00	8.60	7.99	8.39	66849814	555178816.00
2015/02/26	8.34	8.68	8.21	8.41	61119746	518883712.00
2015/02/27	8.36	8.67	8.28	8.30	48477692	408583936.00
2015/03/02	8.35	8.58	8.02	8.57	81573284	672265792.00
2015/03/03	8.59	8.65	8.22	8.27	53534280	452750208.00
2015/03/04	8.26	8.59	8.16	8.53	47509335	399004128.00
2015/03/05	8.58	8.60	8.32	8.58	44974324	381818400.00
2015/03/06	8.48	8.52	8.00	8.01	96882809	795412608.00
2015/03/09	7.90	8.23	7.82	8.17	50754427	409245952.00
2015/03/10	8.11	8.49	8.07	8.27	40624811	337717312.00
2015/03/11	8.19	8.37	8.16	8.19	25098651	206870912.00
2015/03/12	8.15	8.30	8.04	8.16	33278677	271004544.00
2015/03/13	8.15	8.28	8.11	8.20	20249926	165924624.00
2015/03/16	8.26	8.63	8.23	8.60	60177067	510718016.00
2015/03/17	8.64	9.28	8.62	8.95	75811679	682903744.00
2015/03/18	9.04	9.12	8.87	9.05	47522315	428790752.00
2015/03/19	9.00	9.08	8.88	8.99	38324765	343613248.00
2015/03/20	8.96	9.30	8.95	9.07	52330730	477843680.00
2015/03/23	9.10	9.17	8.92	9.11	64616106	583510912.00
2015/03/24	9.20	9.20	8.66	8.89	68899070	612568128.00
2015/03/25	8.88	8.88	8.74	8.79	47461332	417641504.00
2015/03/26	8.77	9.20	8.59	9.11	73516022	663288576.00
2015/03/27	9.12	9.25	8.98	9.13	54810720	499840128.00
2015/03/30	9.13	9.66	9.08	9.59	94344923	884421056.00
2015/03/31	9.70	9.70	9.35	9.40	67796339	644333568.00
2015/04/01	9.45	9.61	9.37	9.54	49323557	467181568.00
2015/04/02	9.61	9.96	9.53	9.78	72821038	712510016.00
2015/04/03	9.80	10.37	9.64	10.31	90100529	911748544.00
2015/04/07	10.34	10.97	10.23	10.37	119432150	1255516672.00
2015/04/08	10.35	10.49	9.98	10.26	76520887	784716224.00
2015/04/09	10.27	10.35	9.70	10.27	82902516	830320512.00
2015/04/10	10.25	11.12	10.10	10.98	103745513	1118179200.00
2015/04/13	11.06	12.08	11.00	12.08	99590386	1174851200.00
2015/04/14	12.24	13.19	12.24	12.45	121046262	1525462400.00
2015/04/15	12.41	12.41	11.73	11.94	86110623	1034984512.00
2015/04/16	11.89	12.44	11.32	12.23	73695476	892815296.00
2015/04/17	12.36	12.88	12.13	12.34	84029380	1046589440.00
2015/04/20	12.26	12.26	11.55	11.61	90320968	1073620608.00
2015/04/21	11.60	12.14	11.40	12.02	60921431	719315840.00
2015/04/22	12.04	12.50	12.04	12.30	72658861	891496576.00
2015/04/23	12.40	13.42	12.21	13.19	112380137	1436846336.00
2015/04/24	13.20	14.38	12.83	14.11	130656466	1790373760.00
2015/04/27	14.36	15.13	14.01	14.15	147104943	2148372992.00
2015/04/28	14.44	15.57	13.75	15.56	187950333	2754635776.00
2015/04/29	15.00	16.78	14.69	16.25	135072534	2153648128.00
2015/04/30	16.29	16.77	15.99	16.01	104269755	1697213952.00
2015/05/04	16.05	16.05	15.50	15.57	85888723	1347066496.00
2015/05/05	15.57	15.71	14.43	14.75	95035058	1424740480.00
2015/05/06	14.73	15.60	14.65	15.24	90294728	1371909248.00
2015/05/07	15.05	15.50	14.90	14.98	66873319	1019274752.00
2015/05/08	14.95	15.30	14.70	15.29	70720766	1062010880.00
2015/05/11	15.50	16.20	15.40	16.10	80742985	1286638848.00
2015/05/12	16.60	17.71	16.46	17.71	109061906	1876759296.00
2015/05/13	18.00	18.60	17.25	17.51	117882399	2119539712.00
2015/05/14	17.38	18.30	17.12	17.73	72131326	1285259264.00
2015/05/15	17.60	17.67	16.80	16.99	78447638	1344961024.00
2015/05/18	16.81	17.34	16.51	17.00	60602059	1031374144.00
2015/05/19	17.02	17.77	16.80	17.63	71713043	1231890176.00
2015/05/20	17.75	19.31	17.75	18.69	99888957	1866070912.00
2015/05/21	18.79	19.13	18.52	18.72	68894040	1293634304.00
2015/05/22	18.88	19.12	17.90	18.63	87997874	1626850560.00
2015/05/25	18.90	19.94	18.90	19.51	94593687	1838275840.00
2015/05/26	19.55	19.95	19.10	19.59	83625886	1630604672.00
2015/05/27	19.67	19.89	19.10	19.29	73251033	1416241408.00
2015/05/28	19.30	19.40	17.36	17.52	93024425	1739127168.00
2015/05/29	17.33	18.38	16.47	17.90	95017009	1672534528.00
2015/06/01	18.00	19.18	18.00	19.10	81559174	1527162624.00
2015/06/02	19.20	21.01	18.78	21.01	107205481	2092613376.00
2015/06/03	21.05	23.09	21.01	22.55	119850832	2659239936.00
2015/06/04	22.95	22.97	20.45	22.55	89468559	1961722752.00
2015/06/05	22.74	23.28	21.80	22.84	87546309	1990318336.00
2015/06/08	23.03	23.04	21.55	21.67	76636621	1685830528.00
2015/06/09	21.26	22.22	20.73	21.98	63755358	1381634944.00
2015/06/10	22.20	24.10	21.60	23.40	101178100	2314970368.00
2015/06/11	23.30	23.60	22.68	23.07	64954514	1501502592.00
2015/06/12	23.05	23.67	22.50	23.20	76973032	1767642880.00
2015/06/15	23.21	23.38	22.00	22.16	64529755	1456125312.00
2015/06/16	21.68	22.23	20.28	20.67	63416553	1348033152.00
2015/06/17	20.67	22.67	20.50	22.44	73077639	1576562944.00
:
