2006/06/23	3.95	5.46	3.71	4.49	184141517	2036942464.00
2006/06/26	4.21	4.29	3.94	3.98	71090848	722486656.00
2006/06/27	4.00	4.13	3.88	4.09	42724493	430028576.00
2006/06/28	4.09	4.18	3.99	4.04	33161313	338973632.00
2006/06/29	4.04	4.23	3.99	4.16	40363432	415727328.00
2006/06/30	4.16	4.17	4.02	4.08	30285091	310937792.00
2006/07/03	4.08	4.13	4.03	4.09	20109293	205264400.00
2006/07/04	4.09	4.15	4.01	4.14	28793234	294050592.00
2006/07/05	4.17	4.19	3.98	4.01	23322638	236698816.00
2006/07/06	4.01	4.34	3.99	4.21	36681447	382170592.00
2006/07/07	4.17	4.30	4.11	4.13	24253223	253346848.00
2006/07/10	4.14	4.19	4.05	4.15	14452499	148936832.00
2006/07/11	4.14	4.24	4.06	4.19	16231242	168378832.00
2006/07/12	4.18	4.54	4.13	4.31	38534824	414630080.00
2006/07/13	4.24	4.29	3.99	4.02	34523401	355630912.00
2006/07/14	3.97	4.10	3.95	4.03	14769674	149429600.00
2006/07/17	3.99	4.09	3.99	4.08	9988603	101330776.00
2006/07/18	4.07	4.07	4.01	4.05	6172901	62529724.00
2006/07/19	4.02	4.03	3.76	3.76	18812814	184625520.00
2006/07/20	3.77	3.86	3.74	3.79	7278335	70385872.00
2006/07/21	3.78	3.82	3.72	3.76	7939996	76019096.00
2006/07/24	3.72	3.72	3.50	3.57	11733258	108208656.00
2006/07/25	3.57	3.68	3.57	3.62	6770227	63127168.00
2006/07/26	3.64	3.64	3.54	3.57	6065577	55837116.00
2006/07/27	3.56	3.65	3.53	3.57	5381511	49672344.00
2006/07/28	3.55	3.58	3.46	3.47	7873652	71320624.00
2006/07/31	3.47	3.48	3.19	3.19	12289905	105891296.00
2006/08/01	3.19	3.26	3.13	3.18	6326779	53400884.00
2006/08/02	3.20	3.50	3.17	3.40	14890305	130394264.00
2006/08/03	3.34	3.44	3.25	3.30	7495660	65451388.00
2006/08/04	3.30	3.31	3.09	3.10	6242644	52559832.00
2006/08/07	3.09	3.15	3.02	3.10	4732090	38923516.00
2006/08/08	3.13	3.21	3.11	3.18	4435175	37159264.00
2006/08/09	3.18	3.19	3.12	3.14	3236967	26994064.00
2006/08/10	3.13	3.21	3.12	3.19	3822433	32100224.00
2006/08/11	3.19	3.21	3.14	3.19	3216288	27053636.00
2006/08/14	3.20	3.20	3.02	3.04	4573387	37662768.00
2006/08/15	3.04	3.18	3.04	3.15	4312447	35763400.00
2006/08/16	3.15	3.20	3.09	3.20	5250561	44198996.00
2006/08/17	3.19	3.19	3.11	3.15	3277727	27327984.00
2006/08/18	3.15	3.17	3.08	3.10	2458348	20427296.00
2006/08/21	3.02	3.08	2.97	3.07	3774073	30670092.00
2006/08/22	3.07	3.11	3.04	3.08	2697665	22214148.00
2006/08/23	3.08	3.10	3.03	3.04	2600999	21295168.00
2006/08/24	3.03	3.14	3.03	3.11	3374621	27845558.00
2006/08/25	3.12	3.18	3.09	3.14	4918615	41016152.00
2006/08/28	3.14	3.26	3.13	3.23	7301200	61966804.00
2006/08/29	3.23	3.29	3.20	3.21	8362829	71587424.00
2006/08/30	3.20	3.24	3.16	3.23	4433990	37504904.00
2006/08/31	3.18	3.20	3.08	3.12	9509286	79033704.00
2006/09/01	3.11	3.13	3.02	3.03	6780874	55413588.00
2006/09/04	3.03	3.09	3.02	3.08	3817891	31253060.00
2006/09/05	3.08	3.10	3.03	3.05	5022229	41026700.00
2006/09/06	3.05	3.09	3.04	3.08	3618950	29667744.00
2006/09/07	3.09	3.10	3.01	3.02	4675924	38047856.00
2006/09/08	3.01	3.07	3.00	3.02	3163538	25710836.00
2006/09/11	3.02	3.05	2.99	3.03	2628593	21288204.00
2006/09/12	3.03	3.18	3.03	3.17	10798434	89559520.00
2006/09/13	3.16	3.27	3.12	3.17	15635808	132560472.00
2006/09/14	3.15	3.19	3.08	3.13	4970773	41353436.00
2006/09/15	3.12	3.34	3.09	3.29	20371489	175117376.00
2006/09/18	3.33	3.34	3.25	3.32	10626561	91968576.00
2006/09/19	3.32	3.34	3.24	3.26	7679247	66305128.00
2006/09/20	3.25	3.25	3.17	3.21	6443446	54612576.00
2006/09/21	3.17	3.23	3.17	3.19	4769981	40363392.00
2006/09/22	3.18	3.21	3.08	3.08	7605620	63206064.00
2006/09/25	3.06	3.06	2.84	2.87	33535349	264130144.00
2006/09/26	2.85	2.90	2.81	2.85	9717388	75245568.00
2006/09/27	2.86	2.89	2.82	2.87	9450657	73319608.00
2006/09/28	2.89	2.91	2.86	2.91	7721230	60669416.00
2006/09/29	2.91	2.94	2.89	2.91	8513567	67187048.00
2006/10/09	2.92	2.95	2.90	2.93	8849525	69918024.00
2006/10/10	2.93	3.01	2.91	2.95	9922862	79182456.00
2006/10/11	2.96	3.00	2.90	2.94	6742862	53572960.00
2006/10/12	2.94	2.97	2.87	2.95	7494645	59180748.00
2006/10/13	2.95	3.00	2.95	2.96	7763612	62131272.00
2006/10/16	2.97	3.00	2.95	2.97	6781713	54315888.00
2006/10/17	2.97	2.98	2.91	2.92	4526756	35888060.00
2006/10/18	2.92	2.94	2.89	2.93	3662592	28882064.00
2006/10/19	2.93	2.95	2.90	2.91	5699558	45013940.00
2006/10/20	2.91	2.94	2.89	2.90	4813813	37935740.00
2006/10/23	2.90	2.91	2.81	2.83	7827205	60760892.00
2006/10/24	2.83	2.92	2.82	2.91	5237768	41055056.00
2006/10/25	2.92	2.93	2.86	2.88	4785351	37561184.00
2006/10/26	2.89	2.94	2.89	2.91	5652291	44690052.00
2006/10/27	2.92	2.92	2.83	2.84	4885251	38036072.00
2006/10/30	2.82	2.90	2.82	2.90	3292638	25553368.00
2006/10/31	2.90	2.97	2.86	2.96	9093999	72040496.00
2006/11/01	2.97	3.00	2.95	2.98	10404815	83329384.00
2006/11/02	2.98	3.05	2.98	3.00	14630499	118639976.00
2006/11/03	3.02	3.07	3.00	3.01	9463874	76940064.00
2006/11/06	2.96	2.99	2.92	2.97	7086354	56468152.00
2006/11/07	2.98	3.34	2.98	3.20	31655323	268364176.00
2006/11/08	3.21	3.22	3.12	3.13	11793386	98717096.00
2006/11/09	3.13	3.18	3.08	3.15	9165520	76137632.00
2006/11/10	3.15	3.19	2.99	3.02	8887197	73203216.00
2006/11/13	3.01	3.04	2.85	2.89	8836828	70020168.00
2006/11/14	2.88	2.94	2.86	2.94	5155468	40585328.00
2006/11/15	2.94	3.03	2.91	3.01	5462836	43690300.00
2006/11/16	3.04	3.11	3.00	3.01	10137098	82713288.00
2006/11/17	3.06	3.09	3.01	3.08	8352515	68305072.00
2006/11/20	3.08	3.14	3.04	3.09	8348821	68700408.00
2006/11/21	3.09	3.20	3.02	3.18	13565259	112674696.00
2006/11/22	3.18	3.18	3.11	3.13	10758413	89757968.00
2006/11/23	3.13	3.17	3.07	3.09	10414105	86075464.00
2006/11/24	3.08	3.11	3.05	3.09	7013033	57613936.00
2006/11/27	3.09	3.18	3.07	3.16	9342732	78018448.00
2006/11/28	3.17	3.19	3.08	3.10	7693552	63953360.00
2006/11/29	3.07	3.09	3.03	3.07	8232544	67374192.00
2006/11/30	3.08	3.18	3.08	3.15	11983011	99854168.00
2006/12/01	3.15	3.34	3.08	3.32	36602567	313809664.00
2006/12/04	3.32	3.44	3.27	3.38	28672169	252881456.00
2006/12/05	3.38	3.46	3.33	3.37	18376208	162332112.00
2006/12/06	3.37	3.40	3.16	3.24	17522138	150723792.00
2006/12/07	3.23	3.62	3.20	3.42	36429516	327574208.00
2006/12/08	3.39	3.41	3.21	3.22	16390242	142723808.00
2006/12/11	3.23	3.42	3.23	3.42	12884948	113230200.00
2006/12/12	3.47	3.53	3.34	3.42	13098900	116913072.00
2006/12/13	3.43	3.52	3.38	3.51	13212450	118893320.00
2006/12/14	3.55	3.73	3.53	3.69	30968241	289432192.00
2006/12/15	3.70	3.73	3.60	3.63	16192106	151396304.00
2006/12/18	3.63	3.77	3.60	3.65	14719463	138193232.00
2006/12/19	3.65	3.66	3.49	3.58	17159376	157590368.00
2006/12/20	3.57	3.61	3.50	3.58	9457721	86721664.00
2006/12/21	3.58	3.81	3.56	3.60	18736678	177250192.00
2006/12/22	3.57	3.67	3.52	3.56	9384142	86552824.00
2006/12/25	3.56	3.62	3.50	3.52	8613703	79077744.00
2006/12/26	3.53	3.60	3.40	3.46	9090085	82091016.00
2006/12/27	3.48	3.53	3.46	3.49	7477371	67594440.00
2006/12/28	3.54	3.66	3.47	3.51	10251469	94186368.00
2006/12/29	3.54	3.76	3.52	3.63	16469248	153834208.00
2007/01/04	3.75	3.91	3.66	3.71	27845354	270177472.00
2007/01/05	3.71	3.95	3.67	3.92	19933764	194702928.00
2007/01/08	3.94	4.02	3.86	3.96	18457715	183154608.00
2007/01/09	3.99	4.02	3.88	3.97	12936461	128672112.00
2007/01/10	3.96	4.00	3.84	3.97	17680982	175254096.00
2007/01/11	3.98	4.16	3.89	3.95	17444685	177348880.00
2007/01/12	3.90	3.94	3.56	3.59	17566498	168188976.00
2007/01/15	3.57	3.77	3.56	3.77	12305409	115465792.00
2007/01/16	3.78	3.80	3.66	3.79	15714612	149687024.00
2007/01/17	3.79	3.93	3.73	3.87	19038848	186046416.00
2007/01/18	3.87	3.93	3.74	3.88	9781999	95215216.00
2007/01/19	3.97	4.07	3.92	3.99	16123536	162123440.00
2007/01/22	4.11	4.50	4.07	4.50	33625038	357073728.00
2007/01/23	4.53	4.80	4.47	4.61	31392285	355723808.00
2007/01/24	4.61	4.63	4.42	4.53	13098391	145597520.00
2007/01/25	4.47	4.74	4.36	4.48	22501874	251508112.00
2007/01/26	4.44	4.52	4.06	4.42	18923231	202491936.00
2007/01/29	4.49	4.71	4.49	4.60	16336222	184096080.00
2007/01/30	4.63	4.82	4.57	4.74	19136461	219845168.00
2007/01/31	4.73	4.77	4.29	4.33	17153667	190420352.00
2007/02/01	4.28	4.62	4.18	4.50	17121927	186055024.00
2007/02/02	4.50	4.67	4.36	4.38	15202624	168995184.00
2007/02/05	4.38	4.57	4.36	4.45	8421322	92670464.00
2007/02/06	4.50	4.72	4.45	4.72	13952250	156760400.00
2007/02/07	4.72	4.76	4.59	4.69	10941986	124630176.00
2007/02/08	4.72	5.01	4.63	4.96	22091982	260176736.00
2007/02/09	4.96	5.23	4.88	5.22	22122464	269678144.00
2007/02/12	5.26	5.31	5.14	5.21	12227769	152380624.00
2007/02/13	5.26	5.30	5.15	5.26	11377528	142035216.00
2007/02/14	5.27	5.39	5.21	5.27	9858780	124685552.00
2007/02/15	5.33	5.44	5.26	5.33	12250153	155497504.00
2007/02/16	5.33	5.37	5.12	5.15	15568779	194550624.00
2007/02/26	5.13	5.55	5.09	5.53	12159178	155499744.00
2007/02/27	5.55	5.65	4.88	4.88	23978937	301519040.00
2007/02/28	4.95	5.25	4.95	5.20	19813132	243692400.00
2007/03/01	5.27	5.63	5.22	5.48	28907644	373428224.00
2007/03/02	5.37	5.47	5.26	5.40	10857311	138760528.00
2007/03/05	5.42	5.53	4.97	5.17	10092045	126583856.00
2007/03/06	5.13	5.24	5.07	5.17	5598471	69219080.00
2007/03/07	5.07	5.28	5.07	5.23	6225532	77760288.00
2007/03/08	5.25	5.26	5.12	5.25	11360842	140921664.00
2007/03/09	5.27	5.29	4.97	5.03	10474480	129191456.00
2007/03/12	5.10	5.24	5.04	5.22	10762179	133635832.00
2007/03/13	5.26	5.47	5.20	5.38	12814963	163966928.00
2007/03/14	5.31	5.31	5.12	5.15	12640904	157092608.00
2007/03/15	5.13	5.26	5.12	5.19	7129477	88499984.00
2007/03/16	5.20	5.26	4.98	5.14	11751505	144274080.00
2007/03/19	4.92	5.12	4.88	5.05	10297086	124369744.00
2007/03/20	5.05	5.14	5.02	5.10	5680446	69322888.00
2007/03/21	5.10	5.15	5.07	5.12	6748961	82881912.00
2007/03/22	5.14	5.29	5.12	5.17	12369759	154879712.00
2007/03/23	5.14	5.25	4.97	5.20	8707334	106819416.00
2007/03/26	5.21	5.38	5.20	5.36	12004495	152387472.00
2007/03/27	5.38	5.41	5.26	5.35	8725258	110641328.00
2007/03/28	5.36	5.39	4.94	5.18	15858092	197342128.00
2007/03/29	5.16	5.18	4.97	4.99	12743170	155150192.00
2007/03/30	4.98	5.11	4.97	5.04	5677205	69071352.00
2007/04/02	5.04	5.17	5.02	5.16	6790729	83248304.00
2007/04/03	5.19	5.30	5.19	5.29	11085866	139431440.00
2007/04/04	5.32	5.38	5.24	5.30	11003522	139571536.00
2007/04/05	5.29	5.36	5.25	5.34	10932049	138750384.00
2007/04/06	5.27	5.72	5.27	5.66	20821735	273916000.00
2007/04/09	5.72	5.95	5.68	5.73	17646982	241458880.00
2007/04/10	5.74	5.80	5.50	5.74	12083910	161514864.00
2007/04/11	5.76	5.80	5.55	5.67	10491902	140498368.00
2007/04/12	5.67	5.88	5.62	5.81	13422056	183472704.00
2007/04/13	5.86	5.90	5.62	5.68	11812427	161641696.00
2007/04/16	5.68	6.34	5.68	6.32	21321361	301355520.00
2007/04/17	6.42	6.62	6.32	6.60	24225762	366024320.00
2007/04/18	6.57	7.22	6.47	6.79	17246997	272691264.00
2007/04/19	6.77	6.95	6.32	6.48	22459143	345960544.00
2007/04/20	6.57	7.23	6.57	7.23	12620478	204896160.00
2007/04/23	7.74	8.04	7.48	7.96	21110717	375118720.00
2007/04/24	7.97	8.17	7.74	7.92	15021001	270515904.00
2007/04/25	7.97	8.28	7.02	8.25	22169318	389203520.00
2007/04/26	8.19	9.17	8.04	9.13	17761821	346304128.00
2007/04/27	8.97	9.49	8.79	8.97	16175372	328087328.00
2007/04/30	8.86	9.20	8.62	8.89	12239483	244330560.00
2007/05/08	8.96	9.22	8.65	8.97	13325506	264574272.00
2007/05/09	8.97	9.82	8.57	9.23	14841767	306666048.00
2007/05/10	9.28	9.47	8.87	9.23	7199969	146541104.00
2007/05/11	9.17	9.22	8.87	9.10	8506620	171051360.00
2007/05/14	8.77	9.42	8.74	9.18	10576029	217259456.00
2007/05/15	9.18	9.20	8.26	8.41	7722891	151488400.00
2007/05/16	8.37	8.89	8.06	8.85	10640938	202170080.00
2007/05/17	8.72	9.42	8.69	9.22	11044072	225234016.00
2007/05/18	9.17	9.60	8.97	9.47	9892979	207013264.00
2007/05/21	9.07	10.52	8.97	10.52	14220394	319140608.00
2007/05/22	10.67	11.67	10.67	10.92	15379144	380717024.00
2007/05/23	10.96	11.16	10.75	11.11	6608981	158494576.00
2007/05/24	11.15	11.31	10.42	10.81	11152418	260960784.00
2007/05/25	10.57	11.35	10.54	10.87	7988505	192966336.00
2007/05/28	10.85	11.46	10.85	11.00	6441317	156907120.00
2007/05/29	11.07	12.20	11.00	12.20	14338642	360971008.00
2007/05/31	11.11	12.21	10.88	11.64	17520480	437332800.00
2007/06/01	11.74	12.51	10.38	10.46	12145785	302731648.00
2007/06/04	10.46	10.82	9.31	9.31	9331612	199930880.00
2007/06/05	8.55	10.34	8.55	10.34	13200722	282532256.00
2007/06/06	10.97	11.48	10.58	11.48	8736440	214483648.00
2007/06/07	11.98	12.68	11.62	11.88	19766291	522056512.00
2007/06/08	11.87	12.86	11.52	12.45	11142779	295950592.00
2007/06/11	12.50	13.62	12.44	13.37	9303683	262599248.00
2007/06/12	13.36	13.97	13.17	13.84	9471956	277615264.00
2007/06/13	13.85	13.96	13.26	13.65	13833919	402755936.00
2007/06/14	13.46	13.87	12.94	13.47	9250437	266507760.00
2007/06/15	13.17	13.60	12.91	13.52	8778645	251615760.00
2007/06/18	13.45	14.17	13.45	13.63	5261869	156248704.00
2007/06/19	13.62	13.62	12.94	13.34	13043669	369823296.00
2007/06/20	13.45	13.65	12.87	12.93	9411972	268514816.00
2007/06/21	12.72	13.22	12.46	12.75	12317486	339124992.00
2007/06/22	12.77	13.11	11.57	12.45	6038227	164811280.00
2007/06/25	12.46	12.79	11.57	11.83	6039492	159947744.00
2007/06/26	11.56	12.07	11.30	12.04	5839941	147854528.00
2007/06/27	12.15	12.98	12.12	12.82	5429338	146019552.00
2007/06/28	12.65	12.95	11.95	11.98	4343339	116428464.00
2007/06/29	11.55	12.05	11.39	11.69	4468897	112552896.00
2007/07/02	11.55	12.04	11.30	11.63	2523834	63319804.00
2007/07/03	11.67	11.89	11.35	11.60	4932448	123504752.00
2007/07/04	11.64	12.32	11.64	11.89	5146183	133731408.00
2007/07/05	11.54	12.24	11.40	11.48	4482643	113947080.00
2007/07/06	11.11	12.04	10.81	11.94	6101966	151176496.00
2007/07/09	11.95	12.94	11.83	12.70	8069499	217587696.00
2007/07/10	12.60	12.72	12.24	12.29	5600988	150480016.00
2007/07/11	12.15	12.64	12.10	12.45	2753831	73860088.00
2007/07/12	12.58	12.95	12.35	12.51	2686033	73003400.00
2007/07/13	12.52	12.80	12.36	12.72	2366912	64382680.00
2007/07/16	12.77	13.02	12.55	12.57	3068208	84578688.00
2007/07/17	12.52	12.72	11.90	12.41	3115787	82648864.00
2007/07/18	12.41	12.42	12.02	12.10	4155706	108644248.00
2007/07/19	12.10	12.34	12.03	12.10	2221673	58196224.00
2007/07/20	12.10	12.44	12.10	12.39	2858252	75589048.00
2007/07/23	12.40	13.66	12.40	13.39	6759483	192531216.00
2007/07/24	13.52	13.66	13.15	13.25	4320890	125056936.00
2007/07/25	13.25	14.56	13.15	14.04	10306943	308516800.00
2007/07/26	14.40	14.40	13.72	13.98	7066446	211513376.00
2007/07/27	13.84	15.11	13.69	15.01	8154596	256716608.00
2007/07/30	15.05	16.61	14.80	16.61	7947021	271150816.00
2007/07/31	17.03	18.05	16.55	16.98	8527678	309517600.00
2007/08/01	16.98	16.98	16.05	16.20	6631782	231385984.00
2007/08/02	16.45	17.92	16.45	17.92	7247229	262246176.00
2007/08/03	18.12	19.05	18.12	18.21	6322421	246267872.00
2007/08/06	18.48	18.69	17.90	18.30	4886233	187071952.00
2007/08/07	18.34	19.83	17.70	18.95	5730254	227189168.00
2007/08/08	18.60	18.60	17.05	18.03	9458050	352435872.00
2007/08/09	17.85	18.20	17.68	18.03	8093711	305945312.00
2007/08/10	17.90	17.95	17.10	17.52	4730061	175314576.00
2007/08/13	17.07	17.80	16.49	17.01	4779499	171620032.00
2007/08/14	17.00	17.54	16.80	17.25	3546473	129066120.00
2007/08/15	17.39	17.62	16.74	17.09	4113489	148910384.00
2007/08/16	17.00	17.05	16.48	16.62	5473686	192471104.00
2007/08/17	16.65	16.99	15.95	16.10	6779079	234202080.00
2007/08/20	16.45	17.21	16.16	17.16	9931613	352219520.00
2007/08/21	17.55	17.55	16.79	16.87	9642152	345108704.00
2007/08/22	16.75	17.54	16.56	16.97	5285894	191260496.00
2007/08/23	16.90	17.68	16.68	17.66	9216956	335630912.00
2007/08/24	17.95	19.05	17.90	18.34	8531645	331767616.00
2007/08/27	18.74	19.10	18.49	18.81	11428931	452466080.00
2007/08/28	18.80	19.44	18.25	18.67	7501569	295362080.00
2007/08/29	18.10	18.50	17.20	17.28	12212183	454603808.00
2007/08/30	17.30	17.70	16.50	17.00	14288209	505856352.00
2007/08/31	17.01	17.62	17.01	17.35	5886345	216233408.00
2007/09/03	17.50	19.18	17.50	19.17	16896338	665925184.00
2007/09/04	19.30	19.45	18.07	18.14	9520341	370152832.00
2007/09/05	18.13	19.15	17.80	18.35	7723462	300775872.00
2007/09/06	18.70	18.95	18.35	18.41	6206142	241811872.00
2007/09/07	18.29	18.29	17.50	17.57	6865346	255959504.00
2007/09/10	17.45	17.82	16.55	17.55	3513977	127733648.00
2007/09/11	17.55	18.55	16.75	16.91	5564433	210513760.00
2007/09/12	16.75	17.49	16.75	17.29	6204419	224400704.00
2007/09/13	17.30	18.60	17.30	18.45	11113099	424958752.00
2007/09/14	18.55	18.86	18.03	18.54	8894757	346736416.00
2007/09/17	18.30	20.49	18.24	20.49	13519398	567122240.00
2007/09/18	20.56	20.85	19.57	20.15	6796157	284220384.00
2007/09/19	20.14	21.65	20.06	20.28	10651665	467602016.00
2007/09/20	20.20	21.12	19.55	21.04	8237604	353643680.00
2007/09/21	21.07	22.05	20.90	21.25	8695485	388724000.00
2007/09/24	21.54	22.05	20.85	21.10	8622175	389637856.00
2007/09/25	20.95	20.95	18.90	19.20	9400829	382328960.00
2007/09/26	19.00	19.48	17.94	18.02	4814268	186689792.00
2007/09/27	18.07	18.92	18.07	18.90	3696423	143701440.00
2007/09/28	19.21	20.09	19.21	19.82	6021701	249355824.00
2007/10/08	20.30	20.53	19.05	19.49	4554019	185411680.00
2007/10/09	19.51	19.52	18.25	18.56	7478437	290702432.00
2007/10/10	18.71	19.65	18.14	18.22	12930593	505171648.00
2007/10/11	18.41	18.55	17.80	18.44	7526709	288879360.00
2007/10/12	18.50	18.93	17.50	18.74	8759251	338946592.00
2007/10/15	18.71	19.84	18.30	19.53	11788312	478788384.00
2007/10/16	19.55	20.35	19.00	20.05	12044059	499370144.00
2007/10/17	20.07	20.28	18.95	19.03	7438565	301312640.00
2007/10/18	19.02	19.02	18.01	18.02	6475916	247779264.00
2007/10/19	17.84	18.49	17.80	17.84	5157189	195510144.00
2007/10/22	17.75	17.75	16.22	16.29	7842815	277870016.00
2007/10/23	16.20	16.62	14.56	15.28	10834735	351203136.00
2007/10/24	15.28	15.94	15.28	15.54	7878144	261434480.00
2007/10/25	15.55	15.55	13.90	14.06	12057498	367754272.00
2007/10/26	13.94	14.49	13.70	14.05	4221927	126600008.00
2007/10/29	14.07	14.79	14.07	14.52	7478007	229618656.00
2007/10/30	14.83	15.24	14.55	14.87	5580843	176999392.00
2007/10/31	15.15	15.45	14.80	15.36	7048226	227187712.00
2007/11/01	15.45	16.00	15.10	15.41	6699160	221779824.00
2007/11/02	15.20	15.20	14.10	14.14	5574672	170875984.00
2007/11/05	14.09	14.65	13.20	13.73	4110601	120902672.00
2007/11/06	13.60	14.15	13.52	13.78	3479542	102568064.00
2007/11/07	13.95	14.14	13.80	14.07	2845830	84881712.00
2007/11/08	14.30	14.39	13.39	13.57	2294225	67994936.00
2007/11/09	13.40	13.40	12.12	12.55	10977363	299321824.00
2007/11/12	12.15	12.35	11.38	12.06	8619396	217758048.00
2007/11/13	12.08	12.40	11.56	11.82	7760161	201422896.00
2007/11/14	12.08	13.05	11.65	12.82	10818139	286006528.00
2007/11/15	12.65	12.80	12.25	12.34	4475191	120674224.00
2007/11/16	12.05	12.25	11.74	12.23	4492437	116008112.00
2007/11/19	12.45	12.55	12.05	12.46	2085457	55746616.00
2007/11/20	12.37	12.99	12.12	12.84	3499829	95469520.00
2007/11/21	12.90	13.40	12.85	12.87	3849580	108632400.00
2007/11/22	12.50	12.90	12.38	12.67	5094393	139873344.00
2007/11/23	12.47	13.15	12.33	13.10	2148586	58887624.00
2007/11/26	13.30	13.80	13.10	13.27	4438384	127671752.00
2007/11/27	13.04	13.55	12.98	13.22	2477670	70626096.00
2007/11/28	13.40	13.54	13.05	13.30	3644921	104689224.00
2007/11/29	13.38	13.60	13.15	13.58	3939924	113562856.00
2007/11/30	13.85	13.87	13.35	13.47	3971282	115521328.00
2007/12/03	13.41	13.41	12.70	13.02	6236046	172845632.00
2007/12/04	13.04	13.22	12.75	12.94	3242842	89951624.00
2007/12/05	12.95	13.30	12.81	13.20	3328543	93386392.00
2007/12/06	13.30	13.77	13.30	13.41	4524957	131060864.00
2007/12/07	13.42	13.64	13.20	13.57	2437614	70368176.00
2007/12/10	13.30	14.27	13.10	14.13	5851453	173324096.00
2007/12/11	14.25	14.32	13.88	14.14	4657427	140107648.00
2007/12/12	14.19	14.24	13.92	14.02	2599441	77986472.00
2007/12/13	13.94	14.08	12.95	13.04	4001881	116440344.00
2007/12/14	13.03	13.27	12.45	13.25	4964753	136156768.00
2007/12/17	13.27	13.34	12.45	12.55	4749884	129787400.00
2007/12/18	12.75	13.55	12.74	13.03	6397911	180834432.00
2007/12/19	13.32	13.50	13.12	13.37	3368322	96327976.00
2007/12/20	13.30	13.54	13.15	13.47	3300064	94884200.00
2007/12/21	13.36	13.80	13.30	13.72	3783647	110318400.00
2007/12/24	13.94	14.40	13.75	14.07	5126348	154348432.00
2007/12/25	14.10	14.15	13.85	14.03	3417056	102189960.00
2007/12/26	14.04	14.30	14.04	14.27	3159030	95694776.00
2007/12/27	14.44	15.20	14.34	15.17	6687574	212374608.00
2007/12/28	15.21	15.65	15.00	15.05	4901324	159373680.00
2008/01/02	15.11	15.30	14.86	15.15	4099535	131228368.00
2008/01/03	15.20	15.62	14.99	15.30	5108303	165699616.00
2008/01/04	15.37	15.81	15.15	15.74	9228925	306266240.00
2008/01/07	15.72	16.70	15.55	16.62	11153183	385210816.00
2008/01/08	16.80	16.85	16.22	16.42	9453917	331687392.00
2008/01/09	16.11	17.95	16.04	17.85	9159428	330200768.00
2008/01/10	17.85	19.49	17.85	19.08	21696826	851274752.00
2008/01/11	19.05	19.35	18.61	18.95	8117292	324759648.00
2008/01/14	19.19	19.55	18.20	18.64	7518080	294379168.00
2008/01/15	18.65	19.39	18.62	18.78	7323211	292954592.00
2008/01/16	19.13	19.30	18.70	18.98	7971099	317832736.00
2008/04/29	16.99	16.99	16.99	16.99	287700	10322676.00
2008/04/30	15.19	15.19	15.19	15.19	1286000	41524940.00
2008/05/05	13.58	15.75	13.58	15.56	57070933	1764711936.00
2008/05/06	14.54	15.54	14.48	14.77	41203513	1310228224.00
2008/05/07	14.58	15.24	14.55	14.57	19468263	619628160.00
2008/05/08	14.44	15.72	14.30	15.54	26237333	846739840.00
2008/05/09	15.64	16.39	15.64	15.97	27540007	936164864.00
2008/05/12	15.90	16.70	15.31	15.58	24366348	830234624.00
2008/05/13	15.04	15.99	14.80	15.39	11583244	378879488.00
2008/05/14	15.23	16.30	15.15	16.09	13837847	465616512.00
2008/05/15	16.15	16.30	15.55	15.56	8727160	293776896.00
2008/05/16	15.55	15.79	14.95	15.22	7442867	241721296.00
2008/05/19	15.45	15.64	15.30	15.48	5089960	167392752.00
2008/05/21	14.38	15.53	14.05	15.29	11572018	360405984.00
2008/05/22	15.04	15.88	14.80	15.40	13309941	440261856.00
2008/05/23	15.30	15.65	14.47	14.55	7248540	228784656.00
2008/05/26	14.50	14.64	13.55	13.65	8139193	243372208.00
2008/05/27	13.59	13.84	13.06	13.30	6772277	193501856.00
2008/05/28	13.45	13.70	13.21	13.63	7902492	228506064.00
2008/05/29	13.69	13.74	13.05	13.06	7517620	216036544.00
2008/05/30	13.05	13.28	12.10	12.66	12471319	337015936.00
2008/06/02	12.55	13.04	12.50	12.66	6326761	173729696.00
2008/06/03	12.70	13.12	12.70	12.93	6609185	183705632.00
2008/06/04	12.93	12.93	12.30	12.44	5043404	136053392.00
2008/06/05	12.16	12.40	11.76	11.79	8735236	228059584.00
2008/06/06	11.95	12.25	11.90	12.19	4571232	119030768.00
2008/06/10	11.89	12.68	11.56	12.39	11858997	315616000.00
2008/06/11	12.39	12.63	12.05	12.58	10144365	272104640.00
2008/06/12	12.75	12.85	11.75	12.09	7742771	206270224.00
2008/06/13	12.04	12.29	10.92	11.03	7767929	192922240.00
2008/06/16	10.99	11.14	10.05	10.18	7176671	163032352.00
2008/06/17	10.05	10.40	9.55	9.86	6520719	142437408.00
2008/06/18	9.60	10.93	9.36	10.92	8615740	193763488.00
2008/06/19	10.93	11.42	9.93	10.19	7860007	182991168.00
2008/06/20	10.28	10.92	9.09	9.95	12821307	282348288.00
2008/06/23	9.60	10.17	9.38	9.52	5561785	117147248.00
2008/06/24	9.50	9.78	9.28	9.67	8053566	167693568.00
2008/06/25	9.68	10.28	9.53	10.27	8604216	186448416.00
2008/06/26	10.30	10.81	10.14	10.51	8517872	193174656.00
2008/06/27	10.13	10.37	9.63	9.75	6971488	152204832.00
2008/06/30	9.63	9.92	9.37	9.70	3996880	84052296.00
2008/07/01	9.70	9.88	9.46	9.59	3512259	73987296.00
2008/07/02	9.63	10.05	9.52	9.86	5203130	111596632.00
2008/07/03	9.63	10.42	9.53	10.29	7200129	157469280.00
2008/07/04	10.15	10.40	9.17	9.46	13378657	276688352.00
2008/07/07	9.45	9.92	9.23	9.83	7287780	153637040.00
2008/07/08	10.03	10.61	9.98	10.28	9911838	221361152.00
2008/07/09	10.30	10.88	9.98	10.85	11981584	268707456.00
2008/07/10	10.55	11.12	10.45	10.64	12397506	291686400.00
2008/07/11	10.58	11.01	10.54	10.85	6542528	152035072.00
2008/07/14	10.89	11.27	10.73	11.01	7046536	167624976.00
2008/08/11	9.82	9.82	9.82	9.82	52300	1118697.00
2008/08/12	8.75	8.75	8.75	8.75	214100	4121425.00
2008/08/13	7.79	7.98	7.79	7.79	17339374	301030496.00
2008/08/14	7.79	8.07	7.58	7.65	7337756	127001368.00
2008/08/15	7.46	7.57	7.20	7.42	5364346	88454824.00
2008/08/18	7.29	7.30	6.59	6.59	8437038	128640536.00
2008/08/19	6.38	6.80	6.29	6.64	5382211	80447352.00
2008/08/20	6.65	7.33	6.59	7.31	5832228	92805312.00
2008/08/21	7.11	7.30	6.87	6.88	4609558	73239592.00
2008/08/22	6.93	7.12	6.57	6.77	4535626	69776984.00
2008/08/25	6.90	7.23	6.58	6.94	9365590	148255984.00
2008/08/26	6.88	7.07	6.70	6.82	4479941	69565296.00
2008/08/27	6.83	6.95	6.41	6.78	3292714	49918628.00
2008/08/28	6.78	7.00	6.78	6.95	3259973	50563064.00
2008/08/29	6.96	7.57	6.95	7.40	7582903	123700576.00
2008/09/01	7.30	7.44	7.04	7.15	3911371	63233020.00
2008/09/02	7.09	7.21	6.87	7.08	4362343	69263104.00
2008/09/03	6.99	7.00	6.28	6.29	7852253	115485096.00
2008/09/04	6.27	6.55	6.14	6.45	4037657	58743212.00
2008/09/05	6.13	6.45	6.13	6.25	3320601	47329348.00
2008/09/08	6.23	6.39	6.23	6.26	3690449	53036616.00
2008/09/09	6.35	6.45	6.23	6.37	2694746	38882252.00
2008/09/10	6.26	6.48	5.99	6.14	2570451	36462824.00
2008/09/11	6.12	6.25	5.82	5.97	3814803	52559552.00
2008/09/12	5.89	5.97	5.76	5.84	2995083	40307312.00
2008/09/16	5.80	5.80	5.17	5.18	4708321	58664820.00
2008/09/17	5.18	5.30	4.93	5.05	5006408	59739804.00
2008/09/18	4.88	5.24	4.88	5.19	10472996	125309032.00
2008/09/19	5.80	5.80	5.65	5.80	4392473	58488024.00
2008/09/22	6.46	6.46	6.21	6.46	22364606	327311456.00
2008/09/23	6.46	7.00	6.35	6.64	18949139	287862112.00
2008/09/24	6.43	6.90	6.15	6.89	7184856	105612128.00
2008/09/25	6.93	7.53	6.88	7.38	12710051	207639216.00
2008/09/26	7.55	7.65	7.18	7.62	7498192	124219168.00
2008/10/06	7.09	7.12	6.77	6.77	6924343	106350056.00
2008/10/07	6.03	6.34	6.01	6.14	14051628	194829232.00
2008/10/08	5.95	6.05	5.64	5.74	5221144	69957456.00
2008/10/09	5.83	5.86	5.52	5.61	5667518	74340848.00
2008/10/10	5.15	5.27	5.00	5.04	5714395	68156952.00
2008/10/13	4.98	5.03	4.45	4.97	12829496	145095920.00
2008/10/14	5.28	5.42	4.78	4.80	11234389	136737872.00
2008/10/15	4.61	4.71	4.41	4.61	5032905	54655884.00
2008/10/16	4.26	4.40	4.06	4.07	9429000	96886440.00
2008/10/17	4.14	4.35	4.07	4.30	4778022	48681788.00
2008/10/20	4.31	4.81	4.20	4.81	9115966	98450688.00
2008/10/21	4.87	5.24	4.81	4.97	11557941	136549120.00
2008/10/22	4.78	5.12	4.70	4.87	6051122	70341608.00
2008/10/23	4.73	5.24	4.63	5.23	6907278	80736960.00
2008/10/24	5.17	5.48	5.01	5.12	11066863	136358176.00
2008/10/27	4.99	5.05	4.52	4.52	6514862	73348624.00
2008/10/28	4.40	5.02	4.35	4.87	5280375	59365808.00
2008/10/29	5.02	5.03	4.70	4.73	5340305	61710988.00
2008/10/30	4.88	5.29	4.81	5.25	13963588	168498864.00
2008/10/31	5.12	5.18	5.01	5.15	4984983	59407448.00
2008/11/03	5.13	5.35	5.00	5.17	4610935	56121888.00
2008/11/04	5.08	5.11	4.63	4.79	4284684	49198044.00
2008/11/05	5.03	5.29	4.86	4.98	6303593	74757120.00
2008/11/06	4.74	4.85	4.58	4.71	6299082	70453536.00
2008/11/07	4.53	4.82	4.43	4.72	4593610	50192336.00
2008/11/10	4.80	5.28	4.79	5.28	6839108	81111216.00
2008/11/11	5.22	5.50	5.13	5.17	8058195	99754008.00
2008/11/12	5.03	5.26	4.98	5.22	5181832	62104656.00
2008/11/13	5.10	5.83	4.99	5.69	14369363	184762000.00
2008/11/14	5.80	6.06	5.78	6.00	12306489	166878256.00
2008/11/17	5.88	6.11	5.69	6.11	11939204	162491344.00
2008/11/18	5.93	6.02	5.41	5.41	11097537	144490544.00
2008/11/19	5.37	5.81	5.16	5.76	9672032	123608824.00
2008/11/20	5.53	5.73	5.27	5.43	8778228	111856064.00
2008/11/21	5.14	5.42	4.92	5.17	8447948	102262752.00
2008/11/24	5.20	5.38	5.03	5.04	5041488	61210116.00
2008/11/25	5.28	5.33	4.80	4.89	7319391	86710808.00
2008/11/26	4.82	4.83	4.58	4.75	6730220	75102512.00
2008/11/27	5.17	5.23	4.63	4.69	11789837	137216736.00
2008/11/28	4.69	4.72	4.38	4.50	10796228	116243424.00
2008/12/01	4.47	5.03	4.28	5.02	19453424	211791488.00
2008/12/02	4.72	5.07	4.63	5.01	18305538	210452976.00
2008/12/03	5.05	5.58	4.97	5.50	29508719	369451104.00
2008/12/04	5.55	5.94	5.38	5.59	34760270	455366080.00
2008/12/05	5.47	5.73	5.39	5.60	14523248	186730944.00
2008/12/08	5.77	6.04	5.60	6.01	21634163	289353216.00
2008/12/09	6.13	6.31	5.87	5.91	19900478	276025088.00
2008/12/10	5.83	5.97	5.61	5.92	17317737	230753552.00
2008/12/11	5.93	6.21	5.74	5.76	16132456	222836848.00
2008/12/12	5.71	5.85	5.38	5.54	15341862	201522272.00
2008/12/15	5.63	5.71	5.29	5.47	7976992	101920352.00
2008/12/16	5.40	5.85	5.18	5.82	8310435	106121048.00
2008/12/17	5.80	5.94	5.72	5.78	9360273	125220192.00
2008/12/18	5.70	6.06	5.70	6.01	9743138	131881096.00
2008/12/19	5.93	6.10	5.90	5.97	9769694	134448112.00
2008/12/22	5.96	6.02	5.60	5.85	8337814	110961344.00
2008/12/23	5.84	5.84	5.30	5.31	12587712	160698432.00
2008/12/24	5.19	5.20	4.88	5.16	11573288	137356576.00
2008/12/25	5.10	5.22	4.83	5.01	8971874	105787496.00
2008/12/26	4.97	5.10	4.86	5.03	6446018	75448936.00
2008/12/29	4.93	5.03	4.75	5.00	5637194	64707952.00
2008/12/30	4.98	5.04	4.80	4.86	5606299	64775884.00
2008/12/31	4.90	4.90	4.63	4.80	5118169	58039436.00
2011/10/10	16.18	16.26	15.99	16.00	5414451	88395096.00
2011/10/11	16.40	16.59	15.08	15.37	10897889	173587248.00
2011/10/12	15.18	15.67	14.88	15.65	7399326	115153136.00
2011/10/13	15.65	15.74	15.42	15.64	4934989	77962176.00
2011/10/14	15.65	15.79	15.46	15.59	4511586	71377088.00
2011/10/17	15.70	15.72	15.41	15.53	3429145	54026840.00
2011/10/18	15.44	15.46	15.08	15.12	4013219	61933736.00
2011/10/19	15.29	15.32	15.03	15.07	2560464	39269716.00
2011/10/20	15.03	15.15	14.50	14.55	4856157	72640416.00
2011/10/21	14.64	14.70	14.30	14.33	3642332	53275060.00
2011/10/24	14.24	14.77	14.24	14.71	3551281	52318032.00
2011/10/25	14.73	15.31	14.52	15.08	5325496	80753816.00
2011/10/26	14.99	15.24	14.89	15.00	5488500	83824104.00
2011/10/27	15.09	15.14	14.95	14.98	3261882	49586968.00
2011/10/28	15.28	15.68	15.12	15.48	7720542	120383904.00
2011/10/31	15.55	15.55	15.30	15.36	4638532	72182792.00
2011/11/01	15.21	15.47	15.15	15.29	4007905	62134672.00
2011/11/02	15.10	15.35	14.82	15.32	6306502	96013520.00
2011/11/03	15.46	15.58	15.34	15.35	7994243	125150064.00
2011/11/04	15.51	15.66	15.38	15.50	5851416	91840288.00
2011/11/07	15.47	15.74	15.37	15.51	5292102	83431992.00
2011/11/08	15.57	15.87	15.55	15.69	8101830	129162496.00
2011/11/09	15.80	15.93	15.54	15.80	5594859	89411264.00
2011/11/10	15.60	15.68	15.50	15.50	5216930	82208352.00
2011/11/11	15.60	15.80	15.49	15.57	4470778	70855928.00
2011/11/14	15.69	15.94	15.69	15.90	7818050	125573456.00
2011/11/15	15.88	15.93	15.77	15.82	4976357	79829160.00
2011/11/16	15.83	15.91	15.34	15.47	7688401	121880136.00
2011/11/17	15.47	15.77	15.45	15.54	4433852	69975048.00
2011/11/18	15.35	15.35	15.15	15.24	4605673	71058496.00
2011/11/21	15.10	15.21	15.02	15.10	2879974	44058260.00
2011/11/22	15.06	15.06	14.67	14.82	4881635	73273920.00
2011/11/23	14.90	14.93	14.70	14.72	2292080	34359428.00
2011/11/24	14.64	14.85	14.34	14.70	2258253	33416400.00
2011/11/25	14.70	14.82	14.58	14.65	1906506	28378758.00
2011/11/28	14.70	14.80	14.59	14.65	1887462	28081756.00
2011/11/29	14.80	15.14	14.70	15.02	4076289	61616664.00
2011/11/30	15.08	15.08	14.37	14.49	4030540	59675500.00
2011/12/01	14.91	15.06	14.60	14.73	6623145	99568432.00
2011/12/02	14.65	14.65	14.26	14.42	3207760	46920572.00
2011/12/05	14.39	14.41	14.01	14.04	3751786	53947680.00
2011/12/06	14.04	14.15	13.88	14.01	3333658	47403436.00
2011/12/07	14.02	14.10	13.83	13.91	3769291	53258540.00
2011/12/08	13.92	14.00	13.50	13.74	3985523	55529680.00
2011/12/09	13.74	13.74	13.56	13.63	1750779	24226648.00
2011/12/12	13.67	13.74	13.60	13.66	1975272	27357200.00
2011/12/13	13.64	13.64	13.12	13.14	3539238	47760812.00
2011/12/14	13.15	13.29	13.00	13.02	2100111	27996140.00
2011/12/15	13.00	13.00	12.06	12.10	5239186	65576896.00
2011/12/16	12.10	12.29	11.88	12.29	4253089	52304216.00
2011/12/19	12.17	12.17	11.64	12.02	4589911	55397892.00
2011/12/20	11.99	12.20	11.92	12.01	2717659	33312126.00
2011/12/21	12.20	12.24	11.78	11.80	2404381	29469616.00
2011/12/22	11.62	12.02	11.47	11.82	3240119	38566080.00
2011/12/23	11.82	12.12	11.80	11.97	2530309	30830800.00
2011/12/26	11.99	12.09	11.81	11.88	1712055	20835622.00
2011/12/27	11.96	12.01	11.66	11.84	2563305	30640068.00
2011/12/28	11.69	11.90	11.60	11.85	2039069	24324874.00
2011/12/29	11.75	11.90	11.71	11.75	1595161	19136524.00
2011/12/30	11.81	12.02	11.81	11.96	2367823	28743140.00
2012/01/04	12.06	12.15	11.68	11.69	2317120	28144224.00
2012/01/05	11.55	11.84	11.52	11.57	1818781	21597854.00
2012/01/09	11.77	12.65	11.57	12.62	8029776	100362736.00
2012/01/10	12.63	13.70	12.50	13.44	12538294	166104304.00
2012/01/11	13.36	13.61	13.02	13.19	8853256	119693624.00
2012/01/12	13.04	13.26	12.96	13.12	4733586	63049528.00
2012/01/13	13.18	13.18	12.55	12.71	5572510	72869192.00
2012/01/16	12.68	13.28	12.43	12.48	6168858	80283640.00
2012/01/17	12.48	13.45	12.42	13.39	11190953	148730160.00
2012/01/18	13.40	13.49	12.93	13.00	8407766	112585400.00
2012/01/19	13.06	13.35	12.97	13.21	5530319	74021792.00
2012/01/20	13.33	13.33	13.02	13.19	5588793	74587056.00
2012/01/30	13.22	13.27	12.87	12.90	4167704	55000544.00
2012/01/31	12.89	13.07	12.78	12.94	3148459	41302380.00
2012/02/01	12.90	13.05	12.64	12.70	2808799	36685288.00
2012/02/02	12.71	13.18	12.71	13.02	4237574	55750720.00
2012/02/03	13.02	13.08	12.83	13.04	4315975	56892392.00
2012/02/06	13.22	13.37	12.99	13.07	5308841	71102392.00
2012/02/07	12.96	13.00	12.72	12.88	3705095	48401748.00
2012/02/08	12.88	13.63	12.80	13.43	9947412	134193928.00
2012/02/09	13.46	13.60	13.31	13.35	8612654	117737216.00
2012/02/10	13.34	13.51	13.24	13.42	5721631	77735608.00
2012/02/13	13.25	13.56	13.17	13.47	6454937	87919440.00
2012/02/14	13.54	13.54	13.24	13.39	4729281	64096324.00
2012/02/15	13.30	13.69	13.28	13.59	8035279	110386440.00
2012/02/16	13.60	13.64	13.30	13.45	6339061	86524664.00
2012/02/17	13.55	13.55	13.25	13.36	4762858	64685184.00
2012/02/20	13.53	13.66	13.41	13.42	8311518	114304128.00
2012/02/21	13.48	13.63	13.33	13.60	5876889	80620488.00
2012/02/22	13.64	13.77	13.52	13.76	7840798	108851072.00
2012/02/23	13.76	13.92	13.67	13.86	10688071	149873040.00
2012/02/24	13.89	14.26	13.89	14.13	10686136	153272624.00
2012/02/27	14.26	14.38	14.03	14.05	9364956	135130336.00
2012/02/28	14.07	14.18	13.77	13.87	8329003	117680784.00
2012/02/29	13.85	14.05	13.80	13.81	5589300	78818472.00
2012/03/01	13.75	13.92	13.73	13.85	3956377	55604796.00
2012/03/02	13.92	14.21	13.92	14.18	7273192	104174656.00
2012/03/05	14.20	14.33	14.10	14.12	6616161	95223832.00
2012/03/06	14.07	14.07	13.76	13.78	6324562	88830840.00
2012/03/07	13.60	13.78	13.52	13.54	5496658	75884864.00
2012/03/08	13.72	13.84	13.61	13.81	4509645	62912576.00
2012/03/09	13.87	14.17	13.85	14.10	5608804	79910104.00
2012/03/12	14.10	14.11	13.83	13.90	5833969	82516520.00
2012/03/13	13.91	14.13	13.82	14.07	5807573	82453064.00
2012/03/14	14.10	14.20	13.42	13.49	10352067	145943248.00
2012/03/15	13.46	13.60	13.20	13.30	6032933	81818672.00
2012/03/16	13.33	13.48	13.13	13.43	3930154	53242740.00
2012/03/19	13.34	13.57	13.28	13.56	4831575	65775652.00
2012/03/20	13.60	13.76	13.42	13.51	6855185	94626384.00
2012/03/21	13.60	14.00	13.48	13.84	6853922	95736216.00
2012/03/22	13.83	13.90	13.69	13.78	4763684	66723980.00
2012/03/23	13.77	13.77	13.35	13.41	4077428	55824236.00
2012/03/26	13.41	13.51	13.30	13.42	2598689	35404532.00
2012/03/27	13.49	13.61	13.34	13.38	2094012	28628116.00
2012/03/28	13.30	13.38	12.75	12.77	4419988	58580380.00
2012/03/29	12.70	12.77	12.27	12.29	5021001	63889160.00
2012/03/30	12.40	12.46	12.26	12.33	2207875	27721024.00
2012/04/05	12.30	12.75	12.25	12.70	3874496	49348992.00
2012/04/06	12.70	12.81	12.60	12.79	2784014	36016832.00
2012/04/09	12.73	12.79	12.52	12.58	2566199	33030596.00
2012/04/10	12.57	12.80	12.15	12.73	2613566	33253708.00
2012/04/11	12.52	12.80	12.42	12.67	2219965	28559082.00
2012/04/12	12.77	13.17	12.77	13.04	6367399	83958216.00
2012/04/13	13.06	13.27	12.96	13.07	3997618	53165296.00
2012/04/16	12.89	13.00	12.69	12.83	3738395	48765444.00
2012/04/17	12.84	12.88	12.65	12.66	3000204	38879548.00
2012/04/18	12.70	13.16	12.70	13.15	7671077	101043712.00
2012/04/19	13.11	13.20	12.95	13.01	2911129	38614764.00
2012/04/20	13.01	13.21	12.91	13.17	5010318	66687364.00
2012/04/23	13.20	13.25	13.00	13.10	4439506	59092864.00
2012/04/24	12.90	13.19	12.71	13.02	6004674	78899864.00
2012/04/25	13.02	13.19	12.82	13.18	6273637	83285152.00
2012/04/26	13.21	13.60	13.20	13.34	9687425	132074176.00
2012/04/27	13.37	13.48	13.19	13.34	4942980	66969216.00
2012/05/02	13.44	14.15	13.20	13.93	18821747	262605616.00
2012/05/03	13.70	13.93	13.68	13.83	10609624	148740528.00
2012/05/04	13.83	13.99	13.70	13.93	7892675	111212640.00
2012/05/07	13.81	13.95	13.66	13.90	8414100	117892920.00
2012/05/08	13.85	13.85	13.60	13.80	5847223	81375976.00
2012/05/09	13.60	13.70	13.37	13.38	5129259	70412784.00
2012/05/10	13.38	13.77	13.38	13.50	4104889	56587884.00
2012/05/11	13.48	13.76	13.33	13.56	4566469	62826496.00
2012/05/14	13.73	13.75	13.39	13.43	4793259	65792448.00
2012/05/15	13.33	13.33	13.00	13.08	5070205	67497192.00
2012/05/16	13.05	13.21	12.95	13.12	4354375	57891504.00
2012/05/17	13.08	13.35	13.03	13.27	3286181	44014672.00
2012/05/18	13.05	13.16	12.58	12.80	9080840	118033856.00
2012/05/21	12.63	13.05	12.63	12.90	4128847	54154700.00
2012/05/22	12.95	13.03	12.89	12.99	2610082	34369064.00
2012/05/23	12.98	13.00	12.77	12.83	2350606	30732900.00
2012/05/24	12.80	12.98	12.72	12.77	2669803	34762984.00
2012/05/25	12.77	12.83	12.46	12.56	2807447	35923056.00
2012/05/28	12.46	12.76	12.32	12.72	10543649	134374848.00
2012/05/30	12.84	12.96	12.62	12.65	7196006	93300832.00
2012/05/31	12.59	12.83	12.52	12.68	2982314	38333056.00
2012/06/01	12.68	12.84	12.50	12.60	3480657	44941776.00
2012/06/04	12.40	12.40	12.16	12.17	4794438	59878960.00
2012/06/05	12.17	12.33	12.12	12.18	2454168	30437416.00
2012/06/06	12.24	12.29	11.98	12.09	3136658	38741952.00
2012/06/07	12.26	12.28	11.99	12.01	2339609	28840804.00
2012/06/08	12.05	12.26	11.80	11.88	3414877	41644900.00
2012/06/11	11.89	12.12	11.87	12.06	2546236	31060872.00
2012/06/12	11.96	11.99	11.76	11.79	2723230	32759440.00
2012/06/13	11.83	11.94	11.72	11.89	2528520	30422560.00
2012/06/14	11.89	11.95	11.82	11.86	2955557	35751636.00
2012/06/15	11.97	12.00	11.81	11.95	2743909	33311514.00
2012/06/18	12.05	12.11	11.93	12.09	2591373	31795212.00
2012/06/19	12.09	12.10	11.89	11.91	2632872	32087816.00
2012/06/20	11.97	12.05	11.88	11.93	2280087	27707688.00
2012/06/21	11.90	11.90	11.51	11.69	3819822	45197044.00
2012/06/25	11.69	11.71	11.13	11.17	4206433	48899616.00
2012/06/26	11.18	11.35	10.99	11.15	2954018	33535172.00
2012/06/27	11.16	11.20	10.97	11.01	2511844	28381136.00
2012/06/28	11.08	11.10	10.65	10.66	4380378	48199660.00
2012/06/29	10.64	10.77	10.35	10.75	4311161	46325024.00
2012/07/02	10.90	10.94	10.63	10.67	4407629	48443444.00
2012/07/03	10.65	10.79	10.44	10.50	5913529	63592708.00
2012/07/04	10.66	10.83	10.53	10.71	4868069	53068668.00
2012/07/05	10.67	10.67	10.45	10.57	2742173	29436184.00
2012/07/06	10.57	10.72	10.42	10.65	4492554	48287248.00
2012/07/09	10.55	10.58	10.16	10.17	4493104	47454868.00
2012/07/10	10.04	10.21	10.04	10.10	2393800	24654364.00
2012/07/11	10.08	10.27	10.00	10.19	2430182	25196694.00
2012/07/12	10.20	10.72	10.03	10.60	10657592	113764936.00
2012/07/13	10.50	10.70	10.42	10.49	5102531	54664584.00
2012/07/16	10.60	10.63	10.21	10.26	3492856	36130264.00
2012/07/17	10.29	10.44	10.05	10.33	3177029	32756564.00
2012/07/18	10.36	10.40	10.08	10.35	3942088	40509152.00
2012/07/19	10.26	10.46	10.18	10.35	5808745	60141708.00
2012/07/20	10.34	10.37	10.21	10.24	3018711	31037712.00
2012/07/23	10.16	10.27	9.99	10.10	3391101	34264032.00
2012/07/24	9.99	10.24	9.96	10.15	2580598	26111554.00
2012/07/25	10.13	10.19	10.04	10.07	1953239	19734924.00
2012/07/26	10.10	10.19	10.03	10.05	2192856	22185572.00
2012/07/27	10.08	10.22	10.03	10.04	3694107	37401776.00
2012/07/30	10.09	10.17	10.01	10.03	3137884	31649536.00
2012/07/31	10.07	10.09	9.70	9.77	3847463	37797324.00
2012/08/01	9.79	9.95	9.77	9.88	2240598	22163508.00
2012/08/02	9.87	9.87	9.71	9.77	2357085	23058550.00
2012/08/03	9.78	9.89	9.67	9.89	2398633	23519626.00
2012/08/06	9.84	10.19	9.84	10.12	5086787	51231948.00
2012/08/07	10.12	10.36	10.06	10.33	5581729	56818448.00
2012/08/08	10.31	10.57	10.21	10.34	7079668	73691600.00
2012/08/09	10.31	10.31	10.07	10.28	6222077	63451532.00
2012/08/10	10.26	10.26	10.11	10.15	3195293	32515612.00
2012/08/13	10.14	10.14	9.97	9.98	3417150	34367708.00
2012/08/14	9.98	10.07	9.89	10.06	2397034	23958432.00
2012/08/15	10.05	10.06	9.82	9.84	2901593	28749216.00
2012/08/16	9.89	9.89	9.73	9.76	2702926	26475688.00
2012/08/17	9.73	9.80	9.69	9.78	2620152	25534808.00
2012/08/20	9.74	9.74	9.52	9.64	3117461	29943012.00
2012/08/21	9.67	9.76	9.60	9.72	2369799	23029368.00
2012/08/22	9.74	9.79	9.54	9.58	2394563	23119804.00
2012/08/23	9.63	9.71	9.58	9.69	2442106	23618684.00
2012/08/24	9.60	9.98	9.41	9.72	3492691	33383276.00
2012/08/27	9.61	9.61	9.34	9.34	3018509	28597992.00
2012/08/28	9.32	9.52	9.29	9.40	1846382	17358612.00
2012/08/29	9.41	9.41	9.17	9.19	2211688	20499440.00
2012/08/30	9.19	9.27	9.07	9.12	2474279	22686316.00
2012/08/31	9.12	9.21	9.05	9.14	1800624	16423277.00
2012/09/03	9.14	9.26	9.07	9.19	2472469	22744388.00
2012/09/04	9.19	9.28	9.10	9.10	2511102	23079210.00
2012/09/05	9.10	9.16	8.89	8.99	3013832	27118606.00
2012/09/06	9.00	9.07	8.94	9.04	2181984	19683860.00
2012/09/07	9.11	9.95	9.08	9.74	13917513	133914096.00
2012/09/10	9.71	9.89	9.59	9.76	7709685	75073176.00
2012/09/11	9.71	9.71	9.52	9.65	4480827	43003696.00
2012/09/12	9.69	9.84	9.65	9.79	6195911	60493960.00
2012/09/13	9.81	9.83	9.62	9.63	3585340	34887944.00
2012/09/14	9.89	9.98	9.68	9.73	8362947	81948376.00
2012/09/17	9.73	9.75	9.46	9.46	4115784	39639676.00
2012/09/18	9.42	9.45	9.14	9.19	3819599	35575192.00
2012/09/19	9.18	9.28	9.13	9.27	3324813	30620262.00
2012/09/20	9.22	9.22	9.00	9.04	3232640	29445160.00
2012/09/21	8.98	9.29	8.96	9.12	3657128	33635456.00
2012/09/24	9.09	9.39	8.97	9.29	4940580	45352668.00
2012/09/25	9.22	9.34	9.08	9.21	3797063	35037324.00
2012/09/26	9.17	9.29	9.05	9.11	2830186	25958792.00
2012/09/27	9.11	9.63	9.09	9.48	7315200	69125360.00
2012/09/28	9.38	9.61	9.38	9.59	5832969	55668176.00
2012/10/08	9.54	9.68	9.40	9.46	3459705	32829284.00
2012/10/09	9.54	9.74	9.49	9.70	5034067	48709572.00
2012/10/10	9.70	9.81	9.64	9.76	4984102	48623464.00
2012/10/11	9.75	9.75	9.60	9.63	3070433	29683028.00
2012/10/12	9.71	9.76	9.45	9.59	4897368	46968528.00
2012/10/15	9.54	9.60	9.38	9.51	3748942	35545896.00
2012/10/16	9.51	9.58	9.46	9.50	2259627	21555668.00
2012/10/17	9.55	9.61	9.42	9.52	1974808	18791034.00
2012/10/18	9.56	9.71	9.54	9.69	4923268	47574544.00
2012/10/19	9.72	9.78	9.61	9.73	4163848	40437168.00
2012/10/22	9.66	9.70	9.54	9.67	4278849	41249920.00
2012/10/23	9.65	9.70	9.54	9.57	3224820	31059080.00
2012/10/24	9.52	9.60	9.48	9.56	2127176	20312144.00
2012/10/25	9.55	9.61	9.42	9.46	3091160	29427264.00
2012/10/26	9.39	9.43	9.18	9.19	3949123	36696024.00
2012/10/29	9.18	9.26	9.06	9.10	2194259	20108616.00
2012/10/30	8.99	9.16	8.99	9.12	3153852	28723618.00
2012/10/31	9.12	9.24	9.04	9.23	2145392	19631724.00
2012/11/01	9.19	9.35	9.19	9.33	4199150	39048216.00
2012/11/02	9.33	9.37	9.26	9.31	2129794	19839120.00
2012/11/05	9.32	9.56	9.24	9.45	5223407	49499748.00
2012/11/06	9.40	9.46	9.24	9.32	2863361	26678040.00
2012/11/07	9.32	9.41	9.27	9.30	1767173	16478696.00
2012/11/08	9.23	9.23	9.11	9.13	5707042	52486444.00
2012/11/09	9.14	9.16	9.04	9.07	3524769	32106996.00
2012/11/12	9.14	9.17	9.03	9.09	2247273	20414772.00
2012/11/13	9.09	9.09	8.95	8.95	2457227	22146204.00
2012/11/14	8.97	9.05	8.92	9.00	2782780	24970604.00
2012/11/15	8.99	8.99	8.79	8.83	2842142	25279200.00
2012/11/16	8.84	8.84	8.59	8.64	3654696	31765484.00
2012/11/19	8.66	8.71	8.48	8.67	2731060	23433604.00
2012/11/20	8.70	8.73	8.51	8.58	1747102	15059508.00
2012/11/21	8.59	8.77	8.50	8.76	2376138	20505942.00
2012/11/22	8.69	8.70	8.57	8.61	1817675	15683657.00
2012/11/23	8.66	8.72	8.59	8.60	2640170	22820566.00
2012/11/26	8.60	8.60	8.47	8.49	2007828	17124130.00
2012/11/27	8.49	8.49	8.26	8.27	2359171	19724654.00
2012/11/28	8.26	8.26	8.13	8.16	1786873	14639343.00
2012/11/29	8.15	8.25	8.02	8.03	2157274	17620398.00
2012/11/30	8.09	8.15	8.01	8.05	2161483	17461224.00
2012/12/03	8.02	8.11	7.69	7.72	2756888	21866044.00
2012/12/04	7.71	7.83	7.69	7.82	2418548	18809896.00
2012/12/05	7.83	8.22	7.75	8.17	5333082	43152188.00
2012/12/06	8.17	8.23	8.04	8.11	2971689	24194866.00
2012/12/07	8.12	8.58	8.07	8.43	7361291	61708592.00
2012/12/10	8.38	8.52	8.37	8.48	5539492	46862216.00
2012/12/11	8.47	8.68	8.34	8.49	5386279	45961092.00
2012/12/12	8.47	8.55	8.36	8.47	3231652	27340340.00
2012/12/13	8.44	8.51	8.33	8.34	2517255	21175954.00
2012/12/14	8.41	8.73	8.34	8.71	8436521	72730736.00
2012/12/17	8.74	9.28	8.69	8.96	10672659	96376632.00
2012/12/18	8.91	9.09	8.80	8.97	7096915	63564120.00
2012/12/19	8.88	9.15	8.88	8.96	5220899	47056904.00
2012/12/20	8.91	8.99	8.70	8.93	5293598	46863448.00
2012/12/21	8.94	9.29	8.94	9.02	10332594	94143888.00
2012/12/24	9.04	9.20	9.03	9.09	6048454	55242644.00
2012/12/25	9.08	9.44	9.02	9.34	11544091	106825648.00
2012/12/26	9.34	9.44	9.23	9.33	7429919	69449408.00
2012/12/27	9.36	9.49	9.13	9.15	9516498	88461344.00
2012/12/28	9.15	9.22	9.07	9.18	6249141	57175968.00
2012/12/31	9.23	9.29	9.11	9.23	7419548	68382976.00
2013/01/04	9.39	9.39	9.14	9.22	6435826	59461656.00
2013/01/07	9.22	9.29	9.12	9.22	4215122	38814172.00
2013/01/08	9.21	9.21	9.06	9.16	5709807	52139228.00
2013/01/09	9.16	9.38	9.09	9.36	10086848	93230232.00
2013/01/10	9.31	9.47	9.27	9.32	9578662	89719408.00
2013/01/11	9.32	9.39	9.03	9.06	7740296	71237256.00
2013/01/14	8.99	9.37	8.97	9.32	10202972	93750456.00
2013/01/15	9.33	9.66	9.29	9.55	14482943	137354864.00
2013/01/16	9.55	9.78	9.37	9.53	14301418	136935728.00
2013/01/17	9.53	9.58	9.24	9.31	8554360	80167432.00
2013/01/18	9.39	9.52	9.29	9.38	8073179	76043072.00
2013/01/21	9.47	9.79	9.40	9.74	17964146	173794544.00
2013/01/22	9.69	9.69	9.40	9.46	10232393	97853584.00
2013/01/23	9.46	9.52	9.25	9.43	6497944	60979448.00
2013/01/24	9.44	9.61	9.13	9.18	9140092	85658328.00
2013/01/25	9.19	9.27	9.09	9.10	4572419	41881284.00
2013/01/28	9.10	9.26	9.09	9.25	7045833	64675928.00
2013/01/29	9.25	9.44	9.24	9.32	9182480	85760888.00
2013/01/30	9.38	9.45	9.30	9.35	7400131	69394416.00
2013/01/31	9.25	9.49	9.12	9.35	9685204	90364960.00
2013/02/01	9.30	9.37	9.15	9.32	8203403	75899560.00
2013/02/04	9.49	10.25	9.36	10.25	41909765	416441984.00
2013/02/05	10.29	11.23	10.16	10.99	52205540	563442240.00
2013/02/06	10.99	10.99	10.70	10.85	22417317	242145408.00
2013/02/07	10.81	10.85	10.53	10.76	14775678	158246416.00
2013/02/08	10.75	10.92	10.59	10.63	11583874	124358944.00
2013/02/18	10.67	10.74	10.19	10.32	13283989	138033904.00
2013/02/19	10.31	10.45	10.01	10.12	13302936	135511056.00
2013/02/20	10.17	10.26	10.02	10.19	10483955	106393896.00
2013/02/21	10.09	10.09	9.39	9.59	18722038	181667056.00
2013/02/22	9.51	9.65	9.42	9.48	9938081	94606192.00
2013/02/25	9.50	9.61	9.45	9.52	6759357	64408708.00
2013/02/26	9.51	9.57	9.31	9.35	7067841	66666440.00
2013/02/27	9.38	9.49	9.27	9.47	8599111	81087152.00
2013/02/28	9.54	9.76	9.42	9.72	10390124	100028560.00
2013/03/01	9.68	9.71	9.46	9.59	9319555	89269680.00
2013/03/04	9.39	9.44	8.95	8.96	13891122	126654744.00
2013/03/05	9.00	9.14	8.87	9.14	6829897	61929748.00
2013/03/06	9.20	9.26	9.08	9.23	7344126	67403848.00
2013/03/07	9.17	9.78	9.07	9.61	21316314	203682576.00
2013/03/08	9.59	9.67	9.35	9.47	7958204	75635912.00
2013/03/11	9.41	9.47	9.33	9.44	4611519	43375840.00
2013/03/12	9.44	9.58	9.09	9.20	7161570	66445760.00
2013/03/13	9.11	9.32	9.09	9.17	4823964	44396436.00
2013/03/14	9.12	9.35	9.09	9.22	6230750	57437960.00
2013/03/15	9.21	9.30	8.99	9.11	6179997	56587868.00
2013/03/18	8.99	9.10	8.88	8.90	5428102	48668212.00
2013/03/19	8.93	9.03	8.80	8.90	5493219	48983728.00
2013/03/20	8.90	9.15	8.90	9.14	6169248	55871128.00
2013/03/21	9.15	9.27	9.06	9.16	5807677	53088024.00
2013/03/22	9.15	9.21	9.08	9.14	3558971	32538552.00
2013/03/25	9.18	9.25	9.11	9.15	4106212	37713264.00
2013/03/26	9.19	9.19	8.86	8.87	5866407	52629784.00
2013/03/27	8.90	9.02	8.75	8.83	4529908	40252272.00
2013/03/28	8.83	8.83	8.55	8.63	5234901	45219860.00
2013/03/29	8.71	8.71	8.50	8.52	2821001	24286720.00
2013/04/01	8.49	8.51	8.38	8.47	3664933	30982068.00
2013/04/02	8.46	8.59	8.43	8.51	2922001	24897976.00
2013/04/03	8.57	8.67	8.46	8.55	3397905	29047244.00
2013/04/08	8.40	8.40	8.24	8.34	3993407	33256292.00
2013/04/09	8.34	8.46	8.34	8.39	2922722	24588544.00
2013/04/10	8.39	8.58	8.37	8.57	4970331	42318692.00
2013/04/11	8.59	8.64	8.41	8.41	3441387	29274756.00
2013/04/12	8.45	8.46	8.30	8.32	1820600	15294057.00
2013/04/15	8.24	8.26	8.01	8.04	3262227	26430488.00
2013/04/16	7.98	8.18	7.90	8.14	3305059	26718644.00
2013/04/17	8.15	8.16	8.00	8.09	2434333	19666232.00
2013/04/18	8.02	8.17	7.97	8.06	1955330	15820816.00
2013/04/19	8.08	8.35	8.08	8.25	4227368	34840444.00
2013/04/22	8.21	8.32	8.16	8.31	3231803	26710910.00
2013/04/23	8.29	8.29	8.01	8.03	3135680	25407586.00
2013/04/24	8.04	8.24	8.01	8.18	3174696	25807540.00
2013/04/25	8.19	8.19	7.99	8.03	3182686	25742072.00
2013/04/26	8.02	8.08	7.75	7.80	5580286	43980404.00
2013/05/02	7.77	7.79	7.39	7.41	6207673	47013696.00
2013/05/03	7.41	7.65	7.41	7.56	4252645	32259504.00
2013/05/06	7.55	7.71	7.55	7.68	3102892	23819894.00
2013/05/07	7.67	7.98	7.50	7.71	5511499	42328308.00
2013/05/08	7.73	7.75	7.66	7.68	3526294	27164400.00
2013/05/09	7.68	7.71	7.43	7.49	5878027	44332680.00
2013/05/10	7.47	7.63	7.40	7.59	3529175	26695344.00
2013/05/13	7.64	7.65	7.49	7.53	3336242	25150338.00
2013/05/14	7.49	7.56	7.39	7.43	2938486	21872312.00
2013/05/15	7.44	7.51	7.40	7.47	2233456	16654826.00
2013/05/16	7.44	7.54	7.34	7.53	5335584	39833704.00
2013/05/17	7.57	7.96	7.49	7.90	11476487	88568856.00
2013/05/20	7.81	7.89	7.75	7.83	7815675	61200940.00
2013/05/21	7.82	7.92	7.80	7.84	5583283	43927748.00
2013/05/22	7.84	7.90	7.74	7.89	6645514	52100732.00
2013/05/23	7.81	7.89	7.66	7.68	5498897	42693144.00
2013/05/24	7.72	7.78	7.65	7.72	2973666	22965412.00
2013/05/27	7.72	7.75	7.64	7.67	3747647	28834616.00
2013/05/28	7.67	7.84	7.44	7.83	8248471	63357012.00
2013/05/29	7.83	7.83	7.72	7.75	4655349	36213632.00
2013/05/30	7.74	7.79	7.68	7.71	3558621	27565876.00
2013/05/31	7.72	7.83	7.66	7.66	4710820	36468608.00
2013/06/03	7.66	7.81	7.59	7.73	5161454	39905200.00
2013/06/04	7.73	7.73	7.49	7.55	4506121	34168008.00
2013/06/05	7.55	7.55	7.47	7.49	2478631	18621152.00
2013/06/06	7.48	7.61	7.45	7.46	3069257	23140208.00
2013/06/07	7.48	7.50	7.31	7.33	4424004	32665392.00
2013/06/13	7.31	7.31	7.00	7.04	4399127	31147708.00
2013/06/14	7.05	7.11	6.99	7.03	2757308	19410624.00
2013/06/17	7.05	7.08	6.85	6.92	4133807	28730136.00
2013/06/18	6.91	6.96	6.85	6.86	2513889	17333004.00
2013/06/19	6.85	6.93	6.60	6.85	3645749	24644852.00
2013/06/20	6.75	6.80	6.56	6.59	3485137	23273168.00
2013/06/21	6.49	6.67	6.32	6.60	3537480	23137872.00
2013/06/24	6.60	6.60	5.98	6.01	5349788	33550368.00
2013/06/25	5.98	6.07	5.45	5.90	6636350	38618628.00
2013/06/26	5.93	5.94	5.65	5.82	5189879	29933100.00
2013/06/27	5.79	5.91	5.71	5.72	5283545	30721812.00
2013/06/28	5.61	5.92	5.56	5.72	4567137	26274552.00
2013/07/01	5.68	5.79	5.55	5.69	3616771	20475668.00
2013/07/02	5.69	5.71	5.59	5.64	3316475	18711876.00
2013/07/03	5.66	5.69	5.58	5.67	3597250	20260950.00
2013/07/04	5.62	6.24	5.50	6.24	14240081	86825840.00
2013/07/05	6.30	6.52	6.24	6.29	21724293	138691520.00
2013/07/08	6.09	6.09	5.84	5.89	10004713	59709008.00
2013/07/09	5.86	6.28	5.86	6.08	9926429	60337088.00
2013/07/10	6.05	6.43	5.91	6.34	11692686	72799696.00
2013/07/11	6.28	6.68	6.26	6.49	16745630	108886448.00
2013/07/12	6.39	6.43	6.19	6.24	9596395	60528536.00
2013/07/15	6.31	6.37	6.17	6.30	6106089	38272080.00
2013/07/16	6.32	6.34	6.19	6.27	4922615	30870882.00
2013/07/17	6.19	6.48	6.17	6.24	8642719	54601012.00
2013/07/18	6.15	6.22	5.99	5.99	6145246	37289176.00
2013/07/19	5.96	6.10	5.71	5.74	5707663	33833360.00
2013/07/22	5.71	5.85	5.64	5.85	3152659	18231444.00
2013/07/23	5.79	6.13	5.79	6.05	5629973	34053088.00
2013/07/24	6.00	6.11	5.85	5.94	4696205	28004332.00
2013/07/25	5.95	6.17	5.91	5.98	5876490	35515696.00
2013/07/26	5.96	5.96	5.83	5.87	3098827	18280492.00
2013/07/29	5.89	5.89	5.67	5.69	3535691	20353774.00
2013/07/30	5.82	6.03	5.82	5.91	5985234	35469444.00
2013/07/31	5.89	6.04	5.80	6.02	6494542	38568424.00
2013/08/01	6.03	6.58	5.94	6.43	19293311	121257488.00
2013/08/02	6.39	7.07	6.30	7.07	28576362	196686848.00
2013/08/05	7.15	7.15	6.73	6.77	37794902	260227792.00
2013/08/06	6.65	6.84	6.57	6.72	13585780	91227704.00
2013/08/07	6.71	6.92	6.61	6.72	16318031	110974648.00
2013/08/08	6.62	6.87	6.54	6.64	12137232	81224528.00
2013/08/09	6.65	6.85	6.64	6.73	11697428	78664960.00
2013/08/12	6.83	7.34	6.70	7.27	27912997	196608320.00
2013/08/13	7.30	7.30	7.03	7.07	14848365	105626280.00
2013/08/14	7.07	7.23	6.89	6.97	11427982	80600248.00
2013/08/15	6.87	6.99	6.82	6.85	6204297	42766848.00
2013/08/16	6.83	7.15	6.70	6.73	11089659	76203760.00
2013/08/19	6.72	6.86	6.55	6.85	6205564	41712960.00
2013/08/20	6.85	6.88	6.63	6.71	5266692	35592976.00
2013/08/21	6.75	6.95	6.70	6.83	6061828	41369836.00
2013/08/22	6.81	6.88	6.66	6.67	5379739	36354320.00
2013/08/23	6.74	6.82	6.40	6.56	6512474	42891736.00
2013/08/26	6.55	6.71	6.55	6.70	5509496	36693104.00
2013/08/27	6.68	6.77	6.65	6.71	4287381	28700954.00
2013/08/28	6.63	6.86	6.56	6.78	9366318	63216640.00
2013/08/29	6.69	6.73	6.55	6.58	6890065	45627344.00
2013/08/30	6.56	6.65	6.46	6.48	5003828	32790660.00
2013/09/02	6.50	6.61	6.41	6.57	4311143	28152520.00
2013/09/03	6.61	6.67	6.53	6.65	4604703	30543432.00
2013/09/04	6.65	6.74	6.58	6.68	5466514	36381612.00
2013/09/05	6.67	6.67	6.50	6.55	4229563	27744402.00
2013/09/06	6.53	6.60	6.48	6.54	3635667	23809408.00
2013/09/09	6.57	6.77	6.53	6.68	8005998	53357392.00
2013/09/10	6.68	6.93	6.65	6.88	11331438	77302856.00
2013/09/11	6.86	7.10	6.83	6.94	13466281	93974424.00
2013/09/12	6.94	6.96	6.79	6.88	7017536	48123212.00
2013/09/13	6.82	7.00	6.70	6.75	6387460	43514272.00
2013/09/16	6.78	6.84	6.64	6.66	6323714	42372236.00
2013/09/17	6.67	6.67	6.49	6.50	5106504	33396998.00
2013/09/18	6.50	6.56	6.45	6.56	3419393	22271316.00
2013/09/23	6.61	6.70	6.57	6.66	4301515	28557780.00
2013/09/24	6.61	6.66	6.50	6.56	4247056	27819936.00
2013/09/25	6.57	6.63	6.50	6.51	3328743	21806872.00
2013/09/26	6.50	6.59	6.30	6.32	4301817	27724094.00
2013/09/27	6.30	6.57	6.29	6.41	4107738	26446342.00
2013/09/30	6.41	6.50	6.36	6.41	2191198	14030461.00
2013/10/08	6.33	6.46	6.32	6.45	2613443	16718165.00
2013/10/09	6.45	6.46	6.36	6.41	3112841	19921596.00
2013/10/10	6.39	6.49	6.31	6.41	5082210	32514214.00
2013/10/11	6.43	6.50	6.42	6.49	4699817	30415880.00
2013/10/14	6.48	6.57	6.46	6.55	5483373	35803920.00
2013/10/15	6.55	6.65	6.51	6.58	5606565	36975016.00
2013/10/16	6.61	6.62	6.40	6.45	4390216	28483530.00
2013/10/17	6.46	6.90	6.43	6.60	11234192	75068280.00
2013/10/18	6.55	6.65	6.50	6.54	4198801	27527724.00
2013/10/21	6.50	6.71	6.45	6.62	7549985	49852316.00
2013/10/22	6.58	6.79	6.56	6.73	9545578	63865776.00
2013/10/23	6.72	6.80	6.54	6.63	8272849	55086748.00
2013/10/24	6.65	6.68	6.38	6.42	5881222	38238928.00
2013/10/25	6.37	6.48	6.25	6.27	3919690	24951948.00
2013/10/28	6.27	6.36	6.00	6.08	5288250	32537656.00
2013/10/29	6.08	6.23	5.78	5.94	6010142	36120040.00
2013/10/30	5.96	6.08	5.96	6.03	3182508	19175058.00
2013/10/31	6.00	6.02	5.90	5.95	3163072	18854868.00
2013/11/01	5.94	6.04	5.92	6.00	2151112	12900419.00
2013/11/04	6.06	6.09	5.99	6.03	2474544	14932981.00
2013/11/05	5.98	6.04	5.91	6.01	2845892	16978432.00
2013/11/06	6.00	6.16	5.98	6.05	4290660	26045488.00
2013/11/07	6.05	6.11	6.00	6.03	3244303	19622136.00
2013/11/08	6.02	6.02	5.83	5.88	3536114	20901952.00
2013/11/11	5.88	5.90	5.81	5.87	1532174	8972151.00
2013/11/12	5.86	6.02	5.85	5.97	2710290	16126471.00
2013/11/13	5.90	5.95	5.84	5.85	2331273	13684387.00
2013/11/14	5.85	5.98	5.85	5.92	2451135	14497792.00
2013/11/15	5.95	6.06	5.92	6.00	4081269	24528582.00
2013/11/18	6.00	6.15	5.98	6.14	5454721	33191200.00
2013/11/19	6.15	6.15	6.04	6.07	4194272	25531512.00
2013/11/20	6.15	6.15	6.05	6.10	2730100	16619073.00
2013/11/21	6.11	6.57	6.11	6.39	15084080	96386752.00
2013/11/22	6.35	6.48	6.29	6.30	7395366	47118260.00
2013/11/25	6.22	6.33	6.16	6.23	4205023	26229412.00
2013/11/26	6.21	6.27	6.15	6.18	3708827	22957100.00
2013/11/27	6.19	6.28	6.11	6.28	5666960	35241584.00
2013/11/28	6.35	6.48	6.28	6.31	8666561	55249700.00
2013/11/29	6.29	6.30	6.21	6.26	3988739	24953236.00
2013/12/02	6.20	6.21	6.00	6.08	5154241	31515532.00
2013/12/03	6.01	6.16	6.01	6.14	3173155	19431264.00
2013/12/04	6.15	6.26	6.10	6.23	4457601	27714690.00
2013/12/05	6.19	6.33	6.19	6.24	3961472	24815560.00
2013/12/06	6.22	6.27	6.18	6.22	2386239	14836305.00
2013/12/09	6.28	6.30	6.22	6.23	2183189	13644761.00
2013/12/10	6.23	6.26	6.17	6.22	2271401	14101014.00
2013/12/11	6.18	6.20	6.06	6.09	3163401	19313858.00
2013/12/12	6.10	6.15	6.05	6.06	1939306	11825404.00
2013/12/13	6.03	6.13	6.03	6.07	1725058	10492161.00
2013/12/16	6.07	6.09	5.86	5.88	3576261	21343688.00
2013/12/17	5.90	5.93	5.85	5.89	1787720	10522049.00
2013/12/18	5.87	5.93	5.86	5.87	1473284	8670278.00
2013/12/19	5.91	5.99	5.85	5.85	2243455	13237223.00
2013/12/20	5.88	5.90	5.65	5.68	3047941	17518306.00
2013/12/23	5.68	5.72	5.60	5.65	1962867	11084310.00
2013/12/24	5.65	5.82	5.65	5.80	3389420	19575820.00
2013/12/25	5.77	5.82	5.72	5.76	1294078	7439159.00
2013/12/26	5.70	5.82	5.62	5.80	3657641	20920368.00
2013/12/27	5.79	5.85	5.72	5.81	1976661	11456951.00
2013/12/30	5.81	5.83	5.70	5.73	1637198	9395799.00
2013/12/31	5.65	5.96	5.65	5.78	2944728	17092452.00
2014/01/02	5.78	5.78	5.54	5.58	8072862	45267848.00
2014/01/03	5.53	5.56	5.50	5.56	2647916	14633227.00
2014/01/06	5.58	5.59	5.33	5.34	3235978	17457092.00
2014/01/07	5.29	5.35	5.19	5.24	3026145	15913564.00
2014/01/08	5.24	5.30	5.12	5.14	3069819	15917138.00
2014/01/09	5.13	5.18	5.04	5.05	3180993	16238154.00
2014/01/10	5.04	5.04	4.93	5.00	3628871	18090650.00
2014/01/13	4.99	5.06	4.96	5.02	1770765	8888508.00
2014/01/14	5.01	5.08	4.90	5.04	3056022	15235029.00
2014/01/15	5.04	5.04	4.92	4.96	2708827	13431344.00
2014/01/16	4.97	5.10	4.92	5.01	3190332	16002215.00
2014/01/17	5.01	5.01	4.88	4.90	2947068	14564923.00
2014/01/20	4.89	4.90	4.82	4.86	2101038	10209650.00
2014/01/21	4.87	4.96	4.86	4.92	1862898	9191765.00
2014/01/22	4.92	5.06	4.91	5.04	3367345	16919588.00
2014/01/23	5.05	5.07	5.00	5.01	1869008	9369027.00
2014/01/24	5.01	5.11	4.98	5.05	2532733	12810741.00
2014/01/27	5.00	5.08	4.99	5.02	2963651	14885586.00
2014/01/28	5.03	5.04	4.96	4.98	1757400	8779800.00
2014/01/29	4.81	4.95	4.81	4.85	3482563	16936268.00
2014/01/30	4.85	4.86	4.77	4.79	1755976	8447968.00
2014/02/07	4.80	4.80	4.70	4.76	1885971	8939518.00
2014/02/10	4.78	4.87	4.78	4.86	3251652	15741471.00
2014/02/11	4.83	5.08	4.82	5.02	7377566	36628928.00
2014/02/12	5.01	5.01	4.90	4.96	5302438	26236468.00
2014/02/13	4.94	5.05	4.92	4.96	4677271	23400346.00
2014/02/14	4.96	5.01	4.91	4.96	3825083	18927808.00
2014/02/17	4.98	5.05	4.94	5.03	5792802	28977978.00
2014/02/18	5.02	5.02	4.94	4.96	4720726	23452988.00
2014/02/19	4.94	4.99	4.91	4.98	4074837	20181868.00
2014/02/20	4.96	5.07	4.95	4.98	8186086	41121032.00
2014/02/21	4.98	4.98	4.87	4.88	4763099	23416812.00
2014/02/24	4.84	4.84	4.68	4.69	4548223	21479316.00
2014/02/25	4.68	4.71	4.52	4.54	4889003	22674072.00
2014/02/26	4.51	4.58	4.49	4.57	3664728	16600603.00
2014/02/27	4.59	4.59	4.42	4.44	4085532	18381140.00
2014/02/28	4.44	4.48	4.37	4.44	3785625	16743989.00
2014/03/03	4.44	4.49	4.39	4.47	3194181	14201671.00
2014/03/04	4.46	4.47	4.35	4.46	4415968	19472118.00
2014/03/05	4.46	4.62	4.42	4.49	5191219	23423440.00
2014/03/06	4.49	4.49	4.39	4.42	4019047	17781304.00
2014/03/07	4.41	4.46	4.39	4.40	2272839	10036910.00
2014/03/10	4.38	4.38	4.12	4.18	5222034	22014502.00
2014/03/11	4.18	4.36	4.13	4.23	4242874	17927616.00
2014/03/12	4.20	4.33	4.17	4.26	3879387	16503089.00
2014/03/13	4.25	4.40	4.21	4.33	5414210	23402674.00
2014/03/14	4.30	4.32	4.25	4.26	3014735	12896971.00
2014/03/17	4.26	4.38	4.19	4.32	4451649	19128068.00
2014/03/18	4.32	4.34	4.25	4.28	2863813	12308402.00
2014/03/19	4.26	4.31	4.20	4.30	2890710	12298731.00
2014/03/20	4.28	4.37	4.26	4.28	4446763	19245916.00
2014/03/21	4.23	4.50	4.23	4.47	10410547	45784248.00
2014/03/24	4.45	4.54	4.37	4.47	7645597	33998820.00
2014/03/25	4.43	4.52	4.41	4.47	5476764	24463002.00
2014/03/26	4.46	4.48	4.42	4.44	2663366	11830159.00
2014/03/27	4.43	4.47	4.38	4.39	2978064	13162867.00
2014/03/28	4.39	4.43	4.31	4.33	3391112	14773527.00
2014/03/31	4.31	4.36	4.25	4.29	2215859	9563241.00
2014/04/01	4.29	4.35	4.29	4.33	1828109	7906934.00
2014/04/02	4.32	4.49	4.32	4.42	5728059	25272622.00
2014/04/03	4.42	4.42	4.34	4.37	2538581	11103334.00
2014/04/04	4.33	4.42	4.33	4.38	1710897	7480293.00
2014/04/08	4.36	4.48	4.35	4.44	5406863	24010584.00
2014/04/09	4.47	4.48	4.42	4.43	3172631	14104230.00
2014/04/10	4.44	4.87	4.43	4.66	17332090	81013600.00
2014/04/11	4.60	4.73	4.52	4.57	12170649	55734684.00
2014/04/14	4.56	4.61	4.50	4.55	5344997	24270440.00
2014/04/15	4.55	4.55	4.42	4.46	4234917	18982122.00
2014/04/16	4.44	4.50	4.44	4.46	2153491	9622406.00
2014/04/17	4.49	4.50	4.40	4.42	3568569	15796324.00
2014/04/18	4.38	4.44	4.33	4.41	3420522	14996587.00
2014/04/21	4.37	4.41	4.28	4.31	3184382	13861838.00
2014/04/22	4.30	4.33	4.26	4.30	2319512	9964614.00
2014/04/23	4.31	4.34	4.27	4.29	2139780	9200449.00
2014/04/24	4.27	4.34	4.27	4.29	2548929	10973952.00
2014/04/25	4.31	4.31	4.17	4.19	3284644	13874423.00
2014/04/28	4.20	4.23	4.08	4.09	3724519	15360748.00
2014/04/29	4.26	4.50	4.25	4.50	6488785	29067236.00
2014/04/30	4.95	4.95	4.77	4.79	46280567	225794912.00
2014/05/05	4.72	5.06	4.58	5.04	31027462	149105760.00
2014/05/07	4.90	5.00	4.80	4.83	27071399	133205216.00
2014/05/08	4.84	5.31	4.72	5.31	41004719	212318048.00
2014/05/09	5.29	5.80	5.15	5.64	63469380	345718240.00
2014/05/12	5.56	6.20	5.43	6.20	43355154	256632816.00
2014/05/13	6.55	6.79	6.04	6.29	76429735	491155808.00
2014/05/14	6.08	6.41	6.08	6.21	38845402	241922976.00
2014/05/15	6.08	6.21	5.69	5.74	41354896	243812800.00
2014/05/16	5.77	5.95	5.73	5.91	33814149	197892816.00
2014/05/19	5.83	5.95	5.62	5.89	24247782	140804384.00
2014/05/20	5.94	5.97	5.59	5.64	26696397	153442048.00
2014/05/21	5.67	6.20	5.59	6.20	70008298	426429600.00
2014/05/22	6.11	6.26	6.05	6.12	44394614	272047520.00
2014/05/23	6.07	6.16	5.70	5.94	35759368	211107056.00
2014/05/26	5.85	5.97	5.80	5.92	20088688	118095240.00
2014/05/27	5.88	5.91	5.76	5.82	15607555	91042544.00
2014/05/28	5.88	6.25	5.82	6.02	40550993	245746640.00
2014/05/29	5.98	6.00	5.83	5.92	22990296	135399424.00
2014/05/30	5.80	6.15	5.74	5.98	34413390	205869776.00
2014/06/03	5.92	6.42	5.90	6.17	46922213	293071392.00
2014/06/04	6.17	6.50	6.11	6.39	45153523	285453312.00
2014/06/05	6.30	6.36	6.09	6.33	27168064	168866080.00
2014/06/06	6.28	6.29	6.10	6.17	20497301	126491984.00
2014/06/09	6.11	6.17	5.89	5.92	23254774	139685552.00
2014/06/10	5.89	6.07	5.78	6.02	24680412	145942608.00
2014/06/11	5.95	6.05	5.85	6.00	22374621	133007064.00
2014/06/12	5.96	6.15	5.87	5.92	26191451	156749216.00
2014/06/13	5.88	6.08	5.86	5.95	27890555	166823328.00
2014/06/16	5.92	6.02	5.90	5.97	17410956	103623568.00
2014/06/17	5.98	6.09	5.93	6.00	19866069	119197112.00
2014/06/18	6.00	6.00	5.74	5.88	28801430	168193008.00
2014/06/19	5.83	5.86	5.40	5.47	22219187	124935064.00
2014/06/20	5.46	5.52	5.36	5.44	11998633	65258048.00
2014/06/23	5.48	5.63	5.32	5.54	22733905	124311232.00
2014/06/24	5.48	5.62	5.42	5.52	14335224	78975088.00
2014/06/25	5.52	5.71	5.42	5.56	20932768	116898216.00
2014/06/26	5.51	5.59	5.46	5.54	14553449	80461056.00
2014/06/27	5.53	5.57	5.45	5.50	15281417	84140816.00
2014/06/30	5.48	5.52	5.42	5.47	15298437	83624888.00
2014/07/01	5.47	5.65	5.43	5.56	21112440	117612712.00
2014/07/02	5.54	5.87	5.49	5.79	33315941	190579120.00
2014/07/03	5.70	5.82	5.67	5.74	18947075	108671056.00
2014/07/04	5.70	5.72	5.48	5.54	37655932	209427040.00
2014/07/07	5.52	5.55	5.34	5.46	27998641	152311488.00
2014/07/08	5.46	5.48	5.36	5.42	18416960	99281928.00
2014/07/09	5.41	5.43	5.21	5.23	19924662	106305928.00
2014/07/10	5.22	5.34	5.20	5.22	15794458	83148872.00
2014/07/11	5.22	5.29	5.20	5.24	14750263	77426048.00
2014/07/14	5.25	5.36	5.23	5.36	16820140	89217288.00
2014/07/15	5.37	5.45	5.30	5.39	22837692	122642328.00
2014/07/16	5.34	5.40	5.31	5.33	13434201	71849928.00
2014/07/17	5.36	5.40	5.26	5.29	12995128	69158400.00
2014/07/18	5.30	5.44	5.28	5.34	15126367	81087224.00
2014/07/21	5.32	5.41	5.26	5.28	15094391	80201456.00
2014/07/22	5.24	5.42	5.24	5.39	25905463	139494496.00
2014/07/23	5.37	5.60	5.36	5.50	38696423	213162480.00
2014/07/24	5.49	5.86	5.46	5.75	59341863	337073472.00
2014/07/25	5.70	5.92	5.62	5.82	50485807	291960320.00
2014/07/28	5.82	6.35	5.77	6.16	66786966	406111616.00
2014/07/29	6.16	6.18	6.01	6.10	38928791	236945168.00
2014/07/30	6.05	6.31	6.02	6.10	41859237	258457680.00
2014/07/31	6.06	6.19	6.03	6.17	28589991	174832672.00
2014/08/01	6.11	6.60	6.06	6.29	65486834	411920032.00
2014/08/04	6.23	6.60	6.21	6.51	55384191	356864416.00
2014/08/05	6.56	6.78	6.36	6.45	61002096	399969280.00
2014/08/06	6.36	6.46	6.24	6.36	34048863	215667968.00
2014/08/07	6.38	6.44	6.23	6.24	24420998	154515056.00
2014/08/08	6.22	6.30	6.16	6.20	18679609	116053496.00
2014/08/11	6.21	6.31	6.21	6.29	20724093	129869992.00
2014/08/12	6.31	6.32	6.18	6.25	15603958	97231496.00
2014/08/13	6.26	6.57	6.17	6.50	46358924	296310720.00
2014/08/14	6.49	6.50	6.22	6.23	30509826	194091984.00
2014/08/15	6.24	6.38	6.19	6.30	17295338	108743648.00
2014/08/18	6.30	6.37	6.25	6.32	16574808	104530904.00
2014/08/19	6.32	6.52	6.26	6.41	33536757	214934384.00
2014/08/20	6.38	6.41	6.30	6.33	16504525	104699080.00
2014/08/21	6.34	6.38	6.22	6.27	15649268	98458640.00
2014/08/22	6.28	6.30	6.17	6.22	18080699	112516200.00
2014/08/25	6.22	6.22	6.06	6.10	16339866	100023200.00
2014/08/26	6.08	6.19	6.03	6.06	12930327	78917472.00
2014/08/27	6.06	6.13	6.04	6.12	10808886	65720408.00
2014/08/28	6.12	6.21	6.03	6.04	14481416	88553784.00
2014/08/29	6.05	6.06	5.88	6.01	12095350	72011216.00
2014/09/01	6.00	6.07	5.95	6.05	9406218	56642324.00
2014/09/02	6.01	6.20	6.01	6.20	19765387	121109080.00
2014/09/03	6.20	6.45	6.18	6.34	34333090	217763408.00
2014/09/04	6.35	6.37	6.26	6.35	16661813	105390288.00
2014/09/05	6.36	6.48	6.33	6.42	29357284	188411728.00
2014/09/09	6.40	6.52	6.32	6.47	28428924	182862224.00
2014/09/10	6.44	6.44	6.30	6.34	20055744	127244816.00
2014/09/11	6.35	6.44	6.26	6.27	21177434	134492528.00
2014/09/12	6.27	6.38	6.24	6.35	15582160	98449296.00
2014/09/15	6.39	6.80	6.38	6.66	47256585	312615680.00
2014/09/16	6.72	6.72	6.38	6.40	36698033	240476992.00
2014/09/17	6.40	6.44	6.28	6.40	14005382	89157128.00
2014/09/18	6.40	6.66	6.32	6.53	28349850	185441504.00
2014/09/19	6.48	6.93	6.47	6.86	50126972	338298048.00
2014/09/22	6.85	6.85	6.63	6.71	32568379	219244288.00
2014/09/23	6.67	6.80	6.66	6.76	19791781	133258400.00
2014/09/24	6.73	7.05	6.65	6.99	41155917	282280544.00
2014/09/25	7.05	7.10	6.85	6.90	34102139	236799328.00
2014/09/26	6.88	7.05	6.84	6.92	23964014	166800368.00
2014/09/29	6.96	7.17	6.93	7.11	32336048	228830320.00
2014/09/30	7.24	7.75	7.23	7.36	53787966	400241408.00
2014/10/08	7.36	7.46	7.21	7.39	28454958	208602256.00
2014/10/09	7.37	7.58	7.20	7.50	33767906	249465696.00
2014/10/10	7.63	8.12	7.63	7.75	56023040	438631648.00
2014/10/13	7.69	8.53	7.61	8.53	81563875	675615552.00
2014/10/14	8.53	9.13	8.30	8.97	86750206	747067456.00
2014/10/15	8.95	8.95	8.61	8.71	50641820	442157792.00
2014/10/16	8.60	8.80	8.15	8.19	55067527	470658464.00
2014/10/17	8.18	8.30	7.95	8.08	41514060	335549408.00
2014/10/20	8.13	8.35	8.08	8.27	33374772	274563808.00
2014/10/21	8.28	8.29	7.81	7.83	36479091	292015680.00
2014/10/22	7.88	8.03	7.70	7.77	29001475	226801248.00
2014/10/23	7.75	7.91	7.63	7.84	25092981	194851936.00
2014/10/24	7.83	7.88	7.66	7.71	17371129	134552816.00
2014/10/27	7.63	7.63	7.43	7.51	18995910	142751856.00
2014/10/28	7.55	7.96	7.51	7.91	30482581	236522128.00
2014/10/29	7.89	8.20	7.83	8.10	40856158	327998880.00
2014/10/30	8.03	8.30	7.91	8.16	40588823	329638240.00
2014/10/31	8.14	8.51	7.94	8.28	47077337	388211520.00
2014/11/03	8.30	8.32	8.11	8.17	31563074	259193152.00
2014/11/04	8.11	8.36	7.95	8.14	39398213	321031680.00
2014/11/05	8.11	8.11	7.81	7.83	27718592	220662320.00
2014/11/06	7.81	7.88	7.67	7.77	20695363	160584256.00
2014/11/07	7.78	7.97	7.65	7.73	22073422	172685968.00
2014/11/10	7.72	7.90	7.62	7.87	19128078	149073536.00
2014/11/11	7.90	8.28	7.80	8.01	46863014	377920480.00
2014/11/12	8.02	8.25	7.90	8.20	33906443	276359680.00
2014/11/13	8.24	8.31	8.03	8.17	33396470	272543008.00
2014/11/14	8.11	8.25	8.04	8.14	24959693	203660368.00
2014/11/17	8.18	8.19	7.82	7.84	25939995	206633472.00
2014/11/18	7.82	7.82	7.55	7.65	25915613	198399984.00
2014/11/19	7.62	7.71	7.53	7.69	13625865	104013224.00
2014/11/20	7.69	7.79	7.65	7.73	12291397	95005824.00
2014/11/21	7.73	7.73	7.56	7.70	17221062	131612736.00
2014/11/24	7.75	8.07	7.70	7.95	39038045	307664064.00
2014/11/25	7.96	8.25	7.91	8.24	50275078	407556096.00
2014/11/26	8.25	8.37	8.11	8.30	48997280	403357440.00
2014/11/27	8.32	8.79	8.32	8.54	63387608	542674816.00
2014/11/28	8.77	8.88	8.23	8.59	64522223	549015040.00
2014/12/01	8.48	9.24	8.35	8.88	76899146	684787648.00
2014/12/02	8.90	9.10	8.62	8.92	58056461	512749664.00
2014/12/03	8.93	9.42	8.83	9.10	78824132	718253120.00
2014/12/04	9.07	10.00	9.03	9.99	99978833	955189952.00
2014/12/05	10.10	10.10	9.00	9.32	92160848	879164160.00
2014/12/08	9.00	9.55	8.89	9.34	66464633	610712896.00
2014/12/09	9.19	9.64	8.43	8.57	79949148	731472832.00
2014/12/10	8.47	8.87	8.21	8.74	41697550	355332928.00
2014/12/11	8.61	8.85	8.52	8.79	32460043	283361152.00
2014/12/12	8.80	9.00	8.66	8.77	31872051	280943808.00
2014/12/15	8.75	8.75	8.49	8.69	24360205	209683488.00
2014/12/16	8.73	9.30	8.72	9.26	61700681	557972928.00
2014/12/17	9.20	9.28	8.82	9.03	42311106	382539904.00
2014/12/18	9.00	9.33	8.92	8.98	33544553	306155776.00
2014/12/19	8.90	9.27	8.75	9.18	49525454	450393088.00
2014/12/22	9.19	9.85	9.15	9.52	81560113	774425536.00
2014/12/23	9.45	9.45	8.70	8.86	37520913	338099872.00
2014/12/24	8.80	8.95	8.41	8.57	26473204	229092672.00
2014/12/25	8.74	8.80	8.57	8.78	19379913	168577072.00
2014/12/26	8.79	8.94	8.70	8.90	27406754	241948720.00
2014/12/29	8.85	9.10	8.69	8.77	29248216	260478128.00
2014/12/30	8.77	8.79	8.48	8.53	22733817	195098512.00
2014/12/31	8.53	8.71	8.40	8.67	18459803	158473584.00
2015/01/05	8.67	9.54	8.67	9.54	74837416	696902144.00
2015/01/06	9.90	10.16	9.36	9.43	106381710	1038162560.00
2015/01/07	9.23	9.58	9.11	9.36	46283107	429966944.00
2015/01/08	9.32	9.58	9.04	9.16	35331467	328481664.00
2015/01/09	9.10	9.28	9.02	9.03	25583718	233431072.00
2015/01/12	8.94	8.94	8.62	8.68	23593747	206260896.00
2015/01/13	8.67	8.77	8.61	8.72	12055476	104806432.00
2015/01/14	8.73	8.85	8.50	8.56	16480954	142344416.00
2015/01/15	8.57	8.83	8.43	8.81	17041224	146465056.00
2015/01/16	8.78	8.96	8.70	8.79	18018678	158874928.00
2015/01/19	8.44	8.44	7.91	7.91	31637796	257891536.00
2015/01/20	7.80	8.08	7.80	8.03	19355246	154457264.00
2015/01/21	8.09	8.34	8.01	8.32	23761211	194613760.00
2015/01/22	8.27	8.55	8.21	8.39	24691910	207476832.00
2015/01/23	8.49	8.55	8.31	8.35	17233950	144825696.00
2015/01/26	8.33	8.44	8.20	8.42	18335863	152528304.00
2015/01/27	8.44	8.47	8.17	8.28	21638094	180072224.00
2015/01/28	8.28	8.29	8.14	8.15	12610071	103315616.00
2015/01/29	8.09	8.29	8.03	8.17	12000597	98468448.00
2015/01/30	8.19	8.28	8.07	8.08	9629519	78484976.00
2015/02/02	8.01	8.04	7.90	7.91	9040590	71948416.00
2015/02/03	7.99	8.09	7.96	8.09	9799097	78620056.00
2015/02/04	8.16	8.19	8.02	8.06	12686379	103205040.00
2015/02/05	8.16	8.21	7.83	7.85	13043414	104381856.00
2015/02/06	7.80	7.89	7.46	7.52	15232035	116254000.00
2015/02/09	7.50	7.60	7.25	7.50	11492722	85306288.00
2015/02/10	7.50	7.60	7.49	7.59	7853471	59351124.00
2015/02/11	7.61	7.68	7.55	7.57	7089260	53973328.00
2015/02/12	7.58	7.60	7.42	7.55	7680471	57726136.00
2015/02/13	7.65	7.86	7.63	7.76	13430708	104335712.00
2015/02/16	7.80	7.84	7.75	7.81	8395684	65493748.00
2015/02/17	7.86	7.86	7.77	7.80	8259311	64549064.00
2015/02/25	7.81	7.83	7.73	7.77	7353590	57138256.00
2015/02/26	7.75	8.03	7.75	8.02	12887865	102013296.00
2015/02/27	8.02	8.07	7.96	8.01	11086002	88791176.00
2015/03/02	8.06	8.25	7.97	8.21	19675541	160589216.00
2015/03/03	8.17	8.23	8.03	8.05	14949975	121488032.00
2015/03/04	8.03	8.09	7.91	8.02	14416877	115265168.00
2015/03/05	8.02	8.03	7.77	7.82	13867017	109060376.00
2015/03/06	7.82	8.05	7.78	7.92	12546263	99912184.00
2015/03/09	7.90	7.95	7.70	7.94	12159389	94904608.00
2015/03/10	7.95	8.05	7.90	7.97	11203458	89408352.00
2015/03/11	7.97	8.08	7.91	8.03	11825166	94666400.00
2015/03/12	8.04	8.18	7.99	8.16	20325251	164553824.00
2015/03/13	8.20	8.82	8.17	8.44	49806077	422914336.00
2015/03/16	8.43	8.55	8.30	8.54	31642421	267754704.00
2015/03/17	8.55	8.65	8.47	8.60	33551649	286719808.00
2015/03/18	8.62	8.79	8.60	8.76	35386459	308353280.00
2015/03/19	8.77	8.95	8.64	8.84	40796969	358720448.00
2015/03/20	8.80	8.80	8.65	8.70	31879334	277412544.00
2015/03/23	8.70	8.96	8.70	8.88	44051230	389710624.00
2015/03/24	8.91	8.94	8.46	8.78	37539814	327250624.00
2015/03/25	8.70	8.75	8.59	8.64	25304469	218993184.00
2015/03/26	8.60	8.83	8.51	8.74	41725953	363830048.00
2015/03/27	8.79	9.01	8.79	8.95	51483589	459682464.00
2015/03/30	8.96	9.19	8.92	9.18	53627503	485537344.00
2015/03/31	9.24	9.30	8.91	8.93	45526553	413388448.00
2015/04/01	8.91	9.08	8.87	9.05	31255819	280641472.00
2015/04/02	9.08	9.22	9.00	9.16	37243192	339662976.00
2015/04/03	9.09	9.22	8.98	9.14	44806736	407820128.00
2015/04/07	9.18	9.49	9.16	9.44	62731732	587375616.00
2015/04/08	9.44	9.45	9.06	9.28	44913216	415523136.00
2015/04/09	9.20	9.79	9.00	9.66	89820905	847535424.00
2015/04/10	9.52	9.79	9.41	9.72	68397162	659565696.00
2015/04/13	9.71	9.89	9.59	9.77	57287610	557784448.00
2015/04/14	9.84	10.14	9.71	9.78	66965716	664863040.00
2015/04/15	9.76	9.77	9.23	9.24	45796452	434500864.00
2015/04/16	9.20	9.45	9.05	9.38	36129874	335866208.00
2015/04/17	9.43	9.74	9.39	9.62	52975694	508440000.00
2015/04/20	9.51	9.97	9.16	9.37	75342983	723902592.00
2015/04/21	9.23	9.69	9.22	9.67	49332642	466043136.00
2015/04/22	9.69	10.23	9.65	10.04	88614834	880984256.00
2015/04/23	10.06	11.04	9.91	10.77	134227726	1409723264.00
2015/04/24	10.56	10.87	10.32	10.45	84630381	896278208.00
2015/04/27	10.46	10.72	10.40	10.63	66762485	705020864.00
2015/04/28	10.64	10.76	9.94	10.10	64115038	664447552.00
2015/04/29	10.07	10.52	9.88	10.44	48061088	493332384.00
2015/04/30	10.29	10.40	10.00	10.01	51626284	522862016.00
2015/05/04	9.98	9.99	9.70	9.86	38057896	374331008.00
2015/05/05	9.86	10.11	9.25	9.30	42863590	413420000.00
2015/05/06	9.30	9.42	8.86	8.98	34208991	314779648.00
2015/05/07	8.94	9.08	8.81	8.90	27627288	246527808.00
2015/05/08	8.99	9.14	8.87	9.13	25722129	231794656.00
2015/05/11	9.15	9.35	9.07	9.34	38321943	352737824.00
2015/05/12	9.34	9.34	9.14	9.24	39455945	363826432.00
2015/05/13	9.24	9.28	9.07	9.16	35809838	327255872.00
2015/05/14	9.14	9.17	9.00	9.15	28483490	258563584.00
2015/05/15	9.13	9.14	8.81	8.83	31557021	282247232.00
2015/05/18	8.77	8.96	8.61	8.88	30372006	266599984.00
2015/05/19	8.86	9.09	8.84	9.08	26788446	241328544.00
2015/05/20	9.08	9.17	8.95	9.02	40455720	367570848.00
2015/05/21	8.98	9.19	8.83	9.18	46106429	414663584.00
2015/05/22	9.20	9.40	9.17	9.39	61332491	570265920.00
2015/05/25	9.38	9.65	9.28	9.63	67005380	637128960.00
2015/05/26	9.68	10.10	9.51	10.01	83700977	814402432.00
2015/05/27	9.90	11.01	9.81	11.01	123439690	1287575424.00
2015/05/28	11.20	11.48	10.02	10.11	161923981	1780249216.00
2015/05/29	10.20	10.89	9.59	10.51	147587705	1546402560.00
2015/06/01	10.55	11.56	10.49	11.56	101825625	1140689664.00
2015/06/02	11.95	12.69	11.62	12.18	214403467	2582208000.00
2015/06/03	11.96	12.31	11.48	11.80	116653950	1386967808.00
2015/06/04	11.69	12.30	10.89	12.16	118053533	1387535488.00
2015/06/05	12.20	12.68	11.80	12.03	132162065	1616563456.00
2015/06/08	11.79	12.10	11.58	11.88	73691721	871649920.00
2015/06/09	11.88	12.59	11.51	12.17	99209860	1198199040.00
2015/06/10	11.88	12.17	11.67	11.87	58066938	690150656.00
2015/06/11	11.71	11.86	11.30	11.60	62283399	720238464.00
2015/06/12	11.60	11.99	11.48	11.71	56036234	658814720.00
2015/06/15	11.89	11.89	11.45	11.60	50051305	585628416.00
2015/06/16	11.45	11.66	11.05	11.14	48337490	549984896.00
2015/06/17	11.12	11.40	10.80	11.32	42725895	475715264.00
2015/06/18	11.30	11.46	10.89	10.93	41501199	466673152.00
:
