2008/04/17	15.89	17.63	15.89	17.52	333613920	7134388224.00
2008/04/18	16.54	16.70	15.64	15.64	127132365	2633620992.00
2008/04/21	16.71	17.34	15.41	16.09	172426127	3725921280.00
2008/04/22	15.15	15.29	14.35	14.99	100450881	1923539328.00
2008/04/23	14.55	16.31	14.16	15.85	87127053	1752306432.00
2008/04/24	17.38	17.57	16.89	17.57	143940545	3222235136.00
2008/04/25	17.57	19.45	17.31	19.09	133208935	3222178304.00
2008/04/28	18.48	19.96	17.71	18.98	91202579	2204430592.00
2008/04/29	19.81	21.00	18.98	20.36	84810726	2202303488.00
2008/04/30	20.48	21.35	19.98	20.33	72788722	1908815872.00
2008/05/05	20.55	21.62	20.47	21.21	57505776	1546848768.00
2008/05/06	20.83	21.06	20.14	20.37	53171994	1391290752.00
2008/05/07	20.14	20.83	19.23	19.27	53258412	1353742208.00
2008/05/08	19.32	21.19	19.32	20.97	50734088	1307812992.00
2008/05/09	21.02	21.13	19.64	20.45	47829976	1250616704.00
2008/05/12	19.79	20.64	19.32	19.91	33388316	849052736.00
2008/05/13	19.27	19.93	18.56	18.88	42587969	1044152512.00
2008/05/14	18.94	20.14	18.94	19.72	32927844	831426176.00
2008/05/15	19.98	20.09	19.14	19.18	25884281	645322688.00
2008/05/16	19.36	19.83	18.91	19.64	22240491	553033984.00
2008/05/19	19.55	19.96	19.04	19.64	15890937	397208768.00
2008/05/20	19.77	20.08	18.73	18.74	26435502	658739968.00
2008/05/21	18.83	19.13	17.73	18.97	35268257	833071040.00
2008/05/23	18.36	18.62	17.45	17.64	29232835	673743808.00
2008/05/26	17.40	17.56	16.79	16.86	16003323	352872128.00
2008/05/27	17.14	17.61	16.66	17.45	14872666	331482496.00
2008/05/28	17.45	17.99	17.00	17.69	15787014	356055584.00
2008/05/29	17.56	17.69	16.74	16.76	14845276	329313728.00
2008/05/30	16.84	17.06	16.41	16.87	11638685	251602768.00
2008/06/02	16.67	18.20	16.56	17.74	22790311	513641952.00
2008/06/03	17.39	17.66	17.04	17.20	13363616	298747680.00
2008/06/04	17.13	17.13	16.39	16.57	11748150	252748816.00
2008/06/05	16.46	16.87	16.32	16.70	7416249	159542656.00
2008/06/06	16.79	17.04	16.50	16.89	7806889	169226112.00
2008/06/10	16.06	16.48	15.08	15.08	15046021	303063360.00
2008/06/11	14.89	14.89	14.24	14.46	16356407	310124352.00
2008/06/12	14.49	15.05	14.19	14.90	18917833	361892256.00
2008/06/13	14.77	14.94	13.73	13.82	15904326	297573024.00
2008/06/16	13.82	14.14	13.38	13.83	12601279	227888992.00
2008/06/17	13.84	14.01	12.90	13.04	14169722	250341760.00
2008/06/18	13.02	14.39	12.73	14.31	26302002	474403200.00
2008/06/19	14.02	14.02	12.75	12.75	22016806	386029280.00
2008/06/20	12.96	13.89	12.23	13.23	22090077	383527648.00
2008/06/23	12.96	13.62	12.71	13.23	13493676	233426832.00
2008/06/24	13.05	13.84	12.91	13.61	14683536	260796592.00
2008/06/25	13.56	14.41	13.44	14.18	19571791	360813184.00
2008/06/26	14.19	14.98	13.71	14.47	31238962	583263936.00
2008/06/27	13.88	14.13	12.96	13.14	24448619	435039360.00
2008/06/30	12.96	13.29	12.64	12.91	11256030	191983840.00
2008/07/01	12.98	13.29	12.61	13.05	11991566	204627792.00
2008/07/02	13.06	13.71	12.98	13.29	13369204	235042912.00
2008/07/03	13.11	14.34	12.90	13.95	22666933	410142816.00
2008/07/04	13.89	14.03	13.29	13.49	17282027	308836128.00
2008/07/07	13.53	14.36	13.53	14.29	19859675	366450304.00
2008/07/08	14.38	14.69	13.96	14.26	20659399	387098080.00
2008/07/09	14.29	15.06	14.08	14.94	34176266	652191296.00
2008/07/10	14.56	14.79	14.15	14.20	28571283	541292480.00
2008/07/11	14.11	14.48	13.88	14.09	14233158	263210912.00
2008/07/14	13.94	14.21	13.89	14.05	9947958	182895632.00
2008/07/15	14.14	14.30	13.24	13.29	16000564	286783008.00
2008/07/16	13.14	13.21	12.62	12.83	13644482	231378192.00
2008/07/17	12.54	13.54	12.30	13.29	105977627	1806225280.00
2008/07/18	13.06	13.37	12.52	13.14	52842325	901081920.00
2008/07/21	13.17	13.79	13.00	13.59	45326559	799474624.00
2008/07/22	13.83	15.07	13.78	14.32	80861555	1538525696.00
2008/07/23	14.14	14.52	14.10	14.31	39015954	728498752.00
2008/07/24	14.41	14.63	14.15	14.44	33371188	628876672.00
2008/07/25	14.31	14.34	13.94	13.99	29377715	541422976.00
2008/07/28	14.14	14.62	14.08	14.20	21178394	396599520.00
2008/07/29	13.98	14.13	13.54	13.58	25817142	466174432.00
2008/07/30	13.87	13.97	13.35	13.54	15432895	276801984.00
2008/07/31	13.71	13.89	13.39	13.45	21176190	378452192.00
2008/08/01	13.39	13.61	12.85	13.49	22410131	389884544.00
2008/08/04	13.31	13.37	12.80	12.84	13749675	236340576.00
2008/08/05	12.89	13.04	12.67	12.84	12920875	218579920.00
2008/08/06	12.91	12.98	12.45	12.70	13019543	218070688.00
2008/08/07	12.69	12.80	12.28	12.47	14459388	238987792.00
2008/08/08	12.48	12.62	11.38	11.46	27879728	441414912.00
2008/08/11	11.44	11.44	10.19	10.19	27673441	394705984.00
2008/08/12	9.99	10.59	9.90	10.32	18848636	261928672.00
2008/08/13	10.19	10.77	9.81	10.53	25638260	357428608.00
2008/08/14	10.39	10.56	10.23	10.24	12864866	179609744.00
2008/08/15	10.23	10.64	9.99	10.31	15552815	217869632.00
2008/08/18	10.33	10.33	9.15	9.16	18858240	246679232.00
2008/08/19	8.97	9.45	8.88	9.40	14027119	177049408.00
2008/08/20	9.22	10.47	9.03	10.47	25722207	350040256.00
2008/08/21	10.31	10.69	9.93	10.03	26886746	372945952.00
2008/08/22	9.90	10.13	9.46	9.74	15810622	209204624.00
2008/08/25	9.80	9.84	9.40	9.54	9248857	121361552.00
2008/08/26	9.34	9.68	8.98	9.16	14860301	187523376.00
2008/08/27	9.09	9.50	8.87	9.25	13392517	168709680.00
2008/08/28	9.27	9.52	9.09	9.38	10031236	127878896.00
2008/08/29	9.48	9.89	9.34	9.70	15079432	197495296.00
2008/09/01	9.56	9.63	9.09	9.13	10213914	129423240.00
2008/09/02	9.10	9.25	8.89	9.13	8710009	107853424.00
2008/09/03	9.09	9.18	8.74	8.84	13551203	164566208.00
2008/09/04	8.86	9.22	8.79	9.03	10261918	126632376.00
2008/09/05	8.60	8.78	8.44	8.47	14541658	172138560.00
2008/09/08	8.48	8.56	7.81	7.83	16679686	185912768.00
2008/09/09	7.89	8.05	7.69	7.94	7225098	79478432.00
2008/09/10	7.83	8.10	7.58	7.75	11971544	131256456.00
2008/09/12	7.39	7.83	7.35	7.54	14610582	155372544.00
2008/09/16	7.48	7.48	7.03	7.08	18108365	184294720.00
2008/09/17	7.10	7.31	7.06	7.14	13122260	133174912.00
2008/09/18	7.04	7.48	6.74	7.36	30255404	307079264.00
2008/09/19	8.23	8.23	7.99	8.23	23470362	266742800.00
2008/09/22	8.81	9.18	8.39	8.81	61438651	744915520.00
2008/09/23	8.38	8.54	8.10	8.24	29061224	334049632.00
2008/09/24	7.88	8.19	7.81	8.15	17329883	192132320.00
2008/09/25	8.08	8.64	8.03	8.34	25797523	299463520.00
2008/09/26	8.51	8.69	8.13	8.65	24463830	284218944.00
2008/10/06	8.21	8.33	7.66	7.67	18101719	201972112.00
2008/10/07	7.23	7.52	7.09	7.40	17093820	176005152.00
2008/10/08	7.14	7.54	7.06	7.24	12600786	129556800.00
2008/10/09	7.41	7.47	7.06	7.07	11053618	112806384.00
2008/10/10	6.73	6.79	6.24	6.24	20754421	191168128.00
2008/10/13	6.06	6.30	5.67	6.29	21156115	183977968.00
2008/10/14	6.69	6.69	5.85	5.88	19562785	179567392.00
2008/10/15	5.77	5.79	5.53	5.71	12028764	99868144.00
2008/10/16	5.31	5.44	5.10	5.13	15594986	122646712.00
2008/10/17	5.25	5.44	5.19	5.35	11699062	92364432.00
2008/10/20	5.32	5.70	5.16	5.68	10919912	88567472.00
2008/10/21	5.71	6.04	5.68	5.74	20823842	177946544.00
2008/10/22	5.56	5.78	5.44	5.45	13617320	111929448.00
2008/10/23	5.23	5.54	5.14	5.54	9987205	79213672.00
2008/10/24	5.55	5.64	5.27	5.38	10177067	81847088.00
2008/10/27	5.29	5.63	5.14	5.16	20534239	164732672.00
2008/10/28	5.10	5.80	5.08	5.77	29772491	243909568.00
2008/10/29	5.81	5.81	5.44	5.47	24824764	204973968.00
2008/10/30	5.58	5.89	5.48	5.73	23876491	200677584.00
2008/10/31	5.65	5.69	5.52	5.54	13140346	108278688.00
2008/11/03	5.46	5.61	5.37	5.39	10402031	83959776.00
2008/11/04	5.39	5.42	5.13	5.19	11347477	88866992.00
2008/11/05	5.31	5.64	5.31	5.50	17492896	142224752.00
2008/11/06	5.29	5.47	5.25	5.38	8340026	66399896.00
2008/11/07	5.21	5.60	5.17	5.54	11365460	91973752.00
2008/11/10	5.68	6.18	5.64	6.14	32278179	280168000.00
2008/11/11	6.02	6.44	5.96	5.99	32871769	292075424.00
2008/11/12	5.94	6.10	5.79	6.09	22474127	195047296.00
2008/11/13	5.94	6.64	5.86	6.49	40753633	370770400.00
2008/11/14	6.52	7.02	6.33	6.86	45051525	429070848.00
2008/11/17	6.71	7.21	6.64	7.05	40421829	396254080.00
2008/11/18	7.06	7.29	6.22	6.23	50780959	488838400.00
2008/11/19	6.26	6.83	6.19	6.79	28763370	268091200.00
2008/11/20	6.59	7.31	6.41	7.01	50624168	499636512.00
2008/11/21	6.65	7.06	6.46	6.76	30435062	292396704.00
2008/11/24	6.87	7.05	6.46	6.49	23384919	223750096.00
2008/11/25	6.67	6.84	6.36	6.59	22480809	213014560.00
2008/11/26	6.55	6.68	6.39	6.52	12139227	113521968.00
2008/11/27	7.08	7.09	6.56	6.58	28636037	279188096.00
2008/11/28	6.47	6.54	6.27	6.33	16647807	152819280.00
2008/12/01	6.29	6.60	6.14	6.59	16828013	154649056.00
2008/12/02	6.36	6.81	6.29	6.67	24568998	232040944.00
2008/12/03	6.77	7.14	6.69	7.13	38912103	386803200.00
2008/12/04	7.29	7.69	7.12	7.17	53915954	561079680.00
2008/12/05	7.06	7.44	7.02	7.37	27775024	282984256.00
2008/12/08	7.44	7.76	7.40	7.72	39247170	417111040.00
2008/12/09	7.81	8.02	7.44	7.50	43260147	468258784.00
2008/12/10	7.42	7.64	7.19	7.58	26379648	276711936.00
2008/12/11	7.54	7.69	7.20	7.21	27266648	285682560.00
2008/12/12	7.13	7.31	6.68	6.79	25523227	252792352.00
2008/12/15	6.94	7.02	6.75	6.94	14469807	141856160.00
2008/12/16	6.77	7.10	6.68	7.09	13648678	133666856.00
2008/12/17	7.17	7.92	7.12	7.64	54729665	585974656.00
2008/12/18	7.59	8.48	7.48	8.42	59252070	660729280.00
2008/12/19	8.15	8.83	8.11	8.59	61157884	716717440.00
2008/12/22	8.59	8.73	8.27	8.55	39936103	468695648.00
2008/12/23	8.55	8.55	7.82	7.92	43095593	482675904.00
2008/12/24	7.79	7.96	7.53	7.89	29347202	317990912.00
2008/12/25	7.94	8.04	7.63	7.74	22319683	244196720.00
2008/12/29	7.98	8.48	7.81	7.89	53531073	604479040.00
2008/12/30	7.73	7.98	7.34	7.49	30876299	329715456.00
2008/12/31	7.54	7.55	7.10	7.12	19661265	203020352.00
2011/10/10	14.66	14.74	14.41	14.42	3925452	58833548.00
2011/10/11	14.92	14.96	14.26	14.43	5241309	78905648.00
2011/10/12	14.26	15.16	14.16	15.03	12339266	188338848.00
2011/10/13	15.01	15.46	14.91	15.22	12780952	199852928.00
2011/10/14	15.10	15.22	14.92	14.98	6145034	95106808.00
2011/10/17	15.15	15.27	14.90	15.02	4901538	75995160.00
2011/10/18	14.91	14.91	14.43	14.55	9687958	146437872.00
2011/10/19	14.58	14.76	14.47	14.50	3842156	57714264.00
2011/10/20	14.44	14.55	14.11	14.24	8967045	132460336.00
2011/10/21	14.21	14.43	14.06	14.13	5854500	85947496.00
2011/10/24	14.18	14.41	13.57	14.33	8333319	121191104.00
2011/10/25	14.43	15.13	14.06	14.85	13646104	206908864.00
2011/10/26	14.71	15.31	14.61	15.00	18906382	292419552.00
2011/10/27	15.00	15.22	14.82	14.98	14206542	219672496.00
2011/10/28	15.32	15.47	15.09	15.18	14518053	227945440.00
2011/10/31	15.19	15.23	14.84	15.04	12344653	191738656.00
2011/11/01	14.85	15.41	14.82	15.06	14451902	225336464.00
2011/11/02	14.71	15.18	14.61	15.13	11236546	171586160.00
2011/11/03	15.29	15.71	15.19	15.27	18818033	298761760.00
2011/11/04	15.45	15.93	15.37	15.57	15535529	249693088.00
2011/11/07	15.55	15.64	15.32	15.36	8341708	132596752.00
2011/11/08	15.36	15.59	15.16	15.19	8768913	138660912.00
2011/11/09	15.32	15.51	15.02	15.42	7014309	110296800.00
2011/11/10	15.14	15.27	14.98	15.00	8462999	131380600.00
2011/11/11	15.11	15.24	14.95	15.04	6060599	93852816.00
2011/11/14	15.21	15.43	15.16	15.36	9345345	147179840.00
2011/11/15	15.35	15.53	15.24	15.41	7232318	114455328.00
2011/11/16	15.44	15.53	14.76	14.78	11101958	171623904.00
2011/11/17	14.79	14.90	14.56	14.64	6851697	103702464.00
2011/11/18	14.52	14.52	14.11	14.13	7070990	104214504.00
2011/11/21	14.21	14.35	14.02	14.34	4355768	63769432.00
2011/11/22	14.16	14.31	14.01	14.17	3877201	56583328.00
2011/11/23	14.22	14.28	13.99	14.00	3645281	53068480.00
2011/11/24	13.86	14.09	13.76	13.96	3584352	51443708.00
2011/11/25	13.94	14.41	13.94	14.03	6677100	97847064.00
2011/11/28	14.06	14.31	13.86	14.15	4693236	68317712.00
2011/11/29	14.36	14.40	14.08	14.29	7068181	103611352.00
2011/11/30	14.24	14.25	13.36	13.45	8744196	124215536.00
2011/12/01	13.96	14.29	13.89	13.98	11435683	166001440.00
2011/12/02	13.96	13.96	13.57	13.67	4703527	66568036.00
2011/12/05	13.80	13.80	13.44	13.51	4051403	56884976.00
2011/12/06	13.48	13.56	13.19	13.40	4191352	57912948.00
2011/12/07	13.41	13.50	13.21	13.31	3260472	44910324.00
2011/12/08	13.38	13.38	12.69	12.85	9827455	131734456.00
2011/12/09	12.80	12.86	12.47	12.56	6693094	87434360.00
2011/12/12	12.49	12.71	12.44	12.46	3148195	40890072.00
2011/12/13	12.39	12.39	11.86	11.87	7659690	95500048.00
2011/12/14	11.86	12.00	11.57	11.58	4687314	57228968.00
2011/12/15	11.42	11.42	10.88	10.89	7812478	89983368.00
2011/12/16	10.87	11.19	10.81	11.17	5615601	64117136.00
2011/12/19	11.12	11.18	10.84	11.16	5510882	62957312.00
2011/12/20	11.14	11.42	11.06	11.20	4909881	57458840.00
2011/12/21	11.35	11.44	10.80	10.81	4994899	57948128.00
2011/12/22	10.66	11.11	10.36	10.85	7145143	79071192.00
2011/12/23	10.78	11.19	10.72	10.95	5812433	66434020.00
2011/12/26	10.81	11.11	10.76	10.76	4205499	47694016.00
2011/12/27	10.75	10.89	10.41	10.47	3638327	40418352.00
2011/12/28	10.46	10.76	10.37	10.72	4572710	50387724.00
2011/12/29	10.66	10.85	10.59	10.67	4440228	49535216.00
2011/12/30	10.71	11.06	10.68	10.94	5770401	65613080.00
2012/01/04	11.12	11.12	10.53	10.55	5248150	59343440.00
2012/01/05	10.51	10.65	10.16	10.18	4820180	52357348.00
2012/01/06	10.13	10.31	10.00	10.30	4390921	46430456.00
2012/01/09	10.30	10.92	10.12	10.88	9144073	101220048.00
2012/01/10	10.88	12.01	10.80	12.01	24417545	292536608.00
2012/01/11	12.00	12.05	11.69	11.78	15579288	191264000.00
2012/01/12	11.76	12.16	11.66	11.89	13801709	170554608.00
2012/01/13	11.89	12.14	11.36	11.65	13655500	166232864.00
2012/01/16	11.46	11.63	11.06	11.09	8001330	94340768.00
2012/01/17	11.14	12.24	11.14	12.24	20753065	256581760.00
2012/01/18	12.56	13.06	12.01	12.16	26315444	342174752.00
2012/01/19	12.16	12.84	11.97	12.53	16355428	210636144.00
2012/01/20	12.56	12.74	12.26	12.61	12322025	159530784.00
2012/01/30	12.63	12.73	12.30	12.34	10619814	137619488.00
2012/01/31	12.38	12.49	12.21	12.35	6665703	85263864.00
2012/02/01	12.29	12.40	11.78	11.84	8474139	105911048.00
2012/02/02	11.87	12.19	11.87	12.17	8763871	109442768.00
2012/02/03	12.13	12.33	11.99	12.21	8361636	105457648.00
2012/02/06	12.31	12.47	12.08	12.19	7550281	95940064.00
2012/02/07	12.13	12.13	11.84	12.02	6500557	80629320.00
2012/02/08	12.01	13.06	11.97	12.79	19962196	259705792.00
2012/02/09	12.72	12.86	12.57	12.67	15186192	199602752.00
2012/02/10	12.68	12.98	12.63	12.76	13536106	179212480.00
2012/02/13	12.61	12.96	12.51	12.76	10614497	140236928.00
2012/02/14	12.76	12.79	12.57	12.65	8575089	112367976.00
2012/02/15	12.56	13.22	12.56	13.03	17820490	239502784.00
2012/02/16	12.95	13.52	12.91	13.19	18271305	249214416.00
2012/02/17	13.29	13.40	13.02	13.14	9176364	125098144.00
2012/02/20	13.43	13.59	13.12	13.20	14931308	206408992.00
2012/02/21	13.18	13.43	13.00	13.39	10398467	142397024.00
2012/02/22	13.38	13.55	13.32	13.49	10716460	148717264.00
2012/02/23	13.49	13.67	13.31	13.46	12750229	177851280.00
2012/02/24	13.42	13.59	13.36	13.52	12346821	171708672.00
2012/02/27	13.65	13.93	13.54	13.56	18825738	266536160.00
2012/02/28	13.54	13.54	13.30	13.36	11214844	155314992.00
2012/02/29	13.34	13.71	13.21	13.35	10532314	146394176.00
2012/03/01	13.25	13.39	13.16	13.25	7203262	98726968.00
2012/03/02	13.36	13.66	13.34	13.47	11685615	162583600.00
2012/03/05	13.48	13.85	13.37	13.59	13478087	189638784.00
2012/03/06	13.51	13.56	13.11	13.18	11984568	164544784.00
2012/03/07	12.98	13.05	12.67	12.74	13552307	180600080.00
2012/03/08	12.79	13.16	12.76	13.00	12157839	162481536.00
2012/03/09	13.10	13.21	12.98	13.20	8510692	115319768.00
2012/03/12	13.23	13.59	13.14	13.39	13666329	188830672.00
2012/03/13	13.39	13.50	13.21	13.45	10275132	141739264.00
2012/03/14	13.66	13.91	12.81	12.95	28582734	400038656.00
2012/03/15	12.92	13.06	12.52	12.59	14530754	191542528.00
2012/03/16	12.68	13.06	12.56	13.05	11018176	146395728.00
2012/03/19	13.01	14.09	12.96	14.06	31001360	435014752.00
2012/03/20	13.86	14.34	13.64	14.02	35573068	512454272.00
2012/03/21	13.91	15.47	13.91	15.04	77854438	1209686784.00
2012/03/22	14.80	14.82	14.31	14.49	38847856	581620992.00
2012/03/23	14.37	14.96	14.19	14.51	30867639	463922240.00
2012/03/26	14.38	14.71	14.08	14.31	17069840	251566480.00
2012/03/27	14.48	14.69	14.19	14.29	14870853	221488128.00
2012/03/28	14.12	14.12	12.98	13.11	23151932	324804448.00
2012/03/29	12.89	12.93	12.41	12.57	16826799	220556464.00
2012/03/30	12.71	12.76	12.08	12.30	12572067	160695088.00
2012/04/05	12.28	12.94	12.24	12.85	13291549	173909696.00
2012/04/06	12.90	13.21	12.78	12.99	13489633	180927232.00
2012/04/09	12.94	13.04	12.65	12.76	7920620	105194136.00
2012/04/10	12.61	13.02	12.16	12.98	13975371	181628416.00
2012/04/11	12.64	13.05	12.58	12.82	9024915	119384032.00
2012/04/12	12.78	13.27	12.78	13.17	15506916	209234848.00
2012/04/16	13.04	13.24	12.97	13.05	9358373	126723240.00
2012/04/17	13.05	13.15	12.80	12.81	10237103	137178384.00
2012/04/18	12.92	13.75	12.91	13.62	19240857	265474304.00
2012/04/19	13.60	13.81	13.46	13.74	13596175	191726304.00
2012/04/20	13.65	13.91	13.57	13.80	11831162	168080112.00
2012/04/23	13.79	14.11	13.39	13.53	14468395	205159824.00
2012/04/24	13.30	13.77	13.14	13.64	15536066	216084256.00
2012/04/25	13.58	13.91	13.56	13.81	17186030	243840704.00
2012/04/26	13.83	14.20	13.83	14.03	20510461	297133344.00
2012/04/27	14.14	14.23	13.74	13.79	12362168	177839360.00
2012/05/02	14.04	14.74	13.82	14.45	25240549	373551488.00
2012/05/03	14.38	14.63	14.31	14.39	15789379	235720112.00
2012/05/04	14.41	14.64	14.26	14.54	14064227	209299328.00
2012/05/07	14.39	14.61	14.26	14.58	14275328	212767792.00
2012/05/08	14.57	14.60	14.26	14.49	12140453	180308624.00
2012/05/09	14.33	14.33	13.78	13.80	15034512	217285840.00
2012/05/10	13.80	14.03	13.80	13.91	9097431	130699560.00
2012/05/11	13.88	14.11	13.76	13.79	8708854	125199280.00
2012/05/14	13.98	14.02	13.56	13.66	9422120	134743440.00
2012/05/15	13.46	13.54	13.19	13.48	8314955	114753976.00
2012/05/16	13.41	13.47	13.11	13.15	7188069	98858656.00
2012/05/17	13.14	13.50	13.14	13.46	7489839	103315776.00
2012/05/18	13.30	13.44	13.15	13.18	6422935	88136120.00
2012/05/21	13.11	13.60	13.11	13.39	6861501	94856832.00
2012/05/22	13.51	13.71	13.44	13.69	7842805	110173968.00
2012/05/23	13.64	13.75	13.39	13.55	7028765	98560976.00
2012/05/24	13.46	13.63	13.33	13.38	4846038	67305688.00
2012/05/25	13.41	13.48	13.04	13.21	6016596	82372424.00
2012/05/28	13.26	13.51	12.91	13.44	6220041	83441048.00
2012/05/29	13.43	14.05	13.37	13.94	13113376	184593072.00
2012/05/30	13.93	13.99	13.76	13.80	6473086	91302528.00
2012/05/31	13.67	13.99	13.62	13.85	7699025	108488368.00
2012/06/01	13.85	14.20	13.78	13.86	7986372	113583576.00
2012/06/04	13.61	13.71	13.22	13.24	8544068	117064704.00
2012/06/05	13.29	13.41	13.11	13.17	4587197	61890384.00
2012/06/06	13.34	13.52	13.18	13.27	6079022	82562272.00
2012/06/07	13.49	13.55	13.08	13.13	5808478	78742416.00
2012/06/08	13.29	13.38	13.12	13.16	5831880	78544896.00
2012/06/11	13.28	13.51	13.22	13.48	4946655	67455616.00
2012/06/12	13.42	13.51	13.20	13.30	5544334	75291696.00
2012/06/13	13.34	13.51	13.26	13.47	5180719	70805264.00
2012/06/14	13.40	13.59	13.32	13.33	5764513	78831864.00
2012/06/15	13.35	13.51	12.92	13.30	7525460	101426952.00
2012/06/18	13.41	13.59	13.37	13.42	5759554	79089320.00
2012/06/19	13.44	13.53	13.26	13.34	3780811	51616692.00
2012/06/20	13.35	13.48	13.24	13.29	3250689	44131220.00
2012/06/21	13.26	13.28	12.76	12.89	6766250	89293496.00
2012/06/25	12.89	12.96	12.34	12.36	6009096	77503040.00
2012/06/26	12.29	12.49	12.26	12.43	3294920	41636692.00
2012/06/27	12.43	12.53	12.31	12.32	3334434	42290188.00
2012/06/28	12.43	12.45	12.21	12.22	4035329	50585972.00
2012/06/29	12.19	12.54	12.08	12.43	3893249	49040680.00
2012/07/02	12.58	12.74	12.46	12.60	4635851	59480308.00
2012/07/03	12.60	12.79	12.46	12.57	3874914	49984156.00
2012/07/04	12.74	12.81	12.56	12.64	3248917	41860460.00
2012/07/05	12.51	12.62	12.31	12.50	3896983	49385224.00
2012/07/06	12.56	12.73	12.34	12.66	5574112	71255128.00
2012/07/09	12.54	12.69	12.36	12.42	5258494	67180088.00
2012/07/10	12.42	12.63	12.31	12.53	3263873	41504860.00
2012/07/11	12.47	12.67	12.42	12.59	3710292	47615456.00
2012/07/12	12.53	12.91	12.35	12.76	7121768	92064952.00
2012/07/13	12.69	12.92	12.61	12.70	3635072	47228060.00
2012/07/16	12.71	12.76	12.37	12.37	4094581	52171332.00
2012/07/17	12.35	12.56	12.34	12.45	2333147	29624026.00
2012/07/18	12.43	12.47	12.10	12.45	3942826	49496416.00
2012/07/19	12.36	12.61	12.28	12.45	4648098	59107192.00
2012/07/20	12.39	12.46	12.19	12.21	3226730	40584512.00
2012/07/23	12.11	12.11	11.81	11.84	3826314	46431044.00
2012/07/24	11.73	11.96	11.69	11.85	3329889	40180728.00
2012/07/25	11.76	12.53	11.76	12.23	8638828	107956840.00
2012/07/26	12.20	12.31	12.06	12.07	5423695	67351496.00
2012/07/27	12.09	12.33	12.09	12.25	3996943	49742192.00
2012/07/30	12.18	12.34	11.84	11.85	3926376	48390980.00
2012/07/31	11.89	12.01	11.62	11.66	4466531	53541096.00
2012/08/01	11.74	12.00	11.67	11.88	3456802	41902736.00
2012/08/02	11.80	11.89	11.67	11.73	2723805	32730588.00
2012/08/03	11.76	11.97	11.70	11.97	3441807	41728416.00
2012/08/06	11.92	12.41	11.89	12.30	6327450	78776184.00
2012/08/07	12.33	12.46	12.27	12.36	5169189	65144032.00
2012/08/08	12.36	13.09	12.36	12.55	9792523	126778008.00
2012/08/09	12.61	12.63	12.27	12.52	6320472	80239360.00
2012/08/10	12.52	12.64	12.38	12.44	3102835	39515720.00
2012/08/13	12.41	12.51	12.22	12.23	4398202	55448804.00
2012/08/14	12.17	12.36	12.09	12.32	3782551	47174784.00
2012/08/15	12.30	12.30	12.02	12.06	2986963	37016492.00
2012/08/16	12.06	12.13	11.96	11.97	2188153	26875644.00
2012/08/17	11.94	12.09	11.91	12.04	2355348	28852444.00
2012/08/20	11.86	12.11	11.86	12.08	2206412	26935216.00
2012/08/21	12.09	12.24	12.02	12.14	3067448	37966440.00
2012/08/22	12.19	12.21	11.92	11.96	2618522	32223230.00
2012/08/23	11.94	12.26	11.94	12.17	3986623	49393744.00
2012/08/24	12.11	12.18	11.91	11.91	3259987	39982144.00
2012/08/27	11.86	11.86	11.56	11.59	4448560	52803916.00
2012/08/28	11.58	11.71	11.47	11.64	2846489	33674640.00
2012/08/29	11.54	11.64	11.16	11.19	4375631	50971600.00
2012/08/30	11.32	11.34	10.95	11.07	3535986	40337472.00
2012/08/31	11.07	11.09	10.83	10.88	3045559	34096128.00
2012/09/03	10.88	11.08	10.88	10.97	4614532	51831704.00
2012/09/04	11.07	11.08	10.71	10.74	5188327	57760956.00
2012/09/05	10.76	10.88	10.71	10.77	3198137	35252376.00
2012/09/06	10.78	10.90	10.78	10.89	3960826	43851308.00
2012/09/07	11.02	11.80	10.98	11.71	13581844	159726912.00
2012/09/10	11.72	12.11	11.66	11.87	10770890	130958320.00
2012/09/11	11.83	11.83	11.63	11.77	5553185	66349776.00
2012/09/12	11.91	12.24	11.78	11.94	8211548	100506904.00
2012/09/13	12.09	12.09	11.70	11.71	5952531	72061456.00
2012/09/14	12.26	12.40	11.93	11.98	12448999	153611712.00
2012/09/17	11.88	12.18	11.70	11.71	8098796	98888336.00
2012/09/18	11.56	11.62	11.36	11.51	5541581	65082760.00
2012/09/19	11.56	11.99	11.49	11.90	6598684	78888880.00
2012/09/20	11.80	11.83	11.27	11.31	5913308	69666824.00
2012/09/21	11.28	11.68	11.24	11.34	5740518	67190240.00
2012/09/24	11.16	11.53	10.83	11.33	8920847	101437456.00
2012/09/25	11.23	11.26	10.98	11.04	5225953	59266248.00
2012/09/26	11.10	11.18	10.88	10.92	3222833	36152872.00
2012/09/27	10.94	11.43	10.91	11.22	6241309	71445776.00
2012/09/28	11.15	11.57	11.11	11.48	8271052	96147872.00
2012/10/08	11.48	11.61	11.15	11.31	6562635	76014168.00
2012/10/09	11.52	11.73	11.36	11.65	9533125	112841400.00
2012/10/10	11.56	12.24	11.47	12.10	12205626	147833232.00
2012/10/11	11.86	11.95	11.45	11.55	12126399	144768064.00
2012/10/12	11.51	11.73	11.34	11.43	5809142	68213240.00
2012/10/15	11.49	11.49	11.26	11.36	3245833	37531084.00
2012/10/16	11.34	11.50	11.26	11.30	3654383	42423900.00
2012/10/17	11.46	11.47	11.26	11.34	3203005	37157072.00
2012/10/18	11.41	11.61	11.41	11.55	4900442	57636276.00
2012/10/19	11.59	11.62	11.39	11.42	3886163	45638544.00
2012/10/22	11.30	11.46	11.26	11.37	3094590	35865328.00
2012/10/23	11.34	11.68	11.34	11.40	4655995	54709440.00
2012/10/24	11.29	11.39	11.26	11.29	3461363	39941012.00
2012/10/25	11.29	11.41	11.18	11.20	3807113	43845228.00
2012/10/26	11.20	11.29	10.96	11.00	4034759	45603936.00
2012/10/29	10.96	11.04	10.81	10.85	3524322	39297152.00
2012/10/30	10.85	11.22	10.84	10.90	2915366	32633230.00
2012/10/31	10.90	11.03	10.89	10.98	2019723	22588204.00
2012/11/01	11.01	11.26	11.00	11.19	4939832	56445512.00
2012/11/02	11.15	11.31	11.14	11.20	3282764	37585796.00
2012/11/05	11.19	11.22	11.06	11.16	3217232	36593512.00
2012/11/06	11.16	11.22	10.94	11.08	2545602	28723064.00
2012/11/07	11.05	11.26	11.05	11.16	3604570	41124928.00
2012/11/08	11.01	11.64	10.92	11.10	9818179	113293512.00
2012/11/09	10.97	11.14	10.82	10.89	6013013	67076104.00
2012/11/12	10.90	11.01	10.81	10.96	2582666	28836104.00
2012/11/13	10.96	11.00	10.79	10.81	3033242	33585392.00
2012/11/14	10.90	11.02	10.78	10.95	3188359	35564996.00
2012/11/15	10.91	10.91	10.76	10.76	2557234	28318724.00
2012/11/16	10.76	10.86	10.58	10.63	2801525	30579900.00
2012/11/19	10.64	10.87	10.59	10.79	2905502	31829620.00
2012/11/20	10.81	10.87	10.70	10.72	1800356	19813904.00
2012/11/21	10.73	10.90	10.67	10.89	3167674	34972404.00
2012/11/22	10.84	10.86	10.72	10.74	1961361	21612876.00
2012/11/23	10.79	10.86	10.71	10.80	1828941	20213828.00
2012/11/26	10.80	10.88	10.71	10.72	1672514	18423668.00
2012/11/27	10.70	10.70	10.28	10.28	3302748	35176040.00
2012/11/28	10.30	10.33	10.02	10.06	3242053	33815568.00
2012/11/29	10.06	10.15	9.87	9.91	2280248	23379026.00
2012/11/30	9.91	10.11	9.91	9.95	2069607	21189600.00
2012/12/03	9.95	10.04	9.69	9.71	2716890	27389416.00
2012/12/04	9.71	9.83	9.55	9.79	3057362	30414576.00
2012/12/05	9.79	10.44	9.69	10.34	7425113	77570544.00
2012/12/06	10.33	10.42	10.23	10.34	3721825	39373972.00
2012/12/07	10.27	10.68	10.27	10.62	6093203	65775904.00
2012/12/10	10.63	10.86	10.56	10.71	5900358	64580676.00
2012/12/11	10.57	10.79	10.54	10.59	3604101	39234104.00
2012/12/12	10.59	10.71	10.54	10.68	3294040	35766620.00
2012/12/13	10.61	10.75	10.47	10.48	3104310	33543180.00
2012/12/14	10.49	11.11	10.48	10.99	8739118	97157088.00
2012/12/17	10.97	11.26	10.93	11.05	8620503	97901392.00
2012/12/18	10.98	11.23	10.91	11.06	7145209	80946528.00
2012/12/19	11.06	11.09	10.88	10.93	6923979	77530760.00
2012/12/20	10.91	11.24	10.76	11.17	9126213	102440432.00
2012/12/21	11.07	11.38	10.92	10.96	9221391	104687960.00
2012/12/24	11.00	11.01	10.79	10.88	6906430	76790816.00
2012/12/25	10.81	11.16	10.80	11.07	11441020	129086344.00
2012/12/26	11.08	11.26	11.08	11.14	9437858	107549824.00
2012/12/27	11.24	11.26	10.92	10.93	7256740	82018176.00
2012/12/28	11.04	11.19	10.91	11.16	10835027	122524264.00
2012/12/31	11.21	11.60	11.08	11.47	19895849	231801072.00
2013/01/04	11.58	11.73	11.30	11.44	14192320	167288688.00
2013/01/07	11.46	11.64	11.14	11.29	13170437	152602224.00
2013/01/08	11.32	11.34	11.10	11.32	11141061	127860168.00
2013/01/09	11.24	11.33	11.13	11.30	9928699	113911416.00
2013/01/10	11.29	11.40	11.11	11.25	12642159	145472208.00
2013/01/11	11.32	11.35	10.88	10.91	12253810	138641904.00
2013/01/14	10.91	11.33	10.90	11.26	13642055	154995552.00
2013/01/15	11.38	11.73	11.37	11.64	28020571	331644096.00
2013/01/16	11.96	12.83	11.96	12.83	70088577	895550208.00
2013/01/17	13.01	13.63	12.51	12.57	71010634	942435904.00
2013/01/18	12.52	12.77	12.27	12.56	28469554	363384640.00
2013/01/21	12.56	12.59	12.15	12.37	25255080	317171424.00
2013/01/22	12.35	12.54	11.97	12.09	20218745	252792176.00
2013/01/23	12.04	12.23	11.96	12.18	12864731	158679136.00
2013/01/24	12.18	12.42	11.84	12.03	17327485	214701152.00
2013/01/25	12.07	12.41	11.97	12.18	14904321	186106224.00
2013/01/28	12.07	12.40	12.07	12.39	12867033	160884944.00
2013/01/29	12.39	12.73	12.27	12.66	27090583	346308544.00
2013/01/30	12.64	12.64	12.32	12.42	16686114	211447184.00
2013/01/31	12.42	13.10	12.41	12.84	33725109	439096512.00
2013/02/01	12.71	12.76	12.51	12.63	16662943	214217952.00
2013/02/04	12.75	12.94	12.51	12.62	18460011	239116752.00
2013/02/05	12.55	12.81	12.46	12.63	12192159	157219024.00
2013/02/06	12.68	12.94	12.62	12.66	13025721	169719344.00
2013/02/07	12.64	12.76	12.56	12.61	8515600	109567224.00
2013/02/08	12.54	12.83	12.54	12.71	8723181	113254760.00
2013/02/18	12.84	12.89	12.47	12.55	11167350	143316048.00
2013/02/19	12.51	12.59	12.16	12.17	9741328	122067232.00
2013/02/20	12.16	12.31	12.16	12.26	7007139	87423984.00
2013/02/21	12.06	12.14	11.56	11.72	14003921	168241680.00
2013/02/22	11.71	11.89	11.56	11.75	7217804	86472048.00
2013/02/25	11.75	11.86	11.61	11.69	5922697	70853800.00
2013/02/26	11.61	11.74	11.44	11.47	7093010	83877936.00
2013/02/27	11.52	11.71	11.51	11.59	5627986	66589984.00
2013/02/28	11.61	12.07	11.56	11.97	11795088	142552048.00
2013/03/01	11.96	11.96	11.67	11.84	8228621	99108840.00
2013/03/04	11.74	11.74	10.96	11.02	13733563	159400592.00
2013/03/05	11.06	11.25	11.06	11.21	7542388	86012552.00
2013/03/06	11.35	11.54	11.26	11.45	9006596	104876056.00
2013/03/07	11.41	11.59	11.27	11.38	8710159	101527856.00
2013/03/08	11.38	11.46	11.33	11.44	4335390	50445544.00
2013/03/11	11.56	12.41	11.48	12.33	34091983	420321504.00
2013/03/12	12.25	12.63	11.90	12.07	31426525	392005984.00
2013/03/13	12.03	12.64	11.91	12.23	41117211	519068480.00
2013/03/14	12.01	12.16	11.77	11.90	16157472	196697088.00
2013/03/15	11.86	12.15	11.70	11.85	13888130	169128848.00
2013/03/18	11.75	11.82	11.31	11.33	12566171	147674112.00
2013/03/19	11.28	11.72	11.14	11.67	11328087	132293824.00
2013/03/20	11.64	12.25	11.57	12.02	19521292	238427264.00
2013/03/21	12.05	12.26	11.89	11.99	12633408	155488816.00
2013/03/22	12.06	12.26	11.94	12.13	16520278	204629120.00
2013/03/25	12.06	12.18	11.84	11.86	10551970	128768008.00
2013/03/26	11.82	11.85	11.34	11.46	12781586	149738512.00
2013/03/27	11.47	11.61	11.36	11.52	8038548	94560696.00
2013/03/28	11.42	11.42	11.02	11.04	10402263	118952368.00
2013/03/29	11.12	11.20	11.01	11.03	4364486	49489000.00
2013/04/01	10.93	11.14	10.92	11.01	4776339	53731784.00
2013/04/02	11.04	11.15	10.95	11.07	4585883	51691064.00
2013/04/03	11.10	11.22	11.04	11.09	4857197	55108300.00
2013/04/08	10.86	10.95	10.61	10.90	6383856	70199488.00
2013/04/09	10.95	11.15	10.89	10.90	6635194	74711816.00
2013/04/10	10.96	11.07	10.90	10.97	4606321	51724264.00
2013/04/11	11.05	11.05	10.80	10.85	4476373	50022812.00
2013/04/12	10.80	10.86	10.63	10.65	4217418	46299320.00
2013/04/15	10.58	10.58	10.15	10.17	6647720	69894192.00
2013/04/16	9.92	10.19	9.81	10.10	7309460	74927488.00
2013/04/17	10.12	10.20	9.91	10.02	4620631	47511424.00
2013/04/18	9.95	10.15	9.88	10.00	4638030	47449428.00
2013/04/19	10.04	10.32	10.04	10.27	7397390	77412152.00
2013/04/22	10.25	10.25	10.09	10.19	6403341	66624288.00
2013/04/23	10.20	10.32	9.86	9.92	11593860	119333776.00
2013/04/24	9.93	10.27	9.89	10.14	7628216	78612200.00
2013/04/25	10.27	10.54	10.25	10.34	16334466	173999168.00
2013/04/26	10.35	10.49	10.06	10.08	5964602	62531516.00
2013/05/02	10.08	10.08	9.76	9.84	5984139	60334560.00
2013/05/03	9.83	10.14	9.83	9.93	5871831	60155264.00
2013/05/06	10.11	10.23	10.09	10.16	6682658	69420000.00
2013/05/07	10.16	10.41	10.11	10.32	8323202	87692512.00
2013/05/08	10.31	10.47	10.21	10.25	6603485	69555632.00
2013/05/09	10.27	10.41	10.18	10.35	7595810	80129456.00
2013/05/10	10.29	10.40	10.25	10.35	6019328	63646808.00
2013/05/13	10.37	10.41	10.18	10.24	5314697	55809260.00
2013/05/14	10.22	10.22	9.86	9.96	6482468	66240628.00
2013/05/15	9.98	10.02	9.91	9.95	4370621	44501636.00
2013/05/16	9.93	10.08	9.81	10.07	6391158	65263408.00
2013/05/17	10.06	10.31	9.96	10.27	10120755	105201464.00
2013/05/20	10.29	10.41	10.23	10.36	8978784	94988064.00
2013/05/21	10.36	10.53	10.28	10.52	10995527	117022272.00
2013/05/22	10.49	10.61	10.38	10.46	8912585	95577424.00
2013/05/23	10.41	10.46	10.21	10.26	7875377	83416720.00
2013/05/24	10.28	10.55	10.24	10.51	10538794	112203448.00
2013/05/27	10.75	10.82	10.59	10.67	15904819	174142864.00
2013/05/28	10.79	10.88	10.60	10.84	10290454	111539560.00
2013/05/29	10.87	10.92	10.75	10.83	7659880	83566160.00
2013/05/30	10.73	10.84	10.62	10.69	6076170	65552084.00
2013/05/31	10.75	10.90	10.64	10.65	7512132	81650072.00
2013/06/03	10.62	10.67	10.48	10.62	5850913	62413112.00
2013/06/04	10.62	10.63	10.27	10.33	6860247	72032864.00
2013/06/05	10.32	10.40	10.27	10.36	3789947	39459268.00
2013/06/06	10.32	10.32	10.13	10.15	4870683	50161712.00
2013/06/07	10.15	10.24	9.93	9.94	6281240	63530112.00
2013/06/13	9.90	9.90	9.50	9.54	6466599	62645956.00
2013/06/14	9.62	9.70	9.52	9.60	4582707	44339912.00
2013/06/17	9.60	9.70	9.48	9.49	4956024	47690504.00
2013/06/18	9.51	9.57	9.35	9.47	4220449	40241236.00
2013/06/19	9.49	9.49	9.29	9.42	4925923	46587228.00
2013/06/20	9.33	9.33	9.04	9.06	5469323	50617548.00
2013/06/21	8.86	9.01	8.74	8.86	5429109	48604240.00
2013/06/24	8.85	8.86	7.98	8.12	8361225	70731648.00
2013/06/25	7.97	8.10	7.30	8.01	10556312	83007856.00
2013/06/26	8.01	8.06	7.75	7.94	8039747	64032904.00
2013/06/27	7.97	8.05	7.77	7.82	5938442	47351984.00
2013/06/28	7.77	8.02	7.67	7.85	5852487	46368488.00
2013/07/01	7.85	7.99	7.73	7.96	4723278	37599356.00
2013/07/02	7.97	8.12	7.77	8.06	6942127	56129920.00
2013/07/03	8.00	8.00	7.73	7.89	6391039	50625592.00
2013/07/04	7.87	8.40	7.76	8.23	16295673	134243520.00
2013/07/05	8.30	8.40	8.10	8.18	10542739	87607160.00
2013/07/08	8.02	8.04	7.71	7.73	8559655	67998952.00
2013/07/09	7.73	7.88	7.72	7.83	3249786	25627902.00
2013/07/10	7.80	8.20	7.80	8.17	9784446	79681328.00
2013/07/11	8.18	8.68	8.18	8.50	13787975	117562592.00
2013/07/12	8.43	8.72	8.17	8.38	16306484	139465552.00
2013/07/15	8.37	8.52	8.18	8.36	8888314	74903120.00
2013/07/16	8.32	8.42	8.26	8.34	5452091	45883016.00
2013/07/17	8.34	8.49	8.22	8.22	7097212	59812924.00
2013/07/18	8.19	8.27	7.95	7.97	7353170	59796012.00
2013/07/19	7.91	8.04	7.77	7.77	7630939	60893980.00
2013/07/22	7.78	7.88	7.77	7.87	4468196	35284644.00
2013/07/23	7.93	8.17	7.93	8.11	9304005	76032944.00
2013/07/24	8.12	8.19	7.94	8.01	5568829	45150544.00
2013/07/25	8.09	8.14	7.95	7.97	5536591	44864564.00
2013/07/26	7.92	8.06	7.83	7.91	5389445	43042304.00
2013/07/29	7.83	7.85	7.69	7.70	5446010	42728224.00
2013/07/30	7.76	7.91	7.71	7.84	5148998	40670116.00
2013/07/31	7.96	8.02	7.77	7.80	4786954	38117624.00
2013/08/01	7.79	7.97	7.76	7.94	6520986	51903872.00
2013/08/02	7.97	8.01	7.89	7.94	5747344	46130016.00
2013/08/05	7.90	7.97	7.85	7.97	5550694	44484696.00
2013/08/06	7.96	8.04	7.86	8.00	7679686	61712336.00
2013/08/07	7.93	8.10	7.93	8.00	8304296	67175520.00
2013/08/08	7.98	8.08	7.97	8.05	8384658	67977328.00
2013/08/09	8.11	8.32	8.04	8.23	16664235	138144960.00
2013/08/12	8.22	8.71	8.19	8.60	21643348	184914048.00
2013/08/13	8.53	8.60	8.40	8.48	11229815	95972952.00
2013/08/14	8.46	8.54	8.29	8.33	10291126	87431360.00
2013/08/15	8.35	8.42	8.23	8.25	6357482	53453064.00
2013/08/16	8.24	9.08	8.14	8.18	14089014	119469568.00
2013/08/19	8.13	8.36	8.13	8.29	6912319	57480840.00
2013/08/20	8.25	8.31	8.14	8.17	5849261	48513400.00
2013/08/21	8.24	8.24	8.13	8.20	4388294	36250064.00
2013/08/22	8.19	8.24	8.10	8.12	5015920	41311336.00
2013/08/23	8.18	8.22	7.90	7.99	6958322	56761484.00
2013/08/26	8.03	8.18	7.99	8.15	5736463	47035720.00
2013/08/27	8.15	8.28	8.12	8.21	5674340	47027992.00
2013/08/28	8.15	8.46	8.12	8.41	16599328	140271520.00
2013/08/29	8.41	8.42	8.19	8.28	7314872	61084136.00
2013/08/30	8.30	8.37	8.20	8.23	7445211	62256928.00
2013/09/02	8.30	8.42	8.20	8.41	9061953	76293848.00
2013/09/03	8.42	8.46	8.34	8.42	8178108	69286400.00
2013/09/04	8.44	8.44	8.33	8.40	7266271	61548280.00
2013/09/05	8.37	8.60	8.29	8.39	13572609	115953744.00
2013/09/06	8.31	8.41	8.27	8.35	7079030	59480004.00
2013/09/09	8.36	8.60	8.32	8.51	13504418	115598528.00
2013/09/10	8.50	8.70	8.49	8.69	16964508	147386944.00
2013/09/11	8.72	9.08	8.67	8.84	24869613	223767712.00
2013/09/12	8.86	8.86	8.67	8.72	12107577	106755576.00
2013/09/13	8.63	8.78	8.63	8.67	8849932	77655664.00
2013/09/16	8.67	8.72	8.53	8.56	7187446	62458876.00
2013/09/17	8.56	8.56	8.37	8.38	7179199	61156980.00
2013/09/18	8.46	8.46	8.32	8.39	4228715	35825724.00
2013/09/23	8.41	8.55	8.41	8.53	5682360	48779188.00
2013/09/24	8.51	8.55	8.31	8.32	7213669	61262128.00
2013/09/25	8.31	8.44	8.27	8.33	5416304	45777088.00
2013/09/26	8.33	8.40	8.15	8.16	5648678	47132200.00
2013/09/27	8.16	8.36	8.14	8.23	4197325	35112052.00
2013/09/30	8.32	8.36	8.13	8.19	5029624	41654504.00
2013/10/08	8.15	8.32	8.11	8.27	5406744	44901472.00
2013/10/09	8.27	8.33	8.22	8.29	4408318	36814088.00
2013/10/10	8.29	8.29	8.11	8.17	7869407	65109896.00
2013/10/11	8.19	8.29	8.17	8.23	7156820	59525184.00
2013/10/14	8.22	8.27	8.16	8.23	6854817	56899964.00
2013/10/15	8.23	8.30	8.19	8.29	5974003	49750544.00
2013/10/16	8.27	8.27	8.00	8.03	8125167	66446772.00
2013/10/17	8.07	8.16	8.02	8.04	5575959	45398368.00
2013/10/18	8.04	8.08	7.98	8.01	4510771	36582264.00
2013/10/21	8.01	8.06	7.93	8.06	7441968	60104760.00
2013/10/22	8.04	8.09	7.98	8.02	5073731	41084812.00
2013/10/23	8.06	8.09	7.93	7.97	6189348	50072400.00
2013/10/24	7.94	7.95	7.83	7.85	5549067	44112652.00
2013/10/25	7.85	7.87	7.52	7.60	8463592	65717764.00
2013/10/28	7.60	7.60	7.43	7.45	5658203	42821064.00
2013/10/29	7.45	7.58	7.31	7.43	6511576	48877668.00
2013/10/30	7.44	7.51	7.39	7.49	4289546	32304670.00
2013/10/31	7.49	7.50	7.43	7.47	4511608	33974224.00
2013/11/01	7.50	7.55	7.46	7.54	3797024	28842974.00
2013/11/04	7.57	7.62	7.48	7.49	2703708	20604076.00
2013/11/05	7.47	7.50	7.38	7.48	3916448	29397952.00
2013/11/06	7.45	7.55	7.42	7.45	3568273	26969076.00
2013/11/07	7.50	7.50	7.40	7.41	2779859	20907376.00
2013/11/08	7.38	7.43	7.32	7.34	3922186	29196332.00
2013/11/11	7.34	7.37	7.22	7.28	3610713	26510188.00
2013/11/12	7.28	7.37	7.28	7.35	3009304	22293962.00
2013/11/13	7.28	7.39	7.24	7.30	3258969	24025680.00
2013/11/14	7.34	7.37	7.28	7.32	2429778	17990304.00
2013/11/15	7.31	7.55	7.31	7.45	6153625	46430248.00
2013/11/18	7.47	7.59	7.46	7.58	6341793	48380888.00
2013/11/19	7.53	7.60	7.50	7.52	5418086	41312932.00
2013/11/20	7.62	7.65	7.52	7.60	5987574	45869604.00
2013/11/21	7.57	7.60	7.50	7.51	5740739	43703664.00
2013/11/22	7.51	7.55	7.47	7.51	3624214	27544240.00
2013/11/25	7.49	7.56	7.46	7.48	3602527	27313856.00
2013/11/26	7.43	7.48	7.39	7.42	3861390	29031632.00
2013/11/27	7.42	7.50	7.38	7.45	4047005	30423610.00
2013/11/28	7.44	7.90	7.43	7.76	19938763	156058752.00
2013/11/29	7.72	7.75	7.60	7.62	8965958	69358624.00
2013/12/02	7.53	7.76	7.47	7.59	9043880	69510128.00
2013/12/03	7.56	7.76	7.50	7.74	7826057	60874904.00
2013/12/04	7.70	7.81	7.66	7.76	9325605	73177288.00
2013/12/05	7.77	7.80	7.68	7.71	5026304	39211992.00
2013/12/06	7.69	7.75	7.65	7.72	3970779	30926576.00
2013/12/09	7.72	7.79	7.70	7.71	3487053	27236744.00
2013/12/10	7.71	7.77	7.63	7.67	3967209	30791248.00
2013/12/11	7.64	7.68	7.49	7.55	6007342	45925604.00
2013/12/12	7.52	7.58	7.48	7.50	3909808	29691116.00
2013/12/13	7.42	7.54	7.42	7.49	2798803	21179216.00
2013/12/16	7.52	7.52	7.35	7.36	4516692	33885024.00
2013/12/17	7.38	7.41	7.32	7.36	2955443	21953104.00
2013/12/18	7.38	7.44	7.33	7.37	2685533	20035688.00
2013/12/19	7.43	7.44	7.31	7.31	3423309	25503730.00
2013/12/20	7.38	7.38	7.12	7.14	6230477	45489648.00
2013/12/23	7.15	7.18	7.07	7.16	3217256	23137904.00
2013/12/24	7.17	7.20	7.08	7.12	2780936	20074560.00
2013/12/25	7.15	7.19	7.09	7.15	2437362	17557884.00
2013/12/26	7.16	7.17	6.95	7.10	5894228	42006144.00
2013/12/27	7.10	7.17	7.05	7.08	4353283	31310896.00
2013/12/30	7.15	7.15	7.05	7.08	2485562	17824472.00
2013/12/31	7.20	7.22	7.08	7.17	4243665	30706124.00
2014/01/02	7.16	7.18	7.02	7.05	5880976	42011248.00
2014/01/03	7.00	7.05	6.95	6.97	4243591	29956190.00
2014/01/06	6.95	6.95	6.60	6.62	7490636	51163612.00
2014/01/07	6.60	6.69	6.60	6.66	3256471	21854024.00
2014/01/08	6.67	6.69	6.50	6.51	5000923	33314052.00
2014/01/09	6.49	6.52	6.27	6.27	6447734	41591804.00
2014/01/10	6.26	6.33	6.22	6.29	3807912	24243870.00
2014/01/13	6.30	6.56	6.30	6.43	5147072	33566972.00
2014/01/14	6.44	6.45	6.36	6.42	2615269	16948776.00
2014/01/15	6.42	6.47	6.28	6.34	2864430	18411702.00
2014/01/16	6.36	6.55	6.28	6.46	4880107	31838628.00
2014/01/17	6.42	6.42	6.31	6.34	3076842	19802200.00
2014/01/20	6.32	6.37	6.30	6.32	1866429	11971560.00
2014/01/21	6.32	6.40	6.32	6.35	1988152	12799640.00
2014/01/22	6.40	6.51	6.35	6.51	3767866	24645980.00
2014/01/23	6.50	6.51	6.41	6.43	2995824	19541888.00
2014/01/24	6.42	6.56	6.39	6.50	5627521	37056372.00
2014/01/27	6.43	6.45	6.33	6.36	5007997	32330800.00
2014/01/28	6.39	6.52	6.37	6.52	5715373	37462116.00
2014/01/29	6.48	6.56	6.47	6.49	3605153	23715968.00
2014/01/30	6.51	6.51	6.37	6.38	2947493	19139516.00
2014/02/07	6.32	6.40	6.28	6.37	3054958	19639348.00
2014/02/10	6.39	6.58	6.38	6.56	7227021	47756840.00
2014/02/11	6.60	6.69	6.50	6.63	8842699	58996952.00
2014/02/12	6.69	6.69	6.56	6.64	6241686	41829328.00
2014/02/13	6.57	6.78	6.57	6.59	7621937	51538264.00
2014/02/14	6.61	6.69	6.58	6.68	5650120	37949744.00
2014/02/17	6.71	6.79	6.65	6.76	8201696	55799424.00
2014/02/18	6.78	6.88	6.74	6.79	11482138	79227048.00
2014/02/19	6.77	6.82	6.72	6.76	7470019	51118128.00
2014/02/20	6.76	6.85	6.70	6.71	7788945	53470584.00
2014/02/21	6.70	6.77	6.61	6.64	6015056	40617296.00
2014/02/24	6.64	6.66	6.39	6.41	6641598	43389520.00
2014/02/25	6.43	6.47	6.22	6.23	6248491	40218112.00
2014/02/26	6.21	6.35	6.21	6.32	6260502	39894136.00
2014/02/27	6.32	6.32	6.21	6.22	7702595	48680592.00
2014/02/28	6.22	6.26	6.14	6.25	5453080	34258384.00
2014/03/03	6.23	6.47	6.21	6.37	8712087	55883632.00
2014/03/04	6.32	6.49	6.28	6.48	9978832	64608524.00
2014/03/05	6.49	6.53	6.33	6.34	6456399	41865956.00
2014/03/06	6.31	6.33	6.22	6.31	3649039	23186588.00
2014/03/07	6.30	6.43	6.30	6.33	5562838	35834100.00
2014/03/10	6.18	6.22	5.99	6.00	6699836	41348184.00
2014/03/11	5.97	6.05	5.97	6.03	4105196	24937492.00
2014/03/12	5.98	6.06	5.96	6.05	4749539	28929736.00
2014/03/13	6.06	6.15	6.01	6.07	4477316	27578188.00
2014/03/14	6.03	6.26	6.00	6.10	5799164	35914828.00
2014/03/17	6.16	6.16	6.04	6.11	3991092	24650312.00
2014/03/18	6.11	6.14	6.06	6.10	4220780	26060580.00
2014/03/19	6.07	6.09	6.00	6.07	4107932	25118972.00
2014/03/20	6.08	6.10	5.95	5.97	4488036	27446308.00
2014/03/21	5.97	6.20	5.94	6.16	7560383	46639392.00
2014/03/24	6.22	6.25	6.12	6.21	6260071	39242512.00
2014/03/25	6.20	6.30	6.16	6.23	7481326	47165992.00
2014/03/26	6.22	6.26	6.11	6.16	7141458	44496956.00
2014/03/27	6.19	6.21	6.10	6.10	5136991	31993956.00
2014/03/28	6.09	6.18	6.06	6.09	5021332	31052650.00
2014/03/31	6.06	6.13	6.04	6.05	3543658	21841236.00
2014/04/01	6.05	6.12	6.05	6.10	2527129	15592916.00
2014/04/02	6.12	6.17	6.09	6.16	4937566	30705180.00
2014/04/03	6.19	6.21	6.09	6.11	4497283	28005208.00
2014/04/04	6.09	6.28	6.07	6.24	10900857	68358528.00
2014/04/08	6.22	6.33	6.20	6.29	8134538	51692672.00
2014/04/09	6.30	6.34	6.25	6.28	4801522	30578880.00
2014/04/10	6.27	6.35	6.22	6.32	10501074	66832396.00
2014/04/11	6.30	6.31	6.23	6.28	6351816	40281184.00
2014/04/14	6.28	6.30	6.21	6.28	5289377	33563304.00
2014/04/15	6.29	6.30	6.17	6.19	4737896	29851348.00
2014/04/16	6.21	6.23	6.18	6.19	4153374	26091348.00
2014/04/17	6.21	6.22	6.15	6.16	3769052	23586506.00
2014/04/18	6.12	6.18	6.10	6.15	3639981	22645962.00
2014/04/21	6.10	6.17	6.07	6.08	3632168	22498084.00
2014/04/22	6.06	6.10	5.99	6.03	4533794	27672472.00
2014/04/23	6.01	6.08	6.00	6.04	2578114	15763751.00
2014/04/24	6.04	6.04	5.98	5.99	3287355	20009744.00
2014/04/25	6.01	6.05	5.95	5.96	3714375	22554488.00
2014/04/28	5.95	5.99	5.68	5.71	7740124	45531656.00
2014/04/29	5.70	5.77	5.67	5.74	3267349	18923314.00
2014/04/30	5.72	5.76	5.70	5.75	2521371	14649451.00
2014/05/05	5.75	5.75	5.64	5.73	4614624	26646078.00
2014/05/06	5.71	5.76	5.65	5.70	4830699	27959932.00
2014/05/07	5.69	5.75	5.66	5.71	3665947	21193676.00
2014/05/08	5.70	5.85	5.68	5.77	5604062	32876548.00
2014/05/09	5.77	6.36	5.77	6.36	44695512	285589568.00
2014/05/12	6.60	7.00	6.43	7.00	47040321	322830720.00
2014/05/13	7.71	7.71	7.25	7.49	110106040	842004096.00
2014/05/14	7.47	7.57	7.06	7.16	73864371	541357568.00
2014/05/15	6.67	6.85	6.65	6.72	59816560	407533376.00
2014/05/16	6.73	6.78	6.56	6.70	34398972	232695712.00
2014/05/19	6.74	6.78	6.47	6.60	33032823	219954432.00
2014/05/20	6.75	6.75	6.37	6.45	33654501	220633824.00
2014/05/21	6.39	6.64	6.31	6.62	28823942	189321952.00
2014/05/22	6.55	6.66	6.48	6.50	20547824	135468944.00
2014/05/23	6.47	6.50	6.36	6.47	14659953	94894664.00
2014/05/26	6.48	6.60	6.44	6.56	20167093	132541344.00
2014/05/27	6.53	6.53	6.36	6.44	13754554	89287008.00
2014/05/28	6.43	6.52	6.40	6.51	14596491	95113824.00
2014/05/29	6.47	6.59	6.38	6.39	21662929	141166160.00
2014/05/30	6.38	6.76	6.37	6.65	43817307	291773888.00
2014/06/03	6.57	7.11	6.57	6.74	50878758	349839040.00
2014/06/04	6.64	6.64	6.37	6.44	26213371	170881728.00
2014/06/05	6.38	6.51	6.37	6.48	11136415	72153104.00
2014/06/06	6.46	6.50	6.36	6.42	9977522	64548896.00
2014/06/09	6.41	6.52	6.37	6.40	8017315	51971600.00
2014/06/10	6.41	6.45	6.24	6.38	16009479	101882256.00
2014/06/11	6.34	6.48	6.30	6.45	13289804	85707384.00
2014/06/12	6.37	6.69	6.35	6.51	17205338	112833352.00
2014/06/13	6.51	6.96	6.45	6.75	37240523	253379472.00
2014/06/16	6.96	7.10	6.76	6.86	34392296	238670768.00
2014/06/17	6.87	6.98	6.72	6.73	16455630	113005824.00
2014/06/18	6.74	7.41	6.69	7.41	52732057	381227552.00
2014/06/19	7.45	7.54	7.05	7.12	61687279	453314464.00
2014/06/20	7.08	7.15	6.84	7.03	23541029	165843584.00
2014/06/23	7.01	7.42	6.93	7.30	29754691	215060736.00
2014/06/24	7.24	7.41	7.11	7.21	25036925	182344784.00
2014/06/25	7.22	7.24	6.97	7.06	17303203	123393128.00
2014/06/26	7.06	7.21	7.02	7.06	19129044	136815904.00
2014/06/27	6.99	7.14	6.98	7.03	15061275	106827984.00
2014/06/30	7.04	7.12	6.94	7.02	16111762	113674504.00
2014/07/01	7.02	7.28	6.97	7.08	20663494	148480272.00
2014/07/02	7.04	7.21	6.99	7.17	18092503	129386248.00
2014/07/03	7.22	7.36	7.16	7.21	20990502	152555040.00
2014/07/04	7.21	7.21	7.06	7.07	12055215	86367144.00
2014/07/07	7.01	7.11	7.00	7.06	7716724	54744468.00
2014/07/08	7.07	7.20	6.99	7.17	12231772	87362080.00
2014/07/09	7.13	7.32	7.09	7.15	22125140	160399392.00
2014/07/10	7.10	7.26	7.06	7.11	12415052	89461856.00
2014/07/11	7.10	7.35	7.09	7.25	16177549	117659552.00
2014/07/14	7.26	7.45	7.18	7.41	25632277	188988928.00
2014/07/15	7.35	7.43	7.22	7.25	15335724	112622208.00
2014/07/16	7.26	7.38	7.06	7.14	20772537	150452080.00
2014/07/17	7.10	7.86	7.07	7.74	81765202	630968832.00
2014/07/18	7.59	7.78	7.45	7.60	47325145	361708192.00
2014/07/21	7.68	7.78	7.46	7.53	31708956	242864944.00
2014/07/22	7.49	7.81	7.48	7.75	33371192	258135472.00
2014/07/23	7.71	7.94	7.59	7.65	29690902	231060944.00
2014/07/24	7.65	7.75	7.46	7.69	22174822	169781104.00
2014/07/25	7.96	8.46	7.88	8.46	92477094	774151360.00
2014/07/28	8.36	8.90	8.21	8.68	100533929	870538752.00
2014/07/29	8.82	8.86	8.46	8.72	69503154	605991424.00
2014/07/30	8.52	8.64	8.46	8.55	34584011	297262848.00
2014/07/31	8.58	8.88	8.57	8.72	38948858	341932640.00
2014/08/01	8.65	8.74	8.39	8.42	33126392	284847744.00
2014/08/04	8.38	8.65	8.37	8.65	24544257	210720976.00
2014/08/05	8.56	8.74	8.51	8.73	24112272	209201024.00
2014/08/06	8.65	9.20	8.56	8.96	44449190	395880896.00
2014/08/07	8.86	9.04	8.71	8.76	29556488	263442832.00
2014/08/08	8.74	8.85	8.61	8.65	18544920	162414912.00
2014/08/11	8.69	8.88	8.56	8.80	20951104	184531696.00
2014/08/12	8.80	8.88	8.71	8.77	13341095	117428808.00
2014/08/13	8.77	8.94	8.59	8.92	25798636	228800544.00
2014/08/14	8.86	8.86	8.64	8.65	18734388	164488448.00
2014/08/15	8.64	8.74	8.57	8.63	13043471	113198880.00
2014/08/18	8.63	8.77	8.57	8.68	16986260	147807504.00
2014/08/19	8.65	8.68	8.51	8.65	14985112	129353872.00
2014/08/20	8.62	8.68	8.52	8.55	12135013	104616808.00
2014/08/21	8.55	8.64	8.28	8.44	17556171	149487568.00
2014/08/22	8.40	8.53	8.36	8.45	9907120	83915768.00
2014/08/25	8.47	8.49	8.19	8.20	14094958	117509456.00
2014/08/26	8.20	8.26	8.02	8.06	11628689	94879312.00
2014/08/27	8.06	8.15	7.99	8.10	7789442	63149008.00
2014/08/28	8.13	8.16	8.02	8.04	7965832	64677092.00
2014/08/29	8.06	8.54	8.04	8.41	22476985	189125312.00
2014/09/01	8.36	8.42	8.27	8.42	10007766	83928728.00
2014/09/02	8.42	8.51	8.31	8.51	13348621	112873528.00
2014/09/03	8.53	8.68	8.46	8.54	17758600	153043104.00
2014/09/04	8.54	8.60	8.47	8.56	12225767	104877360.00
2014/09/05	8.64	8.77	8.56	8.64	18113311	157359984.00
2014/09/09	8.65	8.70	8.44	8.50	16006026	137021120.00
2014/09/10	8.38	8.52	8.35	8.46	12320946	104337568.00
2014/09/11	8.45	8.52	8.31	8.33	15274137	129052024.00
2014/09/12	8.31	8.42	8.17	8.39	12773870	106466992.00
2014/09/15	8.38	8.44	8.31	8.44	13712348	115364856.00
2014/09/16	8.43	8.52	8.14	8.15	17210669	145219344.00
2014/09/17	8.17	8.32	8.16	8.26	10425373	86254976.00
2014/09/18	8.29	8.35	8.17	8.34	9783529	81135968.00
2014/09/19	8.35	8.44	8.26	8.36	10296405	86352448.00
2014/09/22	8.36	8.37	8.16	8.19	8201413	67831312.00
2014/09/23	8.19	8.26	8.16	8.23	5803897	47894500.00
2014/09/24	8.22	8.43	8.18	8.41	15523762	129956824.00
2014/09/25	8.50	8.55	8.29	8.35	13723331	116366744.00
2014/09/26	8.61	8.74	8.46	8.52	24320955	209610064.00
2014/09/29	8.51	8.58	8.42	8.50	14696999	125341904.00
2014/09/30	8.49	8.67	8.48	8.56	16330492	141018240.00
2014/10/08	8.58	8.62	8.46	8.56	11358654	97319872.00
2014/10/09	8.58	8.62	8.46	8.57	16412105	140877040.00
2014/10/10	8.51	8.61	8.44	8.47	12502550	106785528.00
2014/10/13	8.46	8.49	8.37	8.42	12558463	106050296.00
2014/10/14	8.40	8.45	8.12	8.16	22539545	187603088.00
2014/10/15	8.16	8.24	8.05	8.16	14680367	120019472.00
2014/10/16	8.13	8.16	8.06	8.06	11198110	91195112.00
2014/10/17	8.02	8.10	7.78	7.96	15306877	122150096.00
2014/10/20	7.97	8.21	7.89	8.11	13939174	112737424.00
2014/10/21	8.06	8.10	7.91	7.93	8797506	70760528.00
2014/10/22	7.93	7.97	7.79	7.81	6906081	54703336.00
2014/10/23	7.82	7.90	7.65	7.70	8770824	68109040.00
2014/10/24	7.71	7.75	7.65	7.68	6628405	51309144.00
2014/10/27	7.67	7.73	7.62	7.66	5447158	42023100.00
2014/10/28	7.67	7.90	7.67	7.88	8276758	64978904.00
2014/10/29	7.89	8.01	7.89	7.94	10502837	83794648.00
2014/10/30	7.96	8.05	7.92	7.96	11587884	93028888.00
2014/10/31	7.95	8.15	7.90	8.13	17069320	138177280.00
2014/11/03	8.13	8.20	8.06	8.13	12232423	99895488.00
2014/11/04	8.13	8.34	8.08	8.28	21515237	178171520.00
2014/11/05	8.30	8.32	8.08	8.10	16265435	133564696.00
2014/11/06	8.09	8.21	8.03	8.13	11045597	90058624.00
2014/11/07	8.11	8.23	7.94	7.95	13717611	111708600.00
2014/11/10	7.91	8.12	7.91	8.10	11490629	92772016.00
2014/11/11	8.11	8.22	7.91	8.05	21917316	178468032.00
2014/11/12	7.93	8.09	7.93	8.09	11830426	95390360.00
2014/11/13	8.10	8.46	7.94	8.39	42258410	350378496.00
2014/11/14	8.31	8.37	8.18	8.23	18319949	152173808.00
2014/11/17	8.30	8.42	8.21	8.33	17211839	143658720.00
2014/11/18	8.31	8.66	8.28	8.55	33327565	284207872.00
2014/11/19	8.56	8.59	8.41	8.48	16962861	144516176.00
2014/11/20	8.40	8.59	8.30	8.44	18497722	155861424.00
2014/11/21	8.46	8.59	8.34	8.46	18884406	160251776.00
2014/11/24	8.51	8.84	8.47	8.80	47751640	417445568.00
2014/11/25	8.78	9.68	8.69	9.47	65273608	599911680.00
2014/11/26	9.35	10.11	9.25	9.62	76170593	735164992.00
2014/11/27	9.56	9.57	9.34	9.52	34864527	331470912.00
2014/11/28	9.51	9.52	9.01	9.29	40128658	373379712.00
2014/12/01	9.22	9.73	9.21	9.56	47739933	457012192.00
2014/12/02	9.57	9.80	9.52	9.62	34282070	330008800.00
2014/12/03	9.63	10.46	9.47	10.26	71486928	723897408.00
2014/12/04	10.31	10.55	10.11	10.39	49796495	516170176.00
2014/12/05	10.46	10.51	9.54	9.80	48675708	487511456.00
2014/12/08	9.81	10.10	9.62	9.91	34125237	337803776.00
2014/12/09	9.86	10.40	9.25	9.46	47558943	477960576.00
2014/12/10	9.51	9.74	9.31	9.65	29940757	286553824.00
2014/12/11	9.54	9.87	9.47	9.69	20566452	199643024.00
2014/12/12	9.74	10.13	9.71	9.86	26537999	265136912.00
2014/12/15	9.79	9.80	9.52	9.72	20388580	197592864.00
2014/12/16	9.72	9.93	9.60	9.91	24697640	242018592.00
2014/12/17	9.89	10.04	9.46	9.64	22777670	222188528.00
2014/12/18	9.59	9.95	9.50	9.66	22387467	219884976.00
2014/12/19	9.62	9.94	9.51	9.91	29293450	287719616.00
2014/12/22	9.95	10.36	9.86	10.34	59980084	611272000.00
2014/12/23	10.14	10.29	9.46	9.56	33193617	330376352.00
2014/12/24	9.56	9.64	8.96	9.18	34137621	316682272.00
2014/12/25	9.23	9.34	9.14	9.31	22845874	211810688.00
2014/12/26	9.30	9.50	9.28	9.46	18814364	177532032.00
2014/12/29	9.50	9.68	9.14	9.29	24171716	230244784.00
2014/12/30	9.33	9.54	9.11	9.25	18676143	174678416.00
2014/12/31	9.22	9.39	9.15	9.33	13779603	128477120.00
2015/01/05	9.35	10.27	9.33	10.27	61787375	620734336.00
2015/01/06	10.23	10.45	9.87	10.01	47666221	484433056.00
2015/01/07	9.87	10.52	9.86	10.15	38595200	395904672.00
2015/01/08	10.16	10.19	9.78	9.92	23460674	234281232.00
2015/01/09	9.86	10.12	9.76	9.77	27055118	271422528.00
2015/01/12	9.66	9.66	9.34	9.48	19721669	187558224.00
2015/01/13	9.46	9.63	9.31	9.39	12143048	115482656.00
2015/01/14	9.39	9.44	9.12	9.24	14536028	135195472.00
2015/01/15	9.34	9.44	9.13	9.43	12091772	112882552.00
2015/01/16	9.53	9.65	9.45	9.56	15405185	147555632.00
2015/01/19	9.26	9.40	8.60	8.72	25730736	234208064.00
2015/01/20	8.74	9.02	8.74	8.90	16089580	143547872.00
2015/01/21	8.93	9.39	8.90	9.26	20643730	189874432.00
2015/01/22	9.26	9.96	9.20	9.74	37799099	365914656.00
2015/01/23	9.86	10.07	9.45	9.58	33164119	325980192.00
2015/01/26	9.55	9.89	9.46	9.86	21039208	205925904.00
2015/01/27	9.86	10.35	9.75	9.98	39373760	395630048.00
2015/01/28	9.91	9.91	9.62	9.67	21506967	210159920.00
2015/01/29	9.56	9.75	9.51	9.62	15307753	148365232.00
2015/01/30	9.65	9.85	9.53	9.64	14131452	137553088.00
2015/02/02	9.47	9.61	9.31	9.41	10566328	100302600.00
2015/02/03	9.59	9.62	9.45	9.60	10680402	102246040.00
2015/02/04	9.62	9.83	9.60	9.63	17682091	172737584.00
2015/02/05	9.86	9.96	9.41	9.44	22931449	225008992.00
2015/02/06	9.33	9.36	9.04	9.14	15771989	145464624.00
2015/02/09	9.14	9.25	9.08	9.14	6683315	61556616.00
2015/02/10	9.25	9.31	9.16	9.25	6712066	62360296.00
2015/02/11	9.27	9.34	9.21	9.26	6540636	60968888.00
2015/02/12	9.27	9.30	9.14	9.25	6862467	63355240.00
2015/02/13	9.24	9.51	9.16	9.34	17617051	165936112.00
2015/02/16	9.35	9.41	9.31	9.38	10433874	98216248.00
2015/02/17	9.38	9.62	9.36	9.59	15283800	146151600.00
2015/02/25	9.59	9.60	9.41	9.47	10781443	102876720.00
2015/02/26	9.48	10.34	9.46	10.05	33548289	331381824.00
2015/02/27	9.96	10.24	9.75	9.99	40955001	410616064.00
2015/03/02	10.19	10.55	10.02	10.39	56850958	588137280.00
2015/03/03	10.40	11.07	10.16	10.50	72954065	778189888.00
2015/03/04	10.48	10.72	10.39	10.62	34496160	365936864.00
2015/03/05	10.54	10.88	10.44	10.76	38438264	412985760.00
2015/03/06	10.66	11.06	10.49	10.73	45568630	494632160.00
2015/03/09	10.58	10.59	10.31	10.56	32779551	343781088.00
2015/03/10	10.54	10.68	10.41	10.46	25571597	270606432.00
2015/03/11	10.40	10.55	10.15	10.27	24796719	256836080.00
2015/03/12	10.32	10.41	10.20	10.33	19989384	206736656.00
2015/03/13	10.41	10.64	10.26	10.44	26504246	278448224.00
2015/03/16	10.54	10.70	10.36	10.62	28792448	305290976.00
2015/03/17	10.63	10.93	10.57	10.75	35187298	379260576.00
2015/03/18	10.75	11.11	10.71	11.09	43828076	481305088.00
2015/03/19	11.21	11.47	10.92	11.05	49002805	551285248.00
2015/03/20	11.02	11.04	10.84	10.93	32755630	359458048.00
2015/03/23	11.02	11.36	11.01	11.26	48487764	546113536.00
2015/03/24	11.26	11.35	10.82	11.08	49016691	544786176.00
2015/03/25	10.99	11.04	10.72	10.78	41455891	450677120.00
2015/03/26	10.72	11.15	10.65	11.00	52117107	570716352.00
2015/03/27	11.00	11.23	10.97	11.09	44827945	499612992.00
2015/03/30	11.03	11.36	11.00	11.24	45602321	511933280.00
2015/03/31	11.31	11.72	11.21	11.44	74811887	858485632.00
2015/04/01	11.36	11.53	11.27	11.48	44720122	512110592.00
2015/04/02	11.52	11.76	11.28	11.66	59351736	684871168.00
2015/04/03	11.51	12.14	11.46	11.91	65262648	775523648.00
2015/04/07	11.96	12.21	11.84	12.09	52825338	639077056.00
2015/04/08	12.13	12.15	11.44	11.69	56653744	668514560.00
2015/04/09	11.69	11.79	11.17	11.34	46302612	530857696.00
2015/04/10	11.34	11.64	11.26	11.61	37646140	434134144.00
2015/04/13	11.61	11.85	11.44	11.81	43727685	511973536.00
2015/04/14	11.79	11.79	11.44	11.56	45272901	526944480.00
2015/04/15	11.51	11.54	11.08	11.09	43535854	493170304.00
2015/04/16	11.06	11.41	10.78	11.32	33669468	378038368.00
2015/04/17	11.35	11.78	11.34	11.65	66686499	775785920.00
2015/04/20	11.75	12.14	11.45	11.47	88745776	1047350464.00
2015/04/21	11.69	11.94	11.56	11.91	57375201	677869120.00
2015/04/22	11.91	12.64	11.89	12.43	92605576	1144523008.00
2015/04/23	12.46	13.68	12.19	13.68	141993177	1880679040.00
2015/04/24	13.83	15.05	13.68	14.66	185982451	2674862336.00
2015/04/27	14.56	14.79	14.17	14.40	100210057	1448513408.00
2015/04/28	14.36	14.39	13.16	13.49	101495254	1401955584.00
2015/04/29	14.21	14.84	13.96	14.84	78849276	1147297792.00
2015/04/30	16.33	16.33	15.31	15.55	221335750	3561102080.00
2015/05/04	15.27	15.55	14.34	14.81	121775815	1812540160.00
2015/05/05	14.73	15.13	13.81	13.94	89890294	1296586496.00
2015/05/06	13.99	14.68	13.36	13.94	77677746	1099193472.00
2015/05/07	13.61	14.24	13.46	14.00	53907186	754687488.00
2015/05/08	13.95	14.44	13.74	14.15	55605900	783031936.00
2015/05/11	14.26	14.76	14.15	14.47	74504609	1078143616.00
2015/05/12	14.31	14.71	14.03	14.68	79987407	1150319360.00
2015/05/13	14.46	14.95	14.38	14.61	74601962	1098737792.00
2015/05/14	14.54	14.93	13.91	14.81	89786946	1302453760.00
2015/05/15	14.83	15.12	14.17	14.19	69884864	1025484800.00
2015/05/18	13.80	13.88	13.30	13.49	44503126	604656000.00
2015/05/19	13.49	14.10	13.49	14.01	37234016	514123456.00
2015/05/20	14.01	14.24	13.80	13.86	46119222	646564864.00
2015/05/21	13.76	14.00	13.50	13.96	41497383	571874560.00
2015/05/22	14.05	14.53	14.00	14.51	64153695	919434688.00
2015/05/25	14.41	15.08	14.35	14.91	71256738	1052155008.00
2015/05/26	14.95	15.51	14.55	15.24	81077432	1223178496.00
2015/05/27	15.20	15.99	14.86	15.80	90692159	1392035584.00
2015/05/28	15.80	15.95	14.22	14.22	86338756	1319121920.00
2015/05/29	13.98	14.38	13.40	13.99	54844750	763416384.00
2015/06/01	13.94	14.83	13.85	14.68	48150941	693590400.00
2015/06/02	14.75	15.27	14.60	15.04	68108318	1017470912.00
2015/06/03	15.01	15.24	14.60	14.94	67874791	1009241792.00
2015/06/04	14.90	16.18	14.04	15.94	135076458	2067270912.00
2015/06/05	16.02	17.33	15.71	16.86	151513227	2520008960.00
2015/06/08	16.68	16.98	16.08	16.47	88975136	1465443840.00
2015/06/09	16.49	16.94	16.18	16.59	68448952	1133722496.00
2015/06/10	16.45	16.76	16.18	16.31	55689640	915682432.00
2015/06/11	16.22	16.31	15.85	16.19	52085573	837241728.00
2015/06/12	16.20	16.49	16.20	16.35	51581485	842247168.00
2015/06/15	16.37	17.00	16.20	16.45	77166032	1282299776.00
2015/06/16	16.27	16.27	14.82	15.07	65122911	1009123712.00
2015/06/17	15.05	15.39	14.35	15.29	48013068	716476800.00
2015/06/18	15.27	15.58	14.41	14.52	41436106	625973440.00
:
