2004/07/13	2.50	2.60	2.34	2.43	45259868	232193424.00
2004/07/14	2.39	2.47	2.29	2.44	21768516	109210704.00
2004/07/15	2.44	2.56	2.42	2.49	22031820	113887992.00
2004/07/16	2.49	2.75	2.47	2.63	28850418	156512368.00
2004/07/19	2.62	2.64	2.55	2.60	11694691	63130416.00
2004/07/20	2.60	2.65	2.55	2.61	8701028	47083216.00
2004/07/21	2.60	2.63	2.51	2.53	7474887	39673856.00
2004/07/22	2.52	2.55	2.43	2.44	6517745	33766600.00
2004/07/23	2.43	2.47	2.39	2.47	4185927	21245186.00
2004/07/26	2.44	2.44	2.34	2.36	4617939	22996980.00
2004/07/27	2.36	2.41	2.31	2.36	3781327	18766398.00
2004/07/28	2.43	2.46	2.35	2.45	4882154	24656744.00
2004/07/29	2.44	2.48	2.41	2.46	4336643	22145032.00
2004/07/30	2.44	2.44	2.34	2.34	3750543	18662764.00
2004/08/02	2.33	2.36	2.29	2.33	2016422	9839161.00
2004/08/03	2.30	2.40	2.30	2.38	2073998	10285421.00
2004/08/04	2.39	2.51	2.37	2.46	7817882	40122964.00
2004/08/05	2.44	2.47	2.37	2.38	3250619	16442695.00
2004/08/06	2.38	2.42	2.35	2.41	2510539	12523263.00
2004/08/09	2.40	2.40	2.35	2.38	1108380	5519617.00
2004/08/10	2.39	2.40	2.35	2.40	877854	4384436.00
2004/08/11	2.42	2.45	2.37	2.39	3528204	17816538.00
2004/08/12	2.36	2.36	2.30	2.33	2259404	11052665.00
2004/08/13	2.30	2.36	2.30	2.35	1210617	5959112.00
2004/08/16	2.34	2.35	2.12	2.15	3807582	17721596.00
2004/08/17	2.13	2.17	2.04	2.11	2649621	11872420.00
2004/08/18	2.09	2.13	2.04	2.05	1635908	7283405.00
2004/08/19	2.04	2.08	1.98	2.01	1728049	7473500.00
2004/08/20	2.01	2.11	1.99	2.07	1949930	8526662.00
2004/08/23	2.04	2.09	2.02	2.05	721069	3153745.00
2004/08/24	2.04	2.20	2.04	2.10	2436549	11003562.00
2004/08/25	2.08	2.12	2.06	2.08	1184965	5249173.00
2004/08/26	2.10	2.10	2.03	2.04	856898	3747861.00
2004/08/27	2.02	2.05	2.01	2.04	916667	3976046.00
2004/08/30	2.02	2.07	2.00	2.07	740090	3230156.00
2004/08/31	2.17	2.21	2.09	2.12	4628294	21116872.00
2004/09/01	2.11	2.11	2.05	2.06	1400234	6177945.00
2004/09/02	2.06	2.12	2.04	2.12	1232593	5465177.00
2004/09/03	2.09	2.14	2.08	2.10	997733	4481869.00
2004/09/06	2.10	2.12	2.08	2.11	582687	2603066.00
2004/09/07	2.11	2.14	2.09	2.13	1025929	4623694.00
2004/09/08	2.12	2.13	2.09	2.11	858208	3860605.00
2004/09/09	2.09	2.11	2.04	2.05	1314768	5804187.00
2004/09/10	2.04	2.16	2.04	2.13	4258528	19157618.00
2004/09/13	2.16	2.20	2.13	2.15	7584222	34805328.00
2004/09/14	2.16	2.27	2.16	2.23	7405060	34700152.00
2004/09/15	2.23	2.48	2.20	2.35	10757906	52974524.00
2004/09/16	2.37	2.43	2.33	2.39	8032606	39984716.00
2004/09/17	2.39	2.46	2.34	2.45	7997413	40214440.00
2004/09/20	2.50	2.56	2.45	2.56	11552906	60269044.00
2004/09/21	2.56	2.57	2.48	2.50	7373365	38640784.00
2004/09/22	2.49	2.64	2.47	2.51	7167728	38033896.00
2004/09/23	2.51	2.56	2.41	2.55	5604928	28861656.00
2004/09/24	2.56	2.59	2.41	2.41	5854585	30564288.00
2004/09/27	2.42	2.49	2.32	2.35	3652121	18476132.00
2004/09/28	2.39	2.41	2.32	2.39	1896889	9431140.00
2004/09/29	2.40	2.42	2.36	2.36	1361130	6803923.00
2004/09/30	2.36	2.40	2.29	2.30	2033790	9991230.00
2004/10/08	2.28	2.43	2.26	2.42	1932727	9524298.00
2004/10/11	2.41	2.46	2.37	2.39	2916420	14743636.00
2004/10/12	2.37	2.40	2.30	2.32	1634153	8024150.00
2004/10/13	2.33	2.36	2.29	2.32	1386233	6759637.00
2004/10/14	2.32	2.32	2.12	2.13	2528500	11790315.00
2004/10/15	2.13	2.17	2.08	2.14	1424483	6428356.00
2004/10/18	2.15	2.19	2.12	2.15	869123	3967948.00
2004/10/19	2.17	2.21	2.09	2.11	1437560	6576968.00
2004/10/20	2.12	2.13	2.04	2.07	1210233	5346532.00
2004/10/21	2.07	2.11	1.86	1.91	2792457	11855145.00
2004/10/22	1.90	1.97	1.84	1.96	2121963	8739231.00
2004/10/25	1.97	1.98	1.87	1.89	1490088	6156005.00
2004/10/26	1.89	1.97	1.87	1.97	1305897	5407262.00
2004/10/27	1.97	2.04	1.92	2.02	2288274	9728710.00
2004/10/29	1.91	2.00	1.86	1.94	1723515	7238563.00
2004/11/01	1.92	1.97	1.92	1.94	638500	2659805.00
2004/11/02	1.90	2.01	1.90	1.98	1632220	6941168.00
2004/11/03	2.00	2.05	1.97	2.04	1367128	5887260.00
2004/11/04	2.04	2.04	1.94	1.94	1118649	4768880.00
2004/11/05	1.95	2.00	1.93	1.98	906301	3809838.00
2004/11/08	1.98	2.01	1.94	2.00	877022	3729872.00
2004/11/09	2.00	2.02	1.97	2.01	859079	3674098.00
2004/11/10	2.02	2.09	2.00	2.08	2388719	10473354.00
2004/11/11	2.08	2.15	2.06	2.06	4391795	19753404.00
2004/11/12	2.06	2.10	2.02	2.04	1592511	6991406.00
2004/11/15	2.05	2.08	2.02	2.08	1337418	5867716.00
2004/11/16	2.08	2.08	2.03	2.07	918000	4027794.00
2004/11/17	2.05	2.06	2.00	2.00	1275606	5499929.00
2004/11/18	2.01	2.03	2.00	2.03	682311	2939165.00
2004/11/19	2.04	2.07	2.02	2.07	1132336	4956195.00
2004/11/22	2.07	2.11	2.06	2.09	1236816	5491271.00
2004/11/23	2.09	2.09	2.05	2.08	907679	3999467.00
2004/11/24	2.08	2.11	2.07	2.07	1370364	6090267.00
2004/11/25	2.07	2.07	2.02	2.05	933890	4064647.00
2004/11/26	2.04	2.09	2.02	2.06	805594	3540704.00
2004/11/29	2.06	2.09	1.99	2.00	643810	2793766.00
2004/11/30	2.00	2.03	1.95	2.02	1008493	4308851.00
2004/12/01	2.01	2.02	1.98	1.99	522600	2233735.00
2004/12/02	1.98	2.07	1.97	2.07	1492451	6500689.00
2004/12/03	2.07	2.13	2.06	2.11	3189172	14277527.00
2004/12/06	2.11	2.12	2.06	2.08	1040319	4617914.00
2004/12/07	2.09	2.12	2.07	2.08	1013200	4505391.00
2004/12/08	2.10	2.12	2.07	2.10	932129	4161550.00
2004/12/09	2.11	2.13	2.08	2.11	1575572	7075236.00
2004/12/10	2.11	2.11	2.02	2.02	945970	4145692.00
2004/12/13	2.02	2.02	1.95	1.98	696800	2966194.00
2004/12/14	1.98	2.01	1.97	1.99	379033	1617909.00
2004/12/15	1.97	2.00	1.95	1.98	474588	2007403.00
2004/12/16	1.99	2.02	1.95	1.99	677600	2889978.00
2004/12/17	1.97	2.00	1.96	1.97	376367	1598478.00
2004/12/20	1.95	1.97	1.94	1.96	438271	1835804.00
2004/12/21	1.98	1.99	1.95	1.96	308654	1303251.00
2004/12/22	1.98	2.02	1.97	2.02	567357	2429753.00
2004/12/23	2.02	2.03	1.95	1.96	633600	2693343.00
2004/12/24	1.95	1.98	1.94	1.96	348615	1465693.00
2004/12/27	1.96	1.97	1.93	1.93	371200	1551283.00
2004/12/28	1.93	1.94	1.90	1.91	591700	2437437.00
2004/12/29	1.91	1.94	1.89	1.90	376700	1551614.00
2004/12/30	1.89	1.90	1.78	1.79	2011507	8014245.00
2004/12/31	1.80	1.82	1.77	1.78	772705	3006569.00
2005/01/04	1.79	1.79	1.75	1.79	516706	1997933.00
2005/01/05	1.79	1.85	1.77	1.84	749301	2959939.00
2005/01/06	1.84	1.84	1.79	1.80	378053	1486024.00
2005/01/07	1.80	1.86	1.78	1.83	323311	1284346.00
2005/01/10	1.81	1.86	1.81	1.85	316650	1260196.00
2005/01/11	1.82	1.86	1.82	1.85	476300	1900458.00
2005/01/12	1.86	1.88	1.84	1.87	579286	2323289.00
2005/01/13	1.89	1.91	1.87	1.87	1225710	4985560.00
2005/01/14	1.87	1.89	1.81	1.82	602783	2414856.00
2005/01/17	1.79	1.80	1.75	1.78	557342	2153006.00
2005/01/18	1.78	1.82	1.77	1.81	454162	1766603.00
2005/01/19	1.79	1.83	1.79	1.81	316200	1238959.00
2005/01/20	1.77	1.80	1.76	1.79	404108	1569842.00
2005/01/21	1.80	1.87	1.77	1.85	946907	3751354.00
2005/01/24	1.89	1.93	1.87	1.88	1091477	4449943.00
2005/01/25	1.87	1.87	1.83	1.86	629243	2516720.00
2005/01/26	1.85	1.87	1.84	1.86	530500	2126058.00
2005/01/27	1.83	1.85	1.78	1.79	466610	1832013.00
2005/01/28	1.78	1.80	1.77	1.79	329836	1279876.00
2005/01/31	1.78	1.78	1.66	1.69	1081988	4030042.00
2005/02/01	1.67	1.72	1.58	1.62	869157	3171343.00
2005/02/02	1.64	1.73	1.61	1.73	1166824	4304217.00
2005/02/03	1.71	1.74	1.66	1.66	1165329	4343412.00
2005/02/04	1.65	1.71	1.64	1.70	854090	3150291.00
2005/02/16	1.72	1.76	1.69	1.72	940442	3540582.00
2005/02/17	1.72	1.73	1.69	1.73	405091	1522304.00
2005/02/18	1.72	1.73	1.68	1.69	452900	1689233.00
2005/02/21	1.68	1.74	1.68	1.74	730759	2751760.00
2005/02/22	1.74	1.81	1.72	1.80	2100772	8127030.00
2005/02/23	1.79	1.83	1.77	1.81	1577481	6171526.00
2005/02/24	1.79	1.84	1.78	1.83	1497198	5890512.00
2005/02/25	1.83	1.86	1.81	1.81	1733681	6890647.00
2005/02/28	1.79	1.84	1.79	1.81	1212674	4775876.00
2005/03/01	1.80	1.86	1.80	1.86	2118772	8438346.00
2005/03/02	1.86	1.90	1.82	1.82	4165625	16801326.00
2005/03/03	1.82	1.86	1.79	1.86	2489170	9857000.00
2005/03/04	1.86	1.89	1.84	1.85	1824658	7366959.00
2005/03/07	1.86	1.90	1.85	1.86	1411046	5717460.00
2005/03/08	1.86	1.91	1.84	1.91	2666915	10798976.00
2005/03/09	1.91	1.91	1.88	1.90	1635908	6681388.00
2005/03/10	1.90	1.90	1.81	1.83	1952714	7802691.00
2005/03/11	1.82	1.85	1.81	1.82	1046118	4147001.00
2005/03/14	1.81	1.85	1.78	1.82	1324844	5203150.00
2005/03/15	1.82	1.83	1.80	1.80	699948	2755109.00
2005/03/16	1.81	1.81	1.75	1.76	1121457	4357854.00
2005/03/17	1.76	1.77	1.73	1.73	1153670	4411518.00
2005/03/18	1.73	1.76	1.71	1.72	763880	2888281.00
2005/03/21	1.72	1.79	1.72	1.78	1015352	3900489.00
2005/03/22	1.79	1.80	1.73	1.75	2250024	8667854.00
2005/03/23	1.73	1.81	1.73	1.77	1388801	5368952.00
2005/03/24	1.76	1.81	1.74	1.81	1455740	5665042.00
2005/03/25	1.84	1.88	1.82	1.83	4794278	19264984.00
2005/03/28	1.83	1.83	1.73	1.76	1781628	6853390.00
2005/03/29	1.76	1.78	1.69	1.71	1375610	5225918.00
2005/03/30	1.70	1.70	1.62	1.62	1161200	4233243.00
2005/03/31	1.61	1.66	1.61	1.66	650628	2353438.00
2005/04/01	1.66	1.78	1.62	1.74	1327340	4947410.00
2005/04/05	1.69	1.72	1.66	1.66	620800	2300292.00
2005/04/06	1.65	1.71	1.64	1.70	915606	3374742.00
2005/04/07	1.70	1.75	1.68	1.71	1324074	4999918.00
2005/04/08	1.71	1.77	1.70	1.77	1362927	5175890.00
2005/04/11	1.77	1.77	1.72	1.73	1069979	4059154.00
2005/04/12	1.73	1.76	1.70	1.70	697900	2635593.00
2005/04/13	1.70	1.76	1.70	1.74	997622	3784252.00
2005/04/14	1.74	1.76	1.69	1.69	719666	2701088.00
2005/04/15	1.68	1.69	1.63	1.64	814149	2969854.00
2005/04/18	1.63	1.65	1.61	1.63	583931	2096262.00
2005/04/19	1.65	1.65	1.62	1.63	440809	1585430.00
2005/04/20	1.62	1.65	1.62	1.64	654100	2351931.00
2005/04/21	1.65	1.65	1.50	1.51	1643500	5660702.00
2005/04/22	1.48	1.52	1.45	1.50	895000	2978508.00
2005/04/25	1.49	1.49	1.43	1.46	795581	2596073.00
2005/04/26	1.44	1.50	1.44	1.50	653965	2166178.00
2005/04/27	1.50	1.50	1.44	1.44	479300	1579866.00
2005/04/28	1.43	1.51	1.40	1.49	1045218	3439864.00
2005/04/29	1.48	1.49	1.44	1.45	711100	2338236.00
2005/05/09	1.45	1.46	1.35	1.35	642701	2032396.00
2005/05/10	1.35	1.37	1.30	1.36	1068153	3241816.00
2005/05/11	1.36	1.37	1.33	1.34	546127	1674662.00
2005/05/12	1.34	1.36	1.32	1.35	477578	1461730.00
2005/05/13	1.34	1.37	1.33	1.36	559233	1723358.00
2005/05/16	1.37	1.37	1.34	1.36	364787	1121979.00
2005/05/17	1.36	1.39	1.34	1.39	650628	2032196.00
2005/05/18	1.38	1.40	1.36	1.39	630297	1970103.00
2005/05/19	1.39	1.41	1.37	1.41	594199	1873903.00
2005/05/20	1.41	1.42	1.38	1.39	515050	1630477.00
2005/05/23	1.38	1.38	1.31	1.31	739680	2257464.00
2005/05/24	1.31	1.37	1.31	1.35	461558	1417263.00
2005/05/25	1.36	1.38	1.35	1.37	533085	1657775.00
2005/05/26	1.37	1.38	1.34	1.35	462633	1432790.00
2005/05/27	1.35	1.38	1.34	1.36	492714	1530772.00
2005/05/30	1.31	1.38	1.30	1.37	1316874	4011670.00
2005/05/31	1.36	1.39	1.36	1.37	1073942	3364112.00
2005/06/01	1.37	1.39	1.35	1.36	591148	1835563.00
2005/06/02	1.35	1.36	1.34	1.35	517001	1592685.00
2005/06/03	1.37	1.37	1.33	1.34	346705	949547.00
2005/06/06	1.18	1.27	1.18	1.25	4598715	11622455.00
2005/06/07	1.24	1.28	1.23	1.24	2797081	7222091.00
2005/06/08	1.23	1.39	1.23	1.37	4973790	13380585.00
2005/06/09	1.37	1.43	1.33	1.39	4640925	12953361.00
2005/06/10	1.39	1.39	1.32	1.32	2093000	5780175.00
2005/06/13	1.31	1.37	1.31	1.36	1542468	4209799.00
2005/06/14	1.37	1.42	1.34	1.34	2297472	6447278.00
2005/06/15	1.32	1.34	1.27	1.27	1453341	3871401.00
2005/06/16	1.27	1.30	1.24	1.28	1153231	3020173.00
2005/06/17	1.29	1.31	1.23	1.24	976010	2531342.00
2005/06/20	1.24	1.30	1.21	1.30	1353439	3503249.00
2005/06/21	1.31	1.31	1.27	1.27	890349	2350927.00
2005/06/22	1.26	1.29	1.25	1.28	681988	1785790.00
2005/06/23	1.27	1.30	1.26	1.26	821261	2162091.00
2005/06/24	1.25	1.26	1.23	1.26	825382	2118582.00
2005/06/27	1.28	1.36	1.28	1.33	3062073	8315863.00
2005/06/28	1.31	1.31	1.27	1.27	1271077	3365292.00
2005/06/29	1.27	1.30	1.27	1.29	823850	2172983.00
2005/06/30	1.29	1.29	1.20	1.20	1495706	3820733.00
2005/07/01	1.20	1.20	1.05	1.06	2634742	6204852.00
2005/07/05	1.07	1.07	1.02	1.04	1224664	2734472.00
2005/07/06	1.04	1.07	1.03	1.05	711490	1599782.00
2005/07/07	1.05	1.08	1.05	1.06	555479	1257251.00
2005/07/08	1.05	1.05	0.96	0.97	1729147	3693399.00
2005/07/11	0.97	1.01	0.94	0.95	875850	1874369.00
2005/07/12	0.94	1.01	0.94	1.01	1484055	3158863.00
2005/07/13	1.00	1.01	0.97	0.97	970922	2070502.00
2005/07/14	0.94	0.96	0.93	0.96	2255371	4669220.00
2005/07/15	0.96	0.99	0.92	0.93	1329810	2755416.00
2005/07/18	0.94	0.94	0.83	0.85	1699398	3304075.00
2005/07/19	0.84	0.91	0.84	0.88	1025740	2000909.00
2005/07/20	0.87	0.89	0.86	0.89	932211	1829194.00
2005/07/21	0.88	0.89	0.85	0.89	759566	1479821.00
2005/07/22	0.89	0.94	0.88	0.92	1667945	3361413.00
2005/07/25	0.91	0.91	0.89	0.91	881638	1761041.00
2005/07/26	0.90	0.96	0.90	0.95	2876450	5914193.00
2005/07/27	0.95	1.01	0.94	1.00	3115536	6590003.00
2005/07/28	0.99	1.03	0.99	1.01	3694268	8030600.00
2005/07/29	1.01	1.04	0.98	1.01	4871201	10610071.00
2005/08/01	0.99	1.01	0.96	0.98	1815760	3863157.00
2005/08/02	0.99	1.02	0.98	1.02	2263920	4918805.00
2005/08/03	1.02	1.08	1.01	1.04	3342648	7497224.00
2005/08/04	1.04	1.04	1.00	1.01	1651659	3613736.00
2005/08/05	1.01	1.12	1.01	1.08	4492304	10289212.00
2005/08/08	1.10	1.11	1.06	1.09	2771593	6366054.00
2005/08/09	1.07	1.13	1.06	1.11	2350947	5443027.00
2005/08/10	1.12	1.14	1.09	1.13	2911909	6855782.00
2005/08/11	1.13	1.16	1.11	1.14	3428410	8155361.00
2005/08/12	1.14	1.23	1.11	1.18	7482919	18184988.00
2005/08/15	1.21	1.33	1.21	1.33	13904148	36285032.00
2005/08/16	1.33	1.35	1.28	1.30	7384534	19795482.00
2005/08/17	1.28	1.31	1.20	1.31	5457006	14184850.00
2005/08/18	1.30	1.33	1.17	1.17	5161012	13552051.00
2005/08/19	1.17	1.23	1.13	1.19	3423038	8464376.00
2005/08/22	1.18	1.23	1.16	1.22	1741574	4360548.00
2005/08/23	1.21	1.21	1.15	1.18	1743092	4271596.00
2005/08/24	1.18	1.20	1.15	1.18	1659327	4080294.00
2005/08/25	1.22	1.22	1.17	1.20	1471721	3652896.00
2005/08/26	1.21	1.27	1.19	1.25	3298845	8431446.00
2005/08/29	1.25	1.28	1.23	1.27	3641480	9469082.00
2005/08/30	1.27	1.28	1.24	1.27	1990820	5174335.00
2005/08/31	1.27	1.31	1.24	1.31	3212248	8472625.00
2005/09/01	1.31	1.35	1.29	1.32	3434890	9280007.00
2005/09/02	1.33	1.37	1.31	1.37	5155274	14165756.00
2005/09/05	1.37	1.37	1.32	1.36	3067311	8427265.00
2005/09/06	1.36	1.37	1.26	1.27	4232612	11396413.00
2005/09/07	1.26	1.33	1.25	1.33	3405072	9048067.00
2005/09/08	1.33	1.35	1.30	1.32	3240038	8778102.00
2005/09/09	1.31	1.33	1.27	1.28	1984230	5281265.00
2005/09/12	1.28	1.32	1.26	1.31	1577392	4183495.00
2005/09/13	1.31	1.35	1.30	1.35	2516148	6840159.00
2005/09/14	1.34	1.41	1.34	1.41	5839826	16378223.00
2005/09/15	1.41	1.41	1.37	1.39	2613961	7361711.00
2005/09/16	1.39	1.40	1.36	1.40	2193210	6138915.00
2005/09/19	1.39	1.44	1.39	1.43	2957389	8481226.00
2005/09/20	1.43	1.45	1.39	1.44	3858299	11055538.00
2005/09/21	1.44	1.45	1.38	1.38	3058611	8729112.00
2005/09/22	1.37	1.39	1.22	1.28	3894352	10474364.00
2005/09/23	1.28	1.28	1.20	1.21	2141452	5528925.00
2005/09/26	1.20	1.24	1.18	1.24	1085907	2737254.00
2005/09/27	1.23	1.24	1.15	1.15	1405700	3466692.00
2005/09/28	1.15	1.18	1.13	1.16	1007064	2442945.00
2005/09/29	1.16	1.21	1.16	1.20	1224249	3040334.00
2005/09/30	1.20	1.23	1.19	1.20	961400	2411745.00
2005/10/10	1.20	1.26	1.17	1.25	2278954	5849840.00
2005/10/11	1.27	1.34	1.25	1.32	3745994	9920995.00
2005/10/12	1.32	1.32	1.27	1.30	1865566	4958053.00
2005/10/13	1.29	1.30	1.24	1.25	1600821	4170915.00
2005/10/14	1.24	1.27	1.24	1.25	988769	2563763.00
2005/10/17	1.23	1.23	1.15	1.17	2183325	5343472.00
2005/10/18	1.17	1.21	1.16	1.20	1321942	3283234.00
2005/10/19	1.20	1.24	1.19	1.20	1427395	3602640.00
2005/10/20	1.20	1.21	1.16	1.20	1184622	2915397.00
2005/10/21	1.20	1.24	1.18	1.24	2096450	5299965.00
2005/10/24	1.24	1.27	1.22	1.26	1880286	4867213.00
2005/10/25	1.26	1.30	1.24	1.28	2447497	6419162.00
2005/10/26	1.27	1.29	1.20	1.23	3051339	7863796.00
2005/10/27	1.23	1.25	1.14	1.23	2211795	5467432.00
2005/10/28	1.22	1.23	1.14	1.16	3490470	8567116.00
2005/10/31	1.17	1.17	1.10	1.11	2728990	6470378.00
2005/11/01	1.11	1.13	1.05	1.11	1261609	2913007.00
2005/11/02	1.11	1.15	1.10	1.14	1112623	2661226.00
2005/11/03	1.14	1.15	1.11	1.11	1041190	2466716.00
2005/11/04	1.11	1.15	1.11	1.14	890428	2120771.00
2005/11/07	1.14	1.16	1.12	1.16	564083	1352931.00
2005/11/08	1.15	1.19	1.15	1.18	1235642	3032177.00
2005/11/09	1.18	1.19	1.14	1.15	1089253	2658758.00
2005/11/10	1.15	1.15	1.08	1.08	956169	2235058.00
2005/11/11	1.06	1.11	1.05	1.09	900696	2066255.00
2005/11/14	1.10	1.11	1.07	1.11	443308	1026805.00
2005/11/15	1.11	1.12	1.08	1.10	808285	1883640.00
2005/11/16	1.09	1.12	1.08	1.12	644304	1498379.00
2005/11/17	1.12	1.17	1.11	1.14	1407986	3376725.00
2005/11/18	1.13	1.17	1.12	1.17	1421219	3437499.00
2005/11/21	1.18	1.22	1.14	1.22	3083411	7650179.00
2005/11/22	1.23	1.23	1.17	1.18	3098837	7716335.00
2005/11/23	1.17	1.20	1.15	1.19	879067	2166226.00
2005/11/24	1.19	1.20	1.17	1.18	664680	1642452.00
2005/11/25	1.17	1.18	1.17	1.18	445587	1094651.00
2005/11/28	1.19	1.19	1.15	1.17	602878	1474909.00
2005/11/29	1.15	1.17	1.11	1.12	644333	1538076.00
2005/11/30	1.11	1.14	1.11	1.14	756420	1790089.00
2005/12/01	1.13	1.15	1.12	1.12	569027	1353133.00
2005/12/02	1.12	1.13	1.10	1.11	658400	1546027.00
2005/12/05	1.11	1.12	1.08	1.08	632730	1470111.00
2005/12/06	1.08	1.11	1.07	1.10	513318	1187538.00
2005/12/07	1.11	1.12	1.09	1.11	420747	987589.00
2005/12/08	1.11	1.11	1.08	1.11	391887	913419.00
2005/12/09	1.09	1.14	1.09	1.12	562956	1327594.00
2005/12/12	1.12	1.15	1.11	1.15	625499	1496810.00
2005/12/13	1.14	1.14	1.11	1.13	344250	816192.00
2005/12/14	1.13	1.15	1.12	1.14	553761	1321792.00
2005/12/15	1.14	1.15	1.11	1.12	524100	1252250.00
2005/12/16	1.12	1.14	1.10	1.14	747946	1769334.00
2005/12/19	1.15	1.16	1.12	1.16	658800	1583849.00
2005/12/20	1.16	1.16	1.12	1.14	722000	1724703.00
2005/12/21	1.14	1.14	1.11	1.11	482250	1141497.00
2005/12/22	1.11	1.12	1.11	1.12	363548	856287.00
2005/12/23	1.12	1.19	1.12	1.16	2009954	4852599.00
2005/12/26	1.15	1.18	1.15	1.18	1620774	3962638.00
2005/12/27	1.18	1.18	1.15	1.16	622995	1514042.00
2005/12/28	1.16	1.19	1.16	1.19	972020	2388247.00
2005/12/29	1.18	1.20	1.18	1.20	1378674	3423238.00
2005/12/30	1.19	1.20	1.15	1.15	1011790	2486783.00
2006/01/04	1.16	1.18	1.14	1.17	1591582	3863868.00
2006/01/05	1.17	1.19	1.15	1.18	1609690	3950613.00
2006/01/06	1.19	1.22	1.17	1.21	2413231	6021454.00
2006/01/09	1.21	1.25	1.19	1.23	1948237	4929673.00
2006/01/10	1.21	1.23	1.20	1.23	1235710	3113766.00
2006/01/11	1.22	1.27	1.21	1.27	5140738	13286735.00
2006/01/12	1.27	1.28	1.25	1.28	2679063	7007287.00
2006/01/13	1.30	1.33	1.26	1.33	4776201	12729301.00
2006/01/16	1.34	1.35	1.27	1.27	4006944	10730564.00
2006/01/17	1.27	1.27	1.23	1.24	1969619	5081471.00
2006/01/18	1.25	1.28	1.24	1.28	1821189	4763633.00
2006/01/19	1.29	1.29	1.25	1.28	1833664	4802629.00
2006/01/20	1.28	1.29	1.23	1.25	2057125	5331044.00
2006/01/23	1.20	1.22	1.16	1.19	4428147	10970180.00
2006/01/24	1.18	1.21	1.17	1.19	2137621	5307576.00
2006/01/25	1.20	1.20	1.14	1.15	2198675	5344778.00
2006/02/06	1.15	1.20	1.14	1.18	1728989	4255608.00
2006/02/07	1.20	1.24	1.18	1.23	2461991	6204843.00
2006/02/08	1.23	1.25	1.22	1.25	1956656	5020326.00
2006/02/09	1.25	1.25	1.21	1.21	1464560	3724957.00
2006/02/10	1.21	1.25	1.21	1.23	1390229	3538651.00
2006/02/13	1.24	1.25	1.21	1.24	1223613	3118520.00
2006/02/14	1.24	1.27	1.23	1.26	1683272	4370549.00
2006/02/15	1.26	1.27	1.24	1.24	1532005	3950747.00
2006/02/16	1.25	1.25	1.19	1.19	1460308	3681791.00
2006/02/17	1.19	1.21	1.18	1.20	796937	1986689.00
2006/02/20	1.19	1.20	1.17	1.18	1072143	2656741.00
2006/02/21	1.17	1.21	1.16	1.20	1275208	3136682.00
2006/02/22	1.20	1.26	1.20	1.23	2447860	6258209.00
2006/02/23	1.23	1.27	1.21	1.26	2361660	6069645.00
2006/02/24	1.26	1.26	1.23	1.26	1741374	4500645.00
2006/02/27	1.26	1.30	1.24	1.29	3392404	8893063.00
2006/02/28	1.30	1.30	1.24	1.28	2248352	5877691.00
2006/03/01	1.30	1.30	1.27	1.29	1950475	5126194.00
2006/03/02	1.30	1.30	1.24	1.25	3754564	9886312.00
2006/03/03	1.25	1.25	1.21	1.23	1497794	3815720.00
2006/03/06	1.23	1.24	1.21	1.24	802444	2042623.00
2006/03/07	1.23	1.24	1.18	1.18	1345490	3374921.00
2006/03/08	1.21	1.26	1.18	1.21	1106943	2779859.00
2006/03/09	1.20	1.21	1.19	1.20	714720	1781785.00
2006/03/10	1.20	1.21	1.18	1.18	498099	1236860.00
2006/03/13	1.17	1.20	1.17	1.19	552649	1364010.00
2006/03/14	1.19	1.22	1.18	1.21	705870	1766190.00
2006/03/15	1.21	1.22	1.20	1.20	1266138	3168998.00
2006/03/16	1.20	1.21	1.20	1.20	1100680	2753551.00
2006/03/17	1.20	1.20	1.18	1.18	885577	2190674.00
2006/03/20	1.18	1.20	1.17	1.20	955648	2357818.00
2006/03/21	1.20	1.22	1.19	1.20	925364	2322777.00
2006/03/22	1.20	1.23	1.19	1.23	1051743	2643896.00
2006/03/23	1.21	1.24	1.21	1.24	1670642	4273324.00
2006/03/24	1.24	1.24	1.21	1.22	1234540	3141663.00
2006/03/27	1.21	1.24	1.20	1.24	1125901	2849180.00
2006/03/28	1.24	1.26	1.23	1.25	1664901	4287109.00
2006/03/29	1.25	1.25	1.23	1.23	1074700	2764418.00
2006/03/30	1.23	1.24	1.21	1.22	1123341	2850542.00
2006/03/31	1.21	1.23	1.20	1.22	901738	2274689.00
2006/04/03	1.22	1.25	1.22	1.25	1379342	3533964.00
2006/04/04	1.24	1.26	1.24	1.26	1633310	4219698.00
2006/04/05	1.26	1.27	1.24	1.27	2225970	5762085.00
2006/04/06	1.27	1.29	1.24	1.25	2876297	7504205.00
2006/04/07	1.25	1.30	1.25	1.29	3325659	8721145.00
2006/04/11	1.31	1.34	1.27	1.31	4334373	11646352.00
2006/04/12	1.31	1.33	1.28	1.33	2941183	7925987.00
2006/04/13	1.33	1.37	1.26	1.28	4455156	12096483.00
2006/04/14	1.26	1.33	1.25	1.32	2659731	7041169.00
2006/04/17	1.31	1.38	1.30	1.37	4943758	13545028.00
2006/04/18	1.37	1.37	1.32	1.34	2567631	7034930.00
2006/04/19	1.34	1.34	1.28	1.31	2528537	6755137.00
2006/04/20	1.31	1.32	1.25	1.27	2319149	6069257.00
2006/04/21	1.25	1.29	1.25	1.27	1745952	4556126.00
2006/04/24	1.27	1.28	1.19	1.20	2849620	7186839.00
2006/04/25	1.17	1.18	1.10	1.13	2719268	6506063.00
2006/04/26	1.13	1.17	1.12	1.15	1606697	3871426.00
2006/04/27	1.15	1.18	1.15	1.17	1548793	3784417.00
2006/04/28	1.17	1.22	1.14	1.20	2163445	5365907.00
2006/05/08	1.21	1.25	1.19	1.25	2173608	5510430.00
2006/05/09	1.40	1.40	1.40	1.40	2095280	5950595.00
2006/05/10	1.57	1.57	1.57	1.57	2391210	7460575.00
2006/05/11	1.75	1.75	1.66	1.73	27707398	94188848.00
2006/05/12	1.75	1.93	1.69	1.81	16667826	58701584.00
2006/05/25	2.02	2.02	1.70	1.73	9180645	32578780.00
2006/05/26	1.73	1.79	1.72	1.76	3562029	12162922.00
2006/05/29	1.79	1.90	1.72	1.84	6287159	22376784.00
2006/05/30	1.89	1.92	1.81	1.85	6906899	24902214.00
2006/05/31	1.85	1.93	1.82	1.89	5149340	18772376.00
2006/06/01	1.88	2.11	1.88	2.11	6015916	23600356.00
2006/06/02	2.23	2.34	2.17	2.27	9509887	40983540.00
2006/06/05	2.27	2.34	2.18	2.32	6966129	29915814.00
2006/06/06	2.30	2.33	2.21	2.22	7016809	29958742.00
2006/07/11	2.28	2.38	2.26	2.37	15890349	53951572.00
2006/07/12	2.35	2.36	2.27	2.34	11050470	37180924.00
2006/07/13	2.60	2.60	2.21	2.34	14717314	50489288.00
2006/07/14	2.27	2.35	2.23	2.29	5655400	18905160.00
2006/07/17	2.34	2.36	2.26	2.30	4497204	15080698.00
2006/07/18	2.30	2.34	2.26	2.33	5525539	18581488.00
2006/07/19	2.31	2.31	2.11	2.17	8193838	26410088.00
2006/07/20	2.19	2.21	2.11	2.18	4075160	12949225.00
2006/07/21	2.16	2.19	2.12	2.17	5107608	16181997.00
2006/07/24	2.13	2.15	2.09	2.14	3347374	10424529.00
2006/07/25	2.15	2.21	2.14	2.18	4322832	13773734.00
2006/07/26	2.20	2.20	2.14	2.17	3622588	11498010.00
2006/07/27	2.16	2.19	2.12	2.15	3304417	10456662.00
2006/07/28	2.15	2.15	2.01	2.08	4206196	12849425.00
2006/07/31	2.08	2.11	2.02	2.09	3073041	9352579.00
2006/08/01	2.11	2.12	2.00	2.01	3909247	11885549.00
2006/08/02	2.00	2.03	1.89	1.92	4246059	12253591.00
2006/08/03	1.92	2.03	1.88	2.02	4802868	13939517.00
2006/08/04	2.01	2.11	1.98	2.05	8014117	24155304.00
2006/08/07	2.11	2.23	2.09	2.17	17183628	54787312.00
2006/08/08	2.17	2.21	2.09	2.21	7624575	24207892.00
2006/08/09	2.21	2.21	2.12	2.15	3659224	11597923.00
2006/08/10	2.13	2.18	2.12	2.16	3573748	11262430.00
2006/08/11	2.21	2.26	2.18	2.23	9806652	32027238.00
2006/08/14	2.21	2.25	2.08	2.09	5705385	17979168.00
2006/08/15	2.05	2.11	2.04	2.11	2669558	8181509.00
2006/08/16	2.11	2.15	2.09	2.14	2424245	7550632.00
2006/08/17	2.11	2.15	2.08	2.15	2969575	9248923.00
2006/08/18	2.14	2.15	2.08	2.08	2541711	7893515.00
2006/08/21	2.02	2.10	1.95	2.09	2646178	7974628.00
2006/08/22	2.10	2.21	2.06	2.17	6245951	19795512.00
2006/08/23	2.19	2.22	2.13	2.15	5809174	18575972.00
2006/08/24	2.15	2.16	2.11	2.15	2644558	8297110.00
2006/08/25	2.18	2.21	2.13	2.14	2933295	9337940.00
2006/08/28	2.11	2.20	2.11	2.19	3671222	11666868.00
2006/08/29	2.21	2.26	2.18	2.19	7067734	22980026.00
2006/08/30	2.18	2.25	2.15	2.22	3835723	12374011.00
2006/08/31	2.22	2.35	2.20	2.35	11279472	37722108.00
2006/09/01	2.33	2.33	2.21	2.21	5955450	19690668.00
2006/09/04	2.23	2.34	2.21	2.31	6053100	20322500.00
2006/09/05	2.31	2.35	2.26	2.31	5545904	18540236.00
2006/09/06	2.31	2.38	2.23	2.36	7529929	25393252.00
2006/09/07	2.34	2.39	2.29	2.30	5324592	18079692.00
2006/09/08	2.30	2.37	2.28	2.30	3896141	13220367.00
2006/09/11	2.30	2.35	2.24	2.33	4401194	14729194.00
2006/09/12	2.34	2.38	2.32	2.34	7026031	24060488.00
2006/09/13	2.35	2.38	2.28	2.28	5494077	18724222.00
2006/09/14	2.28	2.31	2.22	2.26	4185305	13756576.00
2006/09/15	2.25	2.30	2.25	2.28	3944847	13059698.00
2006/09/18	2.28	2.45	2.26	2.41	10756894	37065360.00
2006/09/19	2.41	2.45	2.37	2.41	6752949	23601618.00
2006/09/20	2.41	2.52	2.39	2.47	9822002	35168548.00
2006/09/21	2.47	2.52	2.41	2.45	4575311	16330190.00
2006/09/22	2.42	2.48	2.38	2.40	4337340	15191683.00
2006/09/25	2.40	2.42	2.34	2.38	3287383	11341548.00
2006/09/26	2.38	2.48	2.38	2.46	5328617	18863556.00
2006/09/27	2.46	2.52	2.44	2.48	5442821	19561496.00
2006/09/28	2.48	2.51	2.45	2.48	3251943	11627451.00
2006/09/29	2.48	2.55	2.46	2.51	6015923	21785006.00
2006/10/09	2.58	2.72	2.55	2.71	10227187	39096820.00
2006/10/10	2.70	2.77	2.62	2.77	8556628	33206068.00
2006/10/11	2.80	2.80	2.71	2.78	6430104	25384348.00
2006/10/12	2.75	2.77	2.63	2.64	6523826	25114348.00
2006/10/13	2.61	2.68	2.60	2.65	3323633	12617232.00
2006/10/16	2.65	2.70	2.60	2.64	3078002	11651507.00
2006/10/17	2.61	2.70	2.58	2.65	3319257	12564884.00
2006/10/18	2.67	2.83	2.61	2.79	5964913	23320072.00
2006/10/19	2.79	3.00	2.74	2.75	6946455	28046408.00
2006/10/20	2.72	2.84	2.71	2.77	5130745	20426870.00
2006/10/23	2.78	2.85	2.60	2.60	4913553	19054354.00
2006/10/24	2.58	2.69	2.58	2.66	4695380	17836902.00
2006/10/25	2.67	2.75	2.56	2.62	7190293	27249252.00
2006/10/26	2.62	2.63	2.55	2.56	3818026	14148845.00
2006/10/27	2.56	2.57	2.38	2.39	5924300	20941688.00
2006/10/30	2.38	2.48	2.36	2.47	2389915	8392292.00
2006/10/31	2.46	2.50	2.41	2.46	2115594	7507282.00
2006/11/01	2.46	2.51	2.42	2.49	2037610	7280342.00
2006/11/02	2.48	2.48	2.41	2.45	2016365	7112467.00
2006/11/03	2.46	2.47	2.40	2.42	2160359	7601741.00
2006/11/06	2.44	2.48	2.38	2.44	2254896	7957871.00
2006/11/07	2.44	2.44	2.31	2.35	4024312	13773774.00
2006/11/08	2.34	2.35	2.30	2.33	1523847	5153360.00
2006/11/09	2.36	2.38	2.33	2.36	1315566	4504696.00
2006/11/10	2.34	2.35	2.25	2.29	3735171	12472183.00
2006/11/13	2.29	2.29	2.14	2.16	3060489	9869911.00
2006/11/14	2.13	2.20	2.13	2.16	1736691	5498256.00
2006/11/15	2.17	2.25	2.15	2.23	2320910	7507410.00
2006/11/16	2.23	2.23	2.13	2.17	2451359	7791928.00
2006/11/17	2.15	2.18	2.14	2.18	1643356	5208662.00
2006/11/20	2.15	2.18	2.11	2.14	2915110	9110224.00
2006/11/21	2.12	2.21	2.10	2.17	2983678	9436463.00
2006/11/22	2.16	2.24	2.16	2.20	2775795	8966837.00
2006/11/23	2.16	2.31	2.16	2.29	4149544	13635590.00
2006/11/24	2.26	2.32	2.24	2.28	2236668	7398524.00
2006/11/27	2.28	2.29	2.23	2.29	1943584	6419213.00
2006/11/28	2.26	2.34	2.26	2.30	2847431	9542820.00
2006/11/29	2.26	2.29	2.22	2.28	2426392	7999216.00
2006/11/30	2.28	2.37	2.28	2.36	4407022	14990233.00
2006/12/01	2.37	2.41	2.32	2.36	5830439	20102712.00
2006/12/04	2.35	2.39	2.31	2.37	5503070	18742692.00
2006/12/05	2.38	2.55	2.35	2.47	8145759	28987224.00
2006/12/06	2.46	2.48	2.28	2.35	5438327	18722476.00
2006/12/07	2.35	2.38	2.30	2.32	3854438	13081457.00
2006/12/08	2.30	2.31	2.18	2.18	3285455	10730952.00
2006/12/11	2.16	2.31	2.16	2.27	2165882	7136175.00
2006/12/12	2.28	2.32	2.19	2.25	2109984	6951258.00
2006/12/13	2.25	2.25	2.18	2.24	2014094	6506854.00
2006/12/14	2.23	2.26	2.19	2.26	2019935	6577406.00
2006/12/15	2.25	2.31	2.24	2.29	2688230	8933051.00
2006/12/18	2.31	2.40	2.30	2.39	5080703	17395840.00
2006/12/19	2.40	2.52	2.34	2.50	9271248	32744228.00
2006/12/20	2.48	2.55	2.41	2.50	7134713	25661240.00
2006/12/21	2.49	2.50	2.39	2.40	5063402	17979824.00
2006/12/22	2.38	2.40	2.34	2.36	3143795	10797893.00
2006/12/25	2.37	2.44	2.36	2.39	4230613	14740506.00
2006/12/26	2.39	2.41	2.31	2.31	2400410	8156100.00
2006/12/27	2.31	2.34	2.29	2.31	2317757	7794306.00
2006/12/28	2.31	2.34	2.21	2.24	3317601	10926510.00
2006/12/29	2.27	2.28	2.19	2.28	3726541	12235091.00
2007/01/04	2.27	2.27	2.21	2.23	3649446	11914983.00
2007/01/05	2.23	2.35	2.21	2.35	4722184	15709790.00
2007/01/08	2.35	2.48	2.31	2.47	9113416	32056412.00
2007/01/09	2.47	2.59	2.45	2.56	11830919	43134448.00
2007/01/10	2.61	2.76	2.56	2.66	13348656	50882988.00
2007/01/11	2.67	2.75	2.59	2.64	10968807	41963000.00
2007/01/12	2.62	2.68	2.46	2.54	8539698	31835452.00
2007/01/15	2.55	2.78	2.55	2.77	11866222	46018700.00
2007/01/16	2.82	2.85	2.69	2.78	9841906	38783672.00
2007/01/17	2.78	2.83	2.61	2.71	10230775	40243820.00
2007/01/18	2.70	2.88	2.65	2.88	11489889	45856892.00
2007/01/19	2.91	3.10	2.88	3.05	14896842	63443940.00
2007/01/22	3.09	3.15	3.03	3.12	11202087	48958668.00
2007/01/23	3.15	3.15	2.95	3.09	9451564	40622748.00
2007/01/24	3.08	3.16	3.01	3.13	8381907	36621816.00
2007/01/25	3.08	3.08	2.84	2.88	8810915	37165360.00
2007/01/26	2.84	2.90	2.68	2.84	6720201	26699740.00
2007/01/29	2.85	2.94	2.83	2.94	5990960	24639776.00
2007/01/30	2.97	3.12	2.94	3.08	10923862	47304432.00
2007/01/31	3.05	3.06	2.78	2.81	7063431	29474332.00
2007/02/01	2.78	2.87	2.65	2.85	5138470	20510212.00
2007/02/02	2.85	2.87	2.72	2.73	3408471	13592209.00
2007/02/05	2.73	2.83	2.72	2.77	2749054	10941405.00
2007/02/06	2.78	2.90	2.77	2.89	3177362	12900711.00
2007/02/07	2.93	2.99	2.86	2.91	4147345	17232612.00
2007/02/08	2.90	2.98	2.89	2.97	4509785	18940794.00
2007/02/09	2.98	2.98	2.88	2.96	4811757	20094720.00
2007/02/12	2.95	3.08	2.95	3.08	6982042	30091724.00
2007/02/13	3.08	3.10	3.02	3.08	5510672	23911788.00
2007/02/14	3.08	3.29	3.06	3.22	12951918	58501232.00
2007/02/15	3.24	3.35	3.24	3.35	9632351	44773264.00
2007/02/16	3.35	3.39	3.28	3.29	8225605	38648408.00
2007/02/26	3.36	3.55	3.28	3.52	7600938	36675312.00
2007/02/27	3.56	3.90	3.41	3.53	23056957	119099096.00
2007/02/28	3.56	3.91	3.55	3.91	16792871	88437680.00
2007/03/01	3.91	4.23	3.81	4.07	19997932	112362064.00
2007/03/02	4.07	4.17	3.81	4.04	12468116	69257032.00
2007/03/05	4.04	4.07	3.71	3.83	10111871	54924140.00
2007/03/06	3.73	3.79	3.58	3.68	7441619	38127380.00
2007/03/07	3.67	3.84	3.67	3.75	6801282	35722176.00
2007/03/08	3.75	3.84	3.66	3.81	7718562	40509956.00
2007/03/09	3.80	3.81	3.65	3.74	7958608	41497076.00
2007/03/12	3.74	3.96	3.69	3.95	10160417	54488868.00
2007/03/13	3.95	4.02	3.89	4.00	9432151	52073516.00
2007/03/14	4.00	4.00	3.80	3.84	10712878	57646472.00
2007/03/15	3.83	4.25	3.81	4.25	15085994	85416744.00
2007/03/16	4.38	4.47	4.04	4.11	26474901	157406288.00
2007/03/19	3.95	4.34	3.88	4.22	12125128	70626000.00
2007/03/20	4.22	4.65	4.18	4.50	11815761	71633960.00
2007/03/21	4.51	4.55	4.40	4.51	13016719	80685440.00
2007/03/22	4.55	4.66	4.41	4.47	12934565	81356440.00
2007/03/23	4.41	4.55	4.36	4.51	9360852	57730988.00
2007/03/27	4.68	4.98	4.68	4.98	21709285	145968928.00
2007/03/28	4.95	5.01	4.55	4.85	16916165	112163296.00
2007/03/29	4.83	4.83	4.49	4.49	9847454	62802128.00
2007/03/30	4.45	4.61	4.38	4.52	5121199	31981604.00
2007/04/02	4.53	4.71	4.48	4.67	5485675	34823044.00
2007/04/03	4.75	4.77	4.61	4.69	6513369	42028364.00
2007/04/04	4.68	4.84	4.65	4.75	6704462	43902512.00
2007/04/05	4.73	4.87	4.67	4.85	7527195	49722064.00
2007/04/06	4.80	4.95	4.72	4.88	8290564	55520248.00
2007/04/09	4.92	5.09	4.85	4.91	9911851	67328200.00
2007/04/10	4.90	4.92	4.57	4.84	10446517	68897840.00
2007/04/11	4.85	4.91	4.71	4.87	8103365	53481044.00
2007/04/12	4.88	5.08	4.82	5.05	12446768	84585112.00
2007/04/13	5.01	5.04	4.84	4.89	9696546	65909912.00
2007/04/16	5.27	5.41	5.13	5.19	21936158	158783536.00
2007/04/17	5.01	5.41	5.01	5.38	16421912	117362032.00
2007/04/18	5.37	5.73	5.27	5.68	15869303	118855824.00
2007/04/19	5.57	5.67	5.09	5.21	13641560	99808168.00
2007/04/20	5.26	5.51	5.26	5.47	9810070	72787016.00
2007/04/23	5.51	5.78	5.51	5.71	11449654	88597840.00
2007/04/24	5.74	5.86	5.58	5.75	13398072	104479064.00
2007/04/25	5.72	5.81	5.56	5.71	9315642	72113232.00
2007/04/26	5.71	5.95	5.67	5.91	13223457	105346024.00
2007/04/27	5.88	5.91	5.65	5.71	8390754	65895088.00
2007/04/30	5.64	5.76	5.58	5.66	7616622	58767032.00
2007/05/08	5.78	5.94	5.68	5.90	11018652	87987208.00
2007/05/09	5.94	5.94	5.65	5.91	10603269	84540064.00
2007/05/10	5.92	6.22	5.85	6.15	12322091	101873320.00
2007/05/11	6.07	6.16	5.95	6.00	7311197	59898472.00
2007/05/14	5.98	6.51	5.91	6.39	14690199	125097296.00
2007/05/15	6.41	6.55	6.16	6.42	18043096	155765600.00
2007/05/16	6.55	7.02	6.49	6.76	23395955	214944304.00
2007/05/17	6.78	6.88	6.65	6.86	12714850	116368456.00
2007/05/18	6.88	6.92	6.69	6.77	8311062	76409296.00
2007/05/21	6.61	6.91	6.42	6.80	9518533	86972712.00
2007/05/22	6.90	7.25	6.81	7.16	13133535	124620864.00
2007/05/23	7.32	7.91	7.28	7.91	16236459	167469264.00
2007/05/24	8.28	8.31	7.48	7.95	22391736	237246176.00
2007/05/25	7.87	8.03	7.63	7.78	10045295	105442592.00
2007/05/28	7.91	8.58	7.78	8.58	18597573	205868368.00
2007/05/29	8.82	9.36	8.71	8.91	24602772	295028224.00
2007/05/30	8.19	9.38	8.09	8.37	22744347	265964048.00
2007/05/31	8.25	8.78	7.51	8.48	16965147	183605008.00
2007/06/01	8.36	8.40	7.61	7.61	8941757	94324416.00
2007/06/04	6.82	6.90	6.82	6.82	1669460	15368496.00
2007/06/05	6.11	6.11	6.11	6.11	5155400	42686712.00
2007/06/06	6.29	6.55	6.11	6.23	9855627	84437664.00
2007/06/07	6.28	6.58	5.94	6.56	12248141	103916584.00
2007/06/08	6.58	6.76	6.41	6.48	10684568	94834488.00
2007/06/11	6.48	6.81	6.48	6.55	8495005	75797672.00
2007/06/12	6.53	7.13	5.87	6.91	16751051	149604608.00
2007/06/13	6.94	7.27	6.75	7.14	15162032	143845312.00
2007/06/14	7.04	7.11	6.73	6.74	10583123	98234240.00
2007/06/15	6.59	6.78	6.28	6.54	7339385	65109600.00
2007/06/18	6.59	7.21	6.59	7.21	16170094	153084496.00
2007/06/19	7.28	7.50	7.05	7.31	18227025	178565936.00
2007/06/20	7.51	7.58	6.82	6.89	12106321	118641664.00
2007/06/21	6.71	7.04	6.53	6.78	6803807	61872688.00
2007/06/22	6.71	6.85	6.08	6.08	7836853	66815264.00
2007/06/25	6.08	6.21	5.45	5.45	5057160	38553600.00
2007/06/26	5.13	5.36	4.88	5.23	8523747	58249292.00
2007/06/27	5.23	5.42	5.05	5.31	7060148	50465536.00
2007/06/28	5.35	5.40	4.75	4.75	5852556	40699152.00
2007/06/29	4.42	4.59	4.25	4.25	7595963	45669160.00
2007/07/02	4.25	4.55	4.25	4.55	5607720	34173656.00
2007/07/03	4.61	4.67	4.44	4.60	4507353	28257844.00
2007/07/04	4.61	4.82	4.55	4.63	5362931	34431628.00
2007/07/05	4.45	4.58	4.18	4.21	4289095	25697936.00
2007/07/06	4.18	4.65	4.18	4.61	5708620	34963208.00
2007/07/09	4.71	4.84	4.61	4.79	6662049	43452380.00
2007/07/10	4.76	5.08	4.61	4.86	8085116	53896928.00
2007/07/11	4.65	4.82	4.64	4.78	3933846	25489770.00
2007/07/12	4.78	5.04	4.68	5.01	5620830	37511968.00
2007/07/13	5.13	5.18	4.84	4.92	6192278	42227440.00
2007/07/16	4.75	5.05	4.75	4.78	3533579	23636388.00
2007/07/17	4.75	4.98	4.71	4.89	3223159	21535984.00
2007/07/18	4.86	5.05	4.81	4.92	4669897	31607148.00
2007/07/19	4.89	4.95	4.71	4.78	2904570	19163312.00
2007/07/20	4.88	5.04	4.85	4.98	5415755	36733624.00
2007/07/23	5.00	5.45	5.00	5.34	8171096	58218468.00
2007/07/24	5.31	5.64	5.25	5.34	7750245	57033304.00
2007/07/25	5.36	5.49	5.29	5.48	5690416	41851604.00
2007/07/26	5.51	5.75	5.44	5.72	7347621	56398320.00
2007/07/27	5.78	6.32	5.67	6.32	13100544	107256880.00
2007/07/30	6.40	6.90	6.40	6.54	15739922	140999168.00
2007/07/31	6.61	6.75	6.36	6.62	8671784	76711792.00
2007/08/01	6.60	6.71	5.94	5.94	8997951	76510816.00
2007/08/02	5.91	6.56	5.91	6.56	12189113	105281808.00
2007/08/03	6.82	7.25	6.82	7.25	11750124	113552928.00
2007/08/06	7.71	7.86	6.98	7.23	24075744	240974368.00
2007/08/07	7.09	7.51	6.67	7.31	13640818	129656120.00
2007/08/08	7.11	7.21	6.68	6.84	6847548	64074124.00
2007/08/09	6.78	7.11	6.67	6.75	6332736	58305860.00
2007/08/10	6.75	6.75	6.13	6.43	7143587	62083144.00
2007/08/13	6.30	6.61	6.21	6.36	4240283	36445496.00
2007/08/14	6.35	6.60	6.28	6.51	5188796	45318372.00
2007/08/15	6.59	6.67	6.17	6.55	5515089	48197784.00
2007/08/16	6.44	6.56	6.30	6.48	3413807	29641052.00
2007/08/17	6.43	6.57	6.26	6.28	4048383	34835080.00
2007/08/20	6.44	6.58	6.40	6.54	4507600	39519532.00
2007/08/21	6.59	6.65	6.46	6.56	5255297	46507008.00
2007/08/22	6.50	6.80	6.39	6.74	6709005	60008808.00
2007/08/23	6.71	6.74	6.55	6.61	5327462	47488444.00
2007/08/24	6.60	6.60	6.31	6.43	8459237	73425840.00
2007/08/27	6.44	6.55	6.28	6.41	5219614	45032776.00
2007/08/28	6.32	6.35	6.12	6.20	5339618	44868816.00
2007/08/29	6.19	6.24	6.06	6.17	3628639	30106408.00
2007/08/30	6.16	6.51	6.16	6.45	6020973	51912884.00
2007/08/31	6.51	6.55	6.38	6.41	5846531	51054988.00
2007/09/03	6.48	6.67	6.42	6.65	9624240	85293744.00
2007/09/04	6.67	6.86	6.52	6.68	10093671	91688576.00
2007/09/05	6.71	6.84	6.55	6.75	7187819	65114456.00
2007/09/06	6.75	7.01	6.61	6.99	15560405	144485984.00
2007/09/07	6.99	7.05	6.67	6.71	14995625	139050816.00
2007/09/10	6.60	7.01	6.21	7.01	8598183	78376600.00
2007/09/11	7.17	7.34	6.55	6.59	19416307	186126304.00
2007/09/12	6.48	6.67	6.05	6.40	6602974	56581344.00
2007/09/13	6.40	6.47	6.22	6.37	4154864	35539316.00
2007/09/14	6.38	6.58	6.27	6.46	4176191	36178316.00
2007/09/17	6.41	6.77	6.30	6.68	5460872	48445160.00
2007/09/18	6.70	7.17	6.63	7.10	11985478	111635792.00
2007/09/19	7.07	7.07	6.71	6.75	5910149	54727048.00
2007/09/20	6.86	7.09	6.80	6.85	5121282	47687744.00
2007/09/21	6.93	7.01	6.51	6.62	4003380	36200608.00
2007/09/24	6.62	6.71	6.36	6.47	3752116	32832366.00
2007/09/25	6.47	6.55	6.35	6.41	2819948	24498832.00
2007/09/26	6.40	6.57	6.40	6.43	1740504	15203147.00
2007/09/27	6.44	6.51	6.30	6.35	2490518	21408240.00
2007/09/28	6.44	6.55	6.38	6.49	2914206	25465726.00
2007/10/08	6.58	6.64	6.36	6.39	3106453	26969292.00
2007/10/09	6.41	6.56	6.28	6.55	3020842	26260420.00
2007/10/10	6.55	6.78	6.48	6.59	4884656	43854424.00
2007/10/11	6.61	6.64	6.28	6.32	3374689	29101288.00
2007/10/12	6.32	6.69	5.67	6.55	9329906	76268480.00
2007/10/15	6.42	6.43	6.10	6.13	3918818	32952396.00
2007/10/16	6.11	6.12	5.79	6.00	2963563	23886070.00
2007/10/17	6.00	6.13	5.91	5.95	1876213	15198913.00
2007/10/18	5.98	5.98	5.74	5.74	2007340	15810215.00
2007/10/19	5.74	5.88	5.59	5.64	1905898	14836302.00
2007/10/22	5.61	5.61	5.22	5.25	2211749	16219240.00
2007/10/23	5.13	5.34	5.13	5.30	1584932	11298589.00
2007/10/24	5.33	5.40	5.15	5.18	2006857	14379582.00
2007/10/25	5.14	5.23	4.63	4.63	2598210	17194208.00
2007/10/26	4.52	4.65	4.48	4.61	2124685	13311763.00
2007/10/29	4.66	4.67	4.46	4.65	1703976	10668376.00
2007/10/30	4.68	4.98	4.55	4.88	2085779	13808733.00
2007/10/31	4.88	5.39	4.86	5.23	4062335	28575384.00
2007/11/01	5.21	5.21	4.94	4.95	1989432	13684862.00
2007/11/02	4.90	4.90	4.73	4.75	1683012	11050581.00
2007/11/05	4.68	4.93	4.61	4.87	1276919	8451782.00
2007/11/06	4.87	5.01	4.86	4.90	1098341	7428954.00
2007/11/07	4.90	4.98	4.79	4.94	940899	6286098.00
2007/11/08	4.93	4.96	4.78	4.82	1099031	7335235.00
2007/11/09	4.75	4.85	4.59	4.74	916492	5947187.00
2007/11/12	4.71	4.85	4.65	4.85	1269664	8303951.00
2007/11/13	4.86	5.05	4.82	4.95	1518521	10244601.00
2007/11/14	4.98	5.13	4.96	5.08	2088942	14399463.00
2007/11/15	5.05	5.12	4.88	4.93	1165048	7927467.00
2007/11/16	4.91	5.05	4.82	5.03	1077071	7310368.00
2007/11/19	5.04	5.20	5.03	5.14	1824055	12785168.00
2007/11/20	5.15	5.47	5.02	5.37	3851261	27721032.00
2007/11/21	5.31	5.35	5.14	5.15	2360980	16901556.00
2007/11/22	5.13	5.13	4.75	4.84	2029064	13721263.00
2007/11/23	4.83	5.00	4.69	4.99	996066	6644120.00
2007/11/26	5.04	5.18	4.98	4.98	1629959	11260636.00
2007/11/27	4.93	5.05	4.90	4.91	774354	5261989.00
2007/11/28	5.02	5.11	4.91	5.02	976932	6682224.00
2007/11/29	5.05	5.28	5.05	5.22	3068151	21770020.00
2007/11/30	5.22	5.22	4.98	5.04	1679244	11660381.00
2007/12/03	5.01	5.15	4.96	5.13	999307	6928224.00
2007/12/04	5.15	5.20	5.08	5.09	1118814	7814932.00
2007/12/05	5.13	5.23	5.09	5.19	1570456	11092253.00
2007/12/06	5.18	5.32	5.15	5.28	2569110	18395960.00
2007/12/07	5.31	5.63	5.29	5.44	6492150	48556136.00
2007/12/10	5.33	6.01	5.28	6.01	7358820	58578308.00
2007/12/11	6.26	6.55	6.05	6.11	18074214	152176416.00
2007/12/12	6.14	6.75	5.98	6.75	18234482	159729440.00
2007/12/13	7.22	7.44	6.75	6.78	28612779	274682144.00
2007/12/14	6.63	6.94	6.24	6.77	11423910	101806456.00
2007/12/17	6.71	7.13	6.58	6.85	9512924	89309520.00
2007/12/18	6.85	6.85	6.51	6.59	5318209	47518108.00
2007/12/19	6.59	6.86	6.58	6.67	4926392	44786432.00
2007/12/20	6.69	7.35	6.69	7.23	20017920	193466032.00
2007/12/21	7.13	7.23	6.99	7.19	9458400	90673672.00
2007/12/24	7.21	7.44	7.09	7.24	10964701	107165392.00
2007/12/25	7.25	7.28	7.09	7.25	6645068	64126824.00
2007/12/26	7.28	7.58	7.17	7.50	12143475	120034752.00
2007/12/27	7.55	7.55	7.28	7.30	9448440	93898672.00
2007/12/28	7.32	7.40	7.11	7.13	7230631	69907520.00
2008/01/02	7.11	7.83	6.97	7.75	17461219	176805264.00
2008/01/03	7.71	8.05	7.64	7.72	13913504	146742144.00
2008/01/04	7.74	8.05	7.50	7.88	10588866	111113160.00
2008/01/07	7.88	8.59	7.76	8.32	14060670	155347888.00
2008/01/08	8.22	8.41	7.75	7.87	10469446	112890744.00
2008/01/09	7.78	8.18	7.68	8.10	6926687	74698224.00
2008/01/10	8.13	8.35	7.91	8.01	8117834	88751400.00
2008/01/11	8.01	8.08	7.67	7.96	6833629	71841040.00
2008/01/14	7.90	8.16	7.71	7.98	6021742	64516956.00
2008/01/15	7.99	8.33	7.89	8.25	9998309	109117248.00
2008/01/16	8.15	8.86	8.04	8.37	17136889	196002928.00
2008/01/17	8.25	8.48	7.53	7.78	10897861	116482864.00
2008/01/18	7.86	7.86	7.48	7.67	5849196	59746492.00
2008/01/21	7.71	7.75	7.25	7.28	5325304	53612112.00
2008/01/22	7.04	7.55	6.52	6.62	8346310	77542288.00
2008/01/23	6.75	7.28	6.68	7.28	6216149	58659112.00
2008/01/24	7.30	7.87	7.19	7.76	11256482	115726960.00
2008/01/25	7.82	8.08	7.52	7.59	8600873	89628328.00
2008/01/28	7.61	7.63	6.81	6.81	5899940	55951676.00
2008/01/29	6.76	7.16	6.75	7.01	2736117	25554236.00
2008/01/30	7.17	7.35	6.65	7.31	5233242	50310168.00
2008/01/31	7.11	7.26	6.75	6.81	2728806	25776708.00
2008/02/01	6.88	6.97	6.13	6.37	3554644	30945210.00
2008/02/04	6.56	6.98	6.51	6.98	2855344	26176980.00
2008/02/05	7.05	7.35	6.85	7.14	5287599	51118908.00
2008/02/13	7.09	7.35	6.91	7.18	3323422	32067812.00
2008/02/14	7.26	7.48	7.18	7.38	3693814	36402708.00
2008/02/15	7.36	7.63	7.13	7.54	5800203	58057400.00
2008/02/18	7.65	8.31	7.59	8.31	30366625	333284480.00
2008/02/19	8.42	8.44	8.05	8.20	21375090	234758624.00
2008/02/20	8.21	8.94	7.95	8.52	33682490	382690912.00
2008/02/21	8.31	8.81	8.23	8.35	19968042	227909472.00
2008/02/22	8.21	8.48	7.75	7.96	12358094	134093696.00
2008/02/25	7.85	8.05	7.29	7.38	10800989	110347736.00
2008/02/26	7.61	7.71	7.15	7.65	7462996	75191512.00
2008/02/27	7.65	7.95	7.49	7.94	7004434	72998512.00
2008/02/28	7.86	8.18	7.73	7.90	7880157	84519640.00
2008/02/29	7.85	8.01	7.76	7.90	5759685	60941588.00
2008/03/03	7.85	8.40	7.75	8.38	10276103	113227504.00
2008/03/04	8.43	8.78	8.21	8.32	14490592	165388992.00
2008/03/05	8.21	8.66	8.05	8.63	14208431	159650464.00
2008/03/06	8.79	9.44	8.59	8.63	27241816	326508640.00
2008/03/07	8.36	8.63	8.18	8.32	9629138	107742808.00
2008/03/10	8.10	8.31	7.67	7.79	6519114	70216600.00
2008/03/11	7.78	8.15	7.68	8.11	4799503	51156348.00
2008/03/12	8.35	8.44	7.77	7.82	4803687	51952336.00
2008/03/13	7.59	7.81	7.02	7.24	6377966	63489488.00
2008/03/14	7.24	7.42	7.05	7.28	2699052	26513678.00
2008/03/17	7.28	7.30	6.53	6.53	4399643	40305444.00
2008/03/18	6.28	6.64	5.85	5.94	5495325	45174624.00
2008/03/19	6.21	6.51	5.95	6.44	5552868	47153576.00
2008/03/20	6.36	6.94	6.11	6.87	7579817	67665816.00
2008/03/21	6.82	7.05	6.68	6.81	5165467	47924060.00
2008/03/24	6.87	7.05	6.62	6.64	4102174	37821124.00
2008/03/25	6.51	6.94	6.19	6.91	4821685	43053440.00
2008/03/26	6.94	7.25	6.92	7.21	9463438	90718024.00
2008/03/27	7.32	7.63	7.02	7.05	20708873	206055664.00
2008/03/28	6.75	7.13	6.44	7.08	7924176	72630704.00
2008/03/31	6.85	7.33	6.73	6.85	4430384	42246952.00
2008/04/01	6.68	6.98	6.15	6.15	4781761	41229020.00
2008/04/02	6.28	6.36	5.51	5.53	4974036	38975904.00
2008/04/03	5.51	5.81	5.01	5.65	4350056	31912268.00
2008/04/07	5.53	6.01	5.21	5.95	4200174	33166982.00
2008/04/08	5.98	6.28	5.82	6.20	5167593	42776260.00
2008/04/09	6.07	6.21	5.56	5.56	4537243	36505472.00
2008/04/10	5.33	5.88	5.28	5.86	4013166	30845832.00
2008/04/11	5.76	6.08	5.76	5.93	3486770	28174310.00
2008/04/14	5.82	6.13	5.71	5.76	4787679	38488096.00
2008/04/15	5.75	6.03	5.59	6.01	2891327	22930728.00
2008/04/16	6.02	6.09	5.84	5.88	2607758	21072760.00
2008/04/17	5.83	6.05	5.55	5.68	2289225	17938820.00
2008/04/18	5.66	5.76	5.22	5.26	2607827	19188212.00
2008/04/21	5.71	5.71	5.21	5.32	2456944	18317724.00
2008/04/22	5.13	5.31	4.78	5.20	2628238	18144028.00
2008/04/23	5.20	5.47	5.01	5.41	2952067	21366516.00
2008/04/25	5.98	5.98	5.75	5.98	12859838	103569136.00
2008/04/28	5.98	6.59	5.87	6.54	14324874	122250728.00
2008/04/30	6.66	7.05	5.88	6.87	11183974	101948752.00
2008/05/05	7.05	7.51	7.05	7.38	18778850	185031888.00
2008/05/06	7.28	7.43	7.05	7.21	8975635	87391728.00
2008/05/07	7.06	7.24	6.66	6.67	7163635	67806904.00
2008/05/08	6.51	6.97	6.44	6.96	5210670	47449248.00
2008/05/09	6.98	7.31	6.87	7.02	6336101	60480148.00
2008/05/12	6.98	7.42	6.82	7.25	7531188	73142512.00
2008/05/13	6.97	7.94	6.83	7.67	19746859	201276784.00
2008/05/14	7.68	7.85	7.27	7.44	12731338	128464880.00
2008/05/15	7.41	7.55	7.27	7.28	7133213	70927176.00
2008/05/16	7.21	7.98	7.19	7.73	20966513	218216736.00
2008/05/19	7.81	8.13	7.51	7.75	18274722	193073328.00
2008/05/20	7.59	8.21	7.40	7.76	19342561	200911616.00
2008/05/21	7.59	7.96	7.01	7.67	17008597	174332352.00
2008/05/22	7.51	7.75	7.32	7.33	9965949	100239504.00
2008/05/23	7.13	7.63	6.72	7.14	10097699	97607984.00
2008/05/26	6.90	7.13	6.67	6.68	5875659	54203932.00
2008/05/27	6.68	6.86	6.50	6.63	3885198	34990376.00
2008/05/28	6.63	6.99	6.53	6.90	4216679	38829872.00
2008/05/29	6.85	6.98	6.67	6.68	3755601	34591268.00
2008/05/30	6.60	6.78	6.44	6.59	3915114	34721196.00
2008/06/02	6.59	6.81	6.51	6.71	3307708	29954016.00
2008/06/03	6.73	6.95	6.68	6.87	4016183	36984204.00
2008/06/04	6.88	7.02	6.58	6.90	5550258	51123948.00
2008/06/05	7.01	7.13	6.88	6.94	8665825	81884120.00
2008/06/06	6.98	7.01	6.59	6.91	5433213	50085304.00
2008/06/10	6.51	6.67	6.19	6.19	3255402	28105346.00
2008/06/11	5.90	6.55	5.59	6.28	6387150	52607756.00
2008/06/12	6.10	6.43	6.04	6.18	5770268	48746796.00
2008/06/13	6.18	6.28	5.54	5.78	5840005	46263452.00
2008/06/16	6.01	6.01	5.25	5.38	4092412	30601950.00
2008/06/17	5.38	5.48	4.81	4.81	3917042	27261268.00
2008/06/18	4.81	5.20	4.38	5.15	5271766	35231928.00
2008/06/19	5.12	5.28	4.61	4.61	4185970	28233832.00
2008/06/20	4.65	4.97	4.37	4.67	3816488	24598678.00
2008/06/23	4.51	4.79	4.51	4.57	2116974	13530343.00
2008/06/24	4.59	5.00	4.57	4.88	4328777	28474730.00
2008/06/25	4.94	5.39	4.91	5.39	8904416	63409248.00
2008/06/26	5.45	5.70	5.38	5.41	9399094	70638936.00
2008/06/27	5.20	5.26	4.85	4.95	5800727	39916644.00
2008/06/30	4.82	5.26	4.71	5.21	4581922	31881156.00
2008/07/01	5.25	5.28	4.94	5.02	2645416	18291596.00
2008/07/02	4.97	5.29	4.97	5.17	3784381	26744958.00
2008/07/03	5.05	5.49	5.02	5.41	6293184	45846868.00
2008/07/04	5.43	5.65	5.31	5.55	7263499	54150708.00
2008/07/07	5.50	5.98	5.45	5.73	7163949	56029176.00
2008/07/08	5.67	6.02	5.55	5.88	7669572	59992900.00
2008/07/09	5.82	6.02	5.73	6.02	10177014	81541544.00
2008/07/10	6.02	6.21	5.73	5.75	13152388	107996672.00
2008/07/11	5.51	5.75	5.50	5.64	4422994	33576360.00
2008/07/14	5.63	5.82	5.54	5.75	2935083	22828270.00
2008/07/15	5.75	5.92	5.51	5.69	4689223	36572676.00
2008/07/16	5.51	5.70	5.17	5.30	3669233	27119320.00
2008/07/17	5.32	5.48	5.05	5.06	2988634	21459092.00
2008/07/18	5.12	5.24	4.78	5.18	3461089	23817528.00
2008/07/21	5.12	5.40	5.04	5.40	3219284	23198854.00
2008/07/22	5.46	5.53	5.38	5.40	2660723	19688694.00
2008/07/23	5.45	5.75	5.37	5.61	5160610	39105392.00
2008/07/24	5.65	5.85	5.55	5.79	5271202	40803856.00
2008/07/25	5.85	6.05	5.75	5.75	11164990	89821544.00
2008/07/28	5.77	5.97	5.64	5.89	6452544	51036928.00
2008/07/29	5.75	5.86	5.67	5.68	3114185	24289744.00
2008/07/30	5.81	5.85	5.53	5.61	2297792	17711156.00
2008/07/31	5.63	5.69	5.35	5.36	2205371	16424402.00
2008/08/01	5.35	5.53	5.26	5.49	2266510	16755149.00
2008/08/04	5.51	6.07	5.49	6.07	14775572	120633408.00
2008/08/05	6.24	6.69	6.11	6.15	32646762	281899840.00
2008/08/06	5.90	6.13	5.78	6.04	17793179	143606048.00
2008/08/07	5.94	6.02	5.88	5.91	9887243	79321656.00
2008/08/08	5.94	6.18	5.48	5.52	11753818	93948176.00
2008/08/11	5.51	5.51	4.95	5.08	9473024	66269368.00
2008/08/12	5.08	5.25	4.95	5.11	5019419	35097448.00
2008/08/13	5.05	5.65	5.05	5.18	22279208	162088560.00
2008/08/14	4.64	4.96	4.64	4.76	11949756	77845520.00
2008/08/15	4.75	4.95	4.46	4.75	11900612	77316408.00
2008/08/18	4.60	4.73	4.25	4.27	8585991	51800904.00
2008/08/19	4.20	4.45	4.04	4.33	5001765	29699360.00
2008/08/20	4.33	4.79	4.28	4.79	8182853	51833732.00
2008/08/21	4.86	5.04	4.49	4.51	16492375	107064792.00
2008/08/22	4.38	4.48	4.19	4.31	5725710	34150408.00
2008/08/25	4.31	4.44	4.19	4.39	4333338	25917972.00
2008/08/26	4.39	4.39	3.93	3.93	4891718	27396962.00
2008/08/27	3.87	4.02	3.51	3.75	4595205	24010070.00
2008/08/28	3.64	3.93	3.56	3.87	5168678	26926650.00
2008/08/29	3.82	3.96	3.78	3.90	5608184	30183200.00
2008/09/01	3.82	3.82	3.61	3.67	3051266	15708110.00
2008/09/02	3.63	3.77	3.58	3.74	2627813	13375137.00
2008/09/03	3.68	3.78	3.59	3.71	2578141	13106779.00
2008/09/04	3.70	3.87	3.62	3.81	4016391	20923814.00
2008/09/05	3.66	3.70	3.47	3.48	3629926	17999148.00
2008/09/08	3.48	3.54	3.11	3.11	3461941	15441594.00
2008/09/09	3.11	3.20	3.00	3.19	3366219	14532412.00
2008/09/10	3.10	3.28	3.10	3.20	3414216	15231729.00
2008/09/11	3.24	3.35	3.15	3.15	3842372	17307596.00
2008/09/12	3.12	3.20	3.09	3.11	1933636	8445015.00
2008/09/16	3.08	3.10	2.95	2.97	2436535	10274280.00
2008/09/17	2.97	3.07	2.93	3.03	3031897	12742179.00
2008/09/18	3.01	3.15	2.76	3.12	7205706	30332896.00
2008/09/19	3.44	3.46	3.31	3.46	6179263	29378760.00
2008/09/22	3.75	3.83	3.35	3.59	10924332	54252864.00
2008/09/23	3.43	3.51	3.24	3.46	7133048	33349208.00
2008/09/24	3.36	3.58	3.28	3.56	7022555	33863812.00
2008/09/25	3.51	3.70	3.44	3.60	9172418	45451936.00
2008/09/26	3.60	3.61	3.39	3.43	5130812	24707096.00
2008/10/06	3.38	3.70	3.25	3.55	9646194	47676628.00
2008/10/07	3.43	3.50	3.25	3.38	4845952	22703524.00
2008/10/08	3.31	3.43	3.24	3.28	2647333	12225114.00
2008/10/09	3.43	3.45	3.22	3.23	2728168	12497930.00
2008/10/10	2.93	3.08	2.88	2.89	3120630	12981925.00
2008/10/13	2.89	3.00	2.78	2.99	3314395	13532847.00
2008/10/14	3.11	3.15	2.89	2.90	3104964	13108010.00
2008/10/15	2.86	2.92	2.78	2.80	1680492	6662879.00
2008/10/16	2.70	2.85	2.55	2.56	2296755	8458098.00
2008/10/17	2.60	2.61	2.55	2.58	1712536	6247103.00
2008/10/20	2.58	2.85	2.58	2.85	7172023	28082852.00
2008/10/21	2.91	3.05	2.85	2.86	9080246	37157832.00
2008/10/22	2.79	2.88	2.71	2.74	3137532	12279324.00
2008/10/23	2.58	2.81	2.56	2.78	3420896	13064769.00
2008/10/24	2.78	2.85	2.71	2.77	2630784	10285194.00
2008/10/27	2.68	2.72	2.58	2.61	3615330	13464598.00
2008/10/28	2.62	2.75	2.59	2.73	3222484	12157724.00
2008/10/29	2.81	3.02	2.75	2.87	10877275	44093504.00
2008/10/30	2.87	2.97	2.71	2.84	9636950	38542692.00
2008/10/31	2.85	2.87	2.66	2.74	4689230	18204976.00
2008/11/03	2.73	2.80	2.65	2.66	2772287	10611927.00
2008/11/04	2.67	2.91	2.54	2.81	8770346	33912448.00
2008/11/05	2.78	2.88	2.75	2.85	8597654	33992848.00
2008/11/06	2.75	2.77	2.67	2.68	3937793	14965347.00
2008/11/07	2.58	2.78	2.56	2.75	4059408	15499115.00
2008/11/10	2.79	2.99	2.79	2.97	7211383	29278632.00
2008/11/11	3.03	3.28	2.95	3.08	14417195	62585176.00
2008/11/12	3.08	3.12	2.98	3.11	7604097	32460742.00
2008/11/13	3.07	3.30	3.03	3.19	11041173	49241416.00
2008/11/14	3.22	3.45	3.16	3.35	12651022	58322536.00
2008/11/17	3.31	3.71	3.24	3.71	15798073	76531656.00
2008/11/18	3.76	3.89	3.55	3.77	27178357	139352416.00
2008/11/19	3.76	4.15	3.59	4.06	25958651	137609664.00
2008/11/20	3.97	4.20	3.81	3.83	19429572	106052464.00
2008/11/21	3.73	3.97	3.63	3.81	13557441	70832376.00
2008/11/24	3.82	3.91	3.62	3.71	11096236	57267340.00
2008/11/25	3.70	3.79	3.40	3.61	7639406	38149488.00
2008/11/26	3.47	3.68	3.47	3.50	6941706	33859280.00
2008/11/27	3.77	3.77	3.45	3.45	7767788	38753696.00
2008/11/28	3.48	3.53	3.31	3.35	4781849	22518352.00
2008/12/01	3.39	3.53	3.31	3.51	5691784	27162620.00
2008/12/02	3.66	3.88	3.65	3.88	12223266	64833656.00
2008/12/03	4.07	4.16	3.88	3.98	25344210	138560448.00
2008/12/04	3.93	4.05	3.89	3.90	16382432	89483232.00
2008/12/05	3.87	4.13	3.82	4.08	14668025	80615120.00
2008/12/08	4.08	4.30	4.05	4.29	17113754	97033240.00
2008/12/09	4.29	4.31	4.12	4.13	10848006	62197032.00
2008/12/10	4.16	4.38	4.16	4.28	13310377	77778928.00
2008/12/11	4.37	4.47	4.14	4.17	12686961	74716536.00
2008/12/12	4.13	4.28	3.85	4.01	9792281	54258304.00
2008/12/15	4.08	4.12	3.90	4.08	7132585	39530820.00
2008/12/16	4.11	4.22	3.97	4.17	9907079	55747560.00
2008/12/17	4.15	4.24	4.11	4.15	8805594	50350284.00
2008/12/18	4.11	4.20	4.05	4.18	6823374	38828284.00
2008/12/19	4.16	4.31	4.13	4.26	9244326	53541624.00
2008/12/22	4.22	4.35	4.19	4.35	10181437	59724232.00
2008/12/23	4.45	4.66	3.98	4.00	15430493	91602936.00
2008/12/24	3.78	3.84	3.58	3.66	9114387	46451540.00
2008/12/25	3.68	3.77	3.58	3.67	5014519	25474422.00
2008/12/26	3.64	3.71	3.57	3.58	3429141	17211072.00
2008/12/29	3.62	3.64	3.42	3.59	3122537	15224607.00
2008/12/30	3.62	3.70	3.53	3.59	3775267	18886224.00
2008/12/31	3.61	3.62	3.43	3.45	2721893	13203667.00
2011/10/10	4.47	4.53	4.45	4.47	2445832	14809681.00
2011/10/11	4.65	4.65	4.45	4.51	2923926	17899684.00
2011/10/12	4.47	4.65	4.45	4.64	4835968	29926292.00
2011/10/13	4.62	4.76	4.61	4.71	4745567	30083184.00
2011/10/14	4.71	4.72	4.58	4.63	3231911	20199644.00
2011/10/17	4.64	4.70	4.61	4.65	2617744	16410187.00
2011/10/18	4.61	4.64	4.43	4.44	2988307	18253824.00
2011/10/19	4.46	4.50	4.37	4.42	2308865	13838719.00
2011/10/20	4.38	4.42	4.21	4.23	3073410	17815568.00
2011/10/21	4.23	4.28	4.15	4.21	1994507	11404346.00
2011/10/24	4.20	4.28	4.15	4.27	2308053	13216079.00
2011/10/25	4.28	4.38	4.26	4.38	3329021	19504548.00
2011/10/26	4.35	4.42	4.33	4.37	4055509	24007368.00
2011/10/27	4.38	4.46	4.35	4.37	3011976	17903436.00
2011/10/28	4.41	4.49	4.40	4.48	3897723	23426836.00
2011/10/31	4.48	4.70	4.48	4.61	6767119	41892240.00
2011/11/01	4.55	4.58	4.49	4.54	4198959	25660386.00
2011/11/02	4.49	4.55	4.37	4.55	4305299	25934752.00
2011/11/03	4.56	4.64	4.55	4.58	5414552	33527806.00
2011/11/04	4.59	4.67	4.54	4.65	5562894	34604588.00
2011/11/07	4.63	4.64	4.54	4.58	4243192	26196228.00
2011/11/08	4.58	4.58	4.47	4.48	3636100	22224740.00
2011/11/09	4.52	4.58	4.46	4.58	3749575	22912670.00
2011/11/10	4.53	4.57	4.50	4.52	3083148	18821518.00
2011/11/11	4.54	4.61	4.52	4.55	2946715	18152146.00
2011/11/14	4.58	4.65	4.56	4.64	4326770	26901814.00
2011/11/15	4.63	4.75	4.61	4.74	7768461	49075880.00
2011/11/16	4.73	4.74	4.61	4.62	5654503	35654740.00
2011/11/17	4.61	4.67	4.55	4.55	3508357	21734148.00
2011/11/18	4.53	4.57	4.51	4.56	5414432	33144746.00
2011/11/21	4.56	4.59	4.52	4.58	3059693	18784596.00
2011/11/22	4.55	4.65	4.54	4.65	4196020	25940020.00
2011/11/23	4.65	4.81	4.61	4.74	12311821	78885032.00
2011/11/24	4.65	4.72	4.61	4.71	4915415	30885060.00
2011/11/25	4.71	4.78	4.63	4.65	3891111	24629592.00
2011/11/28	4.58	4.75	4.58	4.74	6083501	38670952.00
2011/11/29	4.77	4.86	4.75	4.80	7562003	48886848.00
2011/11/30	4.72	4.77	4.56	4.57	7981353	49774616.00
2011/12/01	4.65	4.76	4.65	4.71	5218237	33058998.00
2011/12/02	4.70	4.70	4.58	4.58	3380436	20996860.00
2011/12/05	4.58	4.68	4.55	4.55	4141502	25565356.00
2011/12/06	4.57	4.58	4.25	4.40	4720885	27957572.00
2011/12/07	4.41	4.55	4.35	4.55	4079132	24647348.00
2011/12/08	4.54	4.59	4.49	4.52	3704807	22697630.00
2011/12/09	4.51	4.58	4.51	4.55	1544696	9454489.00
2011/12/12	4.56	4.58	4.38	4.38	1873809	11317851.00
2011/12/13	4.33	4.36	4.18	4.21	2191374	12585048.00
2011/12/14	4.21	4.41	4.16	4.25	1935628	11227930.00
2011/12/15	4.21	4.27	4.06	4.07	2001059	11190600.00
2011/12/16	4.14	4.18	4.02	4.17	2059163	11417973.00
2011/12/19	4.14	4.21	4.07	4.20	1341854	7499973.00
2011/12/20	4.21	4.26	4.18	4.21	1402960	8006819.00
2011/12/21	4.26	4.28	4.20	4.20	2194960	12553208.00
2011/12/22	4.20	4.39	4.18	4.32	6121877	35301044.00
2011/12/23	4.25	4.37	4.25	4.32	1977717	11554216.00
2011/12/26	4.30	4.53	4.30	4.35	2985440	17718928.00
2011/12/27	4.33	4.36	4.27	4.28	2425528	14139722.00
2011/12/28	4.25	4.31	4.21	4.29	1963532	11297778.00
2011/12/29	4.26	4.33	4.25	4.26	1142071	6613254.00
2011/12/30	4.28	4.36	4.26	4.35	1276643	7449924.00
2012/01/04	4.45	4.47	4.31	4.31	1577599	9267956.00
2012/01/05	4.31	4.35	4.22	4.22	3235746	18585440.00
2012/01/06	4.22	4.31	4.22	4.30	1601774	9216321.00
2012/01/09	4.30	4.41	4.25	4.41	2547278	14892844.00
2012/01/10	4.37	4.83	4.36	4.64	7040608	43981936.00
2012/01/11	4.57	4.63	4.52	4.58	3879520	23918674.00
2012/01/12	4.58	4.64	4.56	4.58	2176719	13490624.00
2012/01/13	4.58	4.64	4.55	4.61	3578080	22106640.00
2012/01/16	4.55	4.62	4.55	4.55	2188218	13487820.00
2012/01/17	4.55	4.76	4.55	4.74	3930038	24838552.00
2012/01/18	4.68	4.74	4.61	4.61	3358048	21098796.00
2012/01/19	4.59	4.66	4.51	4.58	2636316	16261381.00
2012/01/20	4.58	4.67	4.55	4.65	1768081	11046172.00
2012/01/30	4.66	4.75	4.64	4.66	2753174	17432504.00
2012/01/31	4.67	4.70	4.58	4.69	1690515	10548913.00
2012/02/01	4.68	4.78	4.59	4.61	3000916	19004688.00
2012/02/02	4.66	4.82	4.64	4.68	4628187	29365824.00
2012/02/03	4.66	4.69	4.61	4.68	3081332	19352228.00
2012/02/06	4.65	4.68	4.62	4.65	2632241	16476319.00
2012/02/07	4.65	4.65	4.53	4.55	2719750	16758617.00
2012/02/08	4.55	4.62	4.53	4.61	2493703	15411720.00
2012/02/09	4.61	4.69	4.61	4.69	13397065	84098704.00
2012/02/10	4.68	4.71	4.60	4.71	13877577	87382288.00
2012/02/13	4.68	4.79	4.66	4.72	12096734	77139064.00
2012/02/14	4.68	4.72	4.64	4.68	4570696	28756716.00
2012/02/15	4.66	4.77	4.63	4.75	7989007	50854096.00
2012/02/16	4.75	4.76	4.66	4.73	5897531	37422460.00
2012/02/17	4.75	4.76	4.64	4.65	4354579	27477252.00
2012/02/20	4.69	4.71	4.64	4.64	3535662	22231516.00
2012/02/21	4.64	4.68	4.55	4.65	5050169	31343726.00
2012/02/22	4.64	4.71	4.60	4.71	5922306	37245336.00
2012/02/23	4.71	4.75	4.68	4.74	5997993	38098928.00
2012/02/24	4.73	4.80	4.69	4.76	7754750	49553256.00
2012/02/27	4.77	4.88	4.74	4.75	10997177	71255336.00
2012/02/28	4.72	4.92	4.62	4.90	13075666	84574624.00
2012/02/29	4.85	4.98	4.83	4.87	11382091	75130480.00
2012/03/01	4.87	5.02	4.82	4.90	7433082	49197664.00
2012/03/02	4.87	4.97	4.85	4.95	6958128	46141416.00
2012/03/05	4.95	5.01	4.87	4.88	7009169	46476936.00
2012/03/06	4.85	4.88	4.75	4.83	6481496	42007192.00
2012/03/07	4.78	4.95	4.76	4.83	5743420	37463156.00
2012/03/08	4.82	4.91	4.81	4.85	4404429	28816070.00
2012/03/09	4.90	4.92	4.85	4.92	4945467	32527408.00
2012/03/12	4.91	4.92	4.87	4.89	4479004	29494716.00
2012/03/13	4.89	5.02	4.88	5.00	8712472	58238412.00
2012/03/14	5.00	5.02	4.60	4.71	9640336	62780396.00
2012/03/15	4.68	4.77	4.60	4.70	4569197	28835336.00
2012/03/16	4.70	4.81	4.69	4.79	4176041	26722224.00
2012/03/19	4.77	4.90	4.75	4.88	5443259	35557636.00
2012/03/20	4.83	4.85	4.68	4.68	4508104	28762292.00
2012/03/21	4.72	4.75	4.64	4.74	2500979	15831425.00
2012/03/22	4.71	4.76	4.68	4.71	1827481	11600409.00
2012/03/23	4.68	4.90	4.66	4.84	5589831	35936164.00
2012/03/26	4.81	4.90	4.68	4.76	4144435	26726132.00
2012/03/27	4.81	4.82	4.71	4.71	2489396	15947775.00
2012/03/28	4.71	4.74	4.48	4.51	4262807	26526018.00
2012/03/29	4.51	4.55	4.35	4.38	3623678	21805804.00
2012/03/30	4.39	4.42	4.31	4.36	2301516	13538571.00
2012/04/05	4.36	4.46	4.35	4.44	2204407	13161607.00
2012/04/06	4.45	4.55	4.41	4.48	1900940	11491285.00
2012/04/09	4.47	4.52	4.42	4.48	1791174	10845735.00
2012/04/10	4.45	4.50	4.33	4.50	1858107	11107155.00
2012/04/11	4.45	4.48	4.35	4.47	1262420	7577732.00
2012/04/12	4.45	4.57	4.45	4.56	2306372	14070073.00
2012/04/13	4.54	4.61	4.52	4.56	2331285	14364383.00
2012/04/16	4.55	4.63	4.51	4.62	2384343	14755239.00
2012/04/17	4.65	4.65	4.53	4.55	2177731	13466610.00
2012/04/18	4.55	4.64	4.53	4.61	2183291	13525039.00
2012/04/19	4.61	4.66	4.56	4.60	1903799	11827870.00
2012/04/20	4.60	4.66	4.56	4.65	3161900	19686880.00
2012/04/23	4.65	4.66	4.55	4.59	2690340	16681320.00
2012/04/24	4.58	4.74	4.44	4.55	4274077	26420840.00
2012/04/25	4.52	4.62	4.45	4.59	3895367	24022192.00
2012/04/27	4.59	4.60	4.48	4.50	2800873	17020786.00
2012/05/02	4.55	4.58	4.49	4.53	2223860	13577869.00
2012/05/03	4.50	4.56	4.48	4.56	2794807	17018784.00
2012/05/04	4.56	4.61	4.55	4.59	2965941	18318068.00
2012/05/07	4.56	4.69	4.49	4.67	4541033	28213492.00
2012/05/08	4.63	4.75	4.62	4.72	5411813	34104548.00
2012/05/09	4.71	4.78	4.68	4.70	5484623	34963028.00
2012/05/10	4.68	4.75	4.64	4.73	3510030	22166084.00
2012/05/11	4.71	4.84	4.71	4.78	7418419	47810496.00
2012/05/14	4.79	5.00	4.74	4.98	11714199	77265672.00
2012/05/15	4.97	4.99	4.86	4.98	7432441	49204448.00
2012/05/16	4.93	4.98	4.86	4.97	8605050	57215392.00
2012/05/17	4.91	5.18	4.88	5.03	20171967	134718896.00
2012/05/18	4.94	5.05	4.87	4.96	21701002	144239984.00
2012/05/21	4.90	4.92	4.74	4.85	15637127	101657864.00
2012/05/22	4.83	4.93	4.74	4.78	11239631	72339720.00
2012/05/23	4.77	4.81	4.58	4.60	8961348	56278952.00
2012/05/24	4.60	4.62	4.55	4.58	4286613	26444908.00
2012/05/25	4.57	4.61	4.48	4.50	3206929	19672056.00
2012/05/28	4.50	4.59	4.45	4.58	3759121	22908692.00
2012/05/29	4.57	4.64	4.53	4.62	4232380	26200594.00
2012/05/30	4.61	4.63	4.58	4.61	2735248	16991376.00
2012/05/31	4.58	4.61	4.53	4.57	3057477	18860216.00
2012/06/01	4.55	4.63	4.55	4.61	2996892	18535400.00
2012/06/04	4.54	4.57	4.42	4.44	3187581	19321712.00
2012/06/05	4.45	4.48	4.38	4.42	1698980	10159350.00
2012/06/06	4.41	4.53	4.41	4.45	1912492	11505717.00
2012/06/07	4.50	4.51	4.35	4.38	1708437	10220211.00
2012/06/08	4.41	4.44	4.35	4.38	1533057	9105280.00
2012/06/11	4.38	4.45	4.37	4.44	1235139	7351764.00
2012/06/12	4.41	4.47	4.39	4.41	1086488	6493602.00
2012/06/13	4.43	4.47	4.41	4.46	1237267	7421284.00
2012/06/14	4.46	4.54	4.44	4.48	3523185	21393026.00
2012/06/15	4.49	4.54	4.39	4.47	1822381	10993428.00
2012/06/18	4.49	4.52	4.47	4.49	1305689	7911820.00
2012/06/19	4.50	4.50	4.41	4.45	1518843	9143269.00
2012/06/20	4.45	4.48	4.42	4.42	1000312	6002696.00
2012/06/21	4.41	4.45	4.35	4.38	1232018	7283693.00
2012/06/25	4.36	4.41	4.17	4.18	1513798	8763388.00
2012/06/26	4.21	4.23	4.14	4.23	1216944	6893752.00
2012/06/27	4.21	4.25	4.18	4.19	1025351	5842777.00
2012/06/28	4.21	4.25	4.12	4.13	938510	5306824.00
2012/06/29	4.14	4.19	4.08	4.18	1263144	7104645.00
2012/07/02	4.21	4.30	4.18	4.24	1177382	6743852.00
2012/07/03	4.25	4.28	4.18	4.23	1425002	8140760.00
2012/07/04	4.25	4.25	4.14	4.18	1432676	8121440.00
2012/07/05	4.18	4.20	4.05	4.06	1391740	7723982.00
2012/07/06	4.10	4.14	4.03	4.14	1212921	6704102.00
2012/07/09	4.12	4.14	3.98	3.99	1278349	7043953.00
2012/07/10	3.98	4.03	3.94	3.97	1268144	6839833.00
2012/07/11	3.96	4.02	3.96	4.01	821032	4442605.00
2012/07/12	4.01	4.18	3.98	4.10	2632856	14625491.00
2012/07/13	4.06	4.13	4.05	4.11	1526753	8448861.00
2012/07/16	4.14	4.23	4.06	4.08	3125277	17470452.00
2012/07/17	4.07	4.12	3.99	4.07	1731045	9485982.00
2012/07/18	4.07	4.41	4.07	4.39	7870504	45207472.00
2012/07/19	4.30	4.41	4.29	4.34	6325496	37119932.00
2012/07/20	4.28	4.38	4.26	4.28	3043943	17778928.00
2012/07/23	4.23	4.44	4.18	4.31	2910739	17013600.00
2012/07/24	4.24	4.35	4.21	4.29	1989780	11501226.00
2012/07/25	4.25	4.29	4.18	4.20	2138112	12255764.00
2012/07/26	4.22	4.25	4.17	4.18	1812152	10307578.00
2012/07/27	4.21	4.29	4.18	4.28	1984092	11391475.00
2012/07/30	4.21	4.25	3.98	4.00	3974869	21942196.00
2012/07/31	3.97	3.99	3.84	3.90	2031977	10727290.00
2012/08/01	3.90	3.97	3.85	3.95	1202568	6407620.00
2012/08/02	3.94	3.95	3.87	3.88	814297	4308058.00
2012/08/03	3.88	3.94	3.85	3.94	1428193	7565293.00
2012/08/06	3.91	4.01	3.89	4.00	2166914	11650174.00
2012/08/07	4.00	4.39	3.98	4.24	5604381	31708084.00
2012/08/08	4.14	4.18	4.09	4.12	3509382	19624044.00
2012/08/09	4.11	4.21	4.06	4.18	3036856	17065784.00
2012/08/10	4.18	4.20	4.11	4.15	1784749	10004870.00
2012/08/13	4.14	4.27	4.11	4.14	2916163	16548369.00
2012/08/14	4.11	4.13	3.95	4.10	2868623	15743280.00
2012/08/15	4.08	4.08	3.98	4.06	1453778	7971037.00
2012/08/16	4.02	4.12	4.02	4.03	1459507	8045896.00
2012/08/17	3.99	4.06	3.95	4.02	1429396	7742734.00
2012/08/20	3.98	4.11	3.95	4.10	2128044	11680293.00
2012/08/21	4.09	4.12	4.03	4.10	1939092	10723137.00
2012/08/22	4.10	4.15	4.06	4.08	1842351	10241329.00
2012/08/23	4.05	4.11	4.04	4.09	1150500	6359688.00
2012/08/24	4.07	4.15	4.02	4.04	1490801	8251567.00
2012/08/27	4.01	4.01	3.90	3.92	1615972	8638579.00
2012/08/28	3.92	3.97	3.88	3.91	1430067	7606518.00
2012/08/29	3.91	3.96	3.89	3.90	1322875	7040669.00
2012/08/30	3.90	3.97	3.84	3.89	1802307	9551652.00
2012/08/31	3.87	3.91	3.85	3.88	1064589	5606461.00
2012/09/03	3.86	3.95	3.83	3.95	2258459	12003488.00
2012/09/04	3.95	3.96	3.90	3.94	1462804	7787167.00
2012/09/05	3.88	3.95	3.88	3.94	1428620	7591844.00
2012/09/06	3.95	3.98	3.90	3.97	2361953	12614880.00
2012/09/07	3.97	4.14	3.96	4.07	4734541	26024950.00
2012/09/10	4.08	4.13	4.04	4.12	3255040	17978568.00
2012/09/11	4.12	4.12	4.04	4.09	1665517	9195077.00
2012/09/12	4.10	4.13	4.07	4.11	2250991	12484652.00
2012/09/13	4.11	4.19	4.06	4.07	2201616	12219245.00
2012/09/14	4.08	4.11	4.03	4.07	1932801	10599952.00
2012/09/17	4.12	4.20	4.01	4.04	4749713	26461898.00
2012/09/18	4.01	4.11	4.01	4.10	1594720	8697747.00
2012/09/19	4.10	4.15	4.06	4.11	1486704	8205272.00
2012/09/20	4.12	4.26	4.05	4.05	4929075	27617704.00
2012/09/21	4.01	4.03	3.88	3.92	3039809	16152708.00
2012/09/24	3.89	3.95	3.83	3.92	1264675	6654371.00
2012/09/25	3.89	3.95	3.87	3.88	953233	5012666.00
2012/09/26	3.88	3.91	3.70	3.72	1438512	7375449.00
2012/09/27	3.74	3.85	3.70	3.80	1788249	9110956.00
2012/09/28	3.79	3.87	3.76	3.86	1371602	7107665.00
2012/10/08	3.87	3.94	3.84	3.90	1667368	8774364.00
2012/10/09	3.91	4.01	3.88	4.00	2055710	10987227.00
2012/10/10	3.97	4.03	3.95	4.01	1669428	8981893.00
2012/10/11	3.98	4.01	3.92	3.95	1310389	6999633.00
2012/10/12	3.95	3.98	3.89	3.94	1149614	6101943.00
2012/10/15	3.98	4.06	3.95	4.01	2993353	16176737.00
2012/10/16	4.01	4.07	3.96	4.03	1820077	9842790.00
2012/10/17	4.05	4.11	3.98	4.02	1934915	10534732.00
2012/10/18	4.03	4.08	4.01	4.05	3203209	17502566.00
2012/10/19	4.05	4.06	3.98	4.03	1946668	10572677.00
2012/10/22	4.17	4.38	4.15	4.15	7631570	43126096.00
2012/10/23	4.18	4.58	4.17	4.41	13183528	77212520.00
2012/10/24	4.31	4.38	4.24	4.27	6830014	39504664.00
2012/10/25	4.24	4.29	4.12	4.16	5110300	28897640.00
2012/10/26	4.21	4.21	4.05	4.08	2676090	14810834.00
2012/10/29	4.11	4.14	4.04	4.13	3141299	17301044.00
2012/10/30	4.16	4.18	4.11	4.11	1835077	10218404.00
2012/10/31	4.11	4.15	4.06	4.13	1616535	8927128.00
2012/11/01	4.13	4.20	4.01	4.19	3728531	20726180.00
2012/11/02	4.16	4.18	4.11	4.18	2317255	12960995.00
2012/11/05	4.16	4.28	4.14	4.24	4538574	25845928.00
2012/11/06	4.24	4.28	4.11	4.21	3344790	18844756.00
2012/11/07	4.24	4.36	4.21	4.25	3678682	21132934.00
2012/11/08	4.18	4.26	4.12	4.15	2852144	16056404.00
2012/11/09	4.15	4.19	4.04	4.08	1916349	10620506.00
2012/11/12	4.09	4.15	4.04	4.11	1534831	8477219.00
2012/11/13	4.11	4.15	4.01	4.02	1370211	7535707.00
2012/11/14	4.02	4.03	3.91	3.96	1544444	8250960.00
2012/11/15	3.95	3.97	3.82	3.86	1617370	8496819.00
2012/11/16	3.86	3.87	3.81	3.85	915539	4742808.00
2012/11/19	3.87	3.91	3.82	3.91	1017659	5315771.00
2012/11/20	4.00	4.14	3.89	4.01	3143816	17008968.00
2012/11/21	3.98	4.05	3.93	4.03	1786529	9573688.00
2012/11/22	4.00	4.09	3.97	4.03	1972379	10732286.00
2012/11/23	4.01	4.05	3.98	3.99	1257030	6795636.00
2012/11/26	4.05	4.05	3.91	3.93	1219901	6494050.00
2012/11/27	3.91	3.93	3.81	3.81	1279800	6646239.00
2012/11/28	3.81	3.85	3.70	3.73	1142608	5808696.00
2012/11/29	3.71	3.78	3.71	3.73	634720	3216104.00
2012/11/30	3.71	3.79	3.70	3.77	878010	4440988.00
2012/12/03	3.77	3.79	3.65	3.67	847100	4269706.00
2012/12/04	3.65	3.69	3.55	3.69	1288487	6300058.00
2012/12/05	3.66	3.83	3.65	3.79	1654421	8437675.00
2012/12/06	3.81	3.86	3.74	3.80	1354247	6936696.00
2012/12/07	3.78	4.00	3.78	3.91	3745391	19796720.00
2012/12/10	4.16	4.32	4.08	4.19	11038129	62624052.00
2012/12/11	4.08	4.20	4.05	4.05	6103008	33673284.00
2012/12/12	4.06	4.09	4.01	4.08	3540479	19343204.00
2012/12/13	4.10	4.15	3.95	3.96	4929954	26889388.00
2012/12/14	3.96	4.19	3.93	4.12	6931963	38150860.00
2012/12/17	4.11	4.15	4.03	4.10	5026921	27667512.00
2012/12/18	4.08	4.23	4.08	4.12	6224209	34863664.00
2012/12/19	4.08	4.15	4.05	4.08	3414062	18807790.00
2012/12/20	4.08	4.09	3.98	4.08	2858711	15572312.00
2012/12/21	4.11	4.17	4.07	4.08	4232351	23435452.00
2012/12/24	4.13	4.15	4.08	4.13	3347434	18553276.00
2012/12/25	4.10	4.19	4.05	4.18	6042878	33791656.00
2012/12/26	4.15	4.25	4.15	4.22	5326955	30118510.00
2012/12/27	4.26	4.30	4.15	4.15	4747797	26833360.00
2012/12/28	4.13	4.18	4.10	4.18	4260069	23699922.00
2012/12/31	4.18	4.21	4.14	4.19	3015290	16929880.00
2013/01/04	4.28	4.29	4.15	4.20	3421544	19331732.00
2013/01/07	4.22	4.33	4.21	4.32	6961368	39979872.00
2013/01/08	4.30	4.34	4.24	4.34	5646365	32529738.00
2013/01/09	4.43	4.55	4.35	4.39	13533096	80905912.00
2013/01/10	4.35	4.46	4.30	4.35	6400218	37553416.00
2013/01/11	4.36	4.38	4.20	4.29	5374935	30955134.00
2013/01/14	4.32	4.51	4.29	4.48	9662282	57437184.00
2013/01/15	4.49	4.94	4.45	4.94	37104519	241810736.00
2013/01/16	4.85	4.95	4.78	4.82	13792755	89835248.00
2013/04/08	4.78	4.78	4.32	4.42	21201612	125121928.00
2013/04/09	4.38	4.50	4.24	4.48	13599851	79763816.00
2013/04/10	4.39	4.43	4.31	4.35	8332226	48793552.00
2013/04/11	4.35	4.39	4.28	4.34	5583608	32515850.00
2013/04/12	4.47	4.53	4.34	4.35	9201004	54663864.00
2013/04/15	4.26	4.26	4.13	4.17	5612886	31698596.00
2013/04/16	4.10	4.20	4.08	4.18	2969156	16583289.00
2013/04/17	4.18	4.21	4.12	4.21	2784683	15626100.00
2013/04/18	4.16	4.33	4.13	4.25	4751768	27292054.00
2013/04/19	4.25	4.30	4.24	4.29	5333774	30622092.00
2013/04/22	4.25	4.29	4.22	4.28	3498179	20027396.00
2013/04/23	4.29	4.31	4.03	4.05	4808668	27051196.00
2013/04/24	4.07	4.15	4.02	4.13	4166698	22950948.00
2013/04/25	4.10	4.16	4.06	4.07	3609694	20007284.00
2013/04/26	4.11	4.11	3.95	3.98	3532255	19195568.00
2013/05/02	4.00	4.15	3.99	4.08	3463559	19064160.00
2013/05/03	4.08	4.15	4.04	4.15	3907364	21681552.00
2013/05/06	4.16	4.23	4.14	4.22	4492248	25323612.00
2013/05/07	4.22	4.28	4.19	4.23	3532280	20087082.00
2013/05/08	4.25	4.25	4.19	4.23	2871578	16290095.00
2013/05/09	4.31	4.54	4.31	4.47	15314310	91341816.00
2013/05/10	4.43	4.45	4.35	4.42	6284953	37192208.00
2013/05/13	4.40	4.48	4.35	4.45	5664839	33612852.00
2013/05/14	4.48	4.48	4.31	4.35	3923103	22989352.00
2013/05/15	4.37	4.38	4.31	4.36	2901811	16942156.00
2013/05/16	4.35	4.44	4.32	4.40	4059573	23962704.00
2013/05/17	4.40	4.51	4.36	4.48	6216263	37249764.00
2013/05/20	4.51	4.55	4.45	4.52	6377845	38582504.00
2013/05/21	4.52	4.62	4.47	4.61	7381224	45116940.00
2013/05/22	4.61	4.62	4.51	4.53	5289391	32240004.00
2013/05/23	4.51	4.52	4.40	4.41	4495047	26925940.00
2013/05/24	4.41	4.49	4.41	4.48	3153392	18840252.00
2013/05/27	4.48	4.52	4.45	4.51	3941846	23787760.00
2013/05/28	4.51	4.55	4.44	4.51	3674752	22016138.00
2013/05/29	4.51	4.56	4.46	4.55	5501137	33150488.00
2013/05/30	4.52	4.58	4.51	4.55	3640767	22097974.00
2013/05/31	4.56	4.58	4.47	4.47	3925820	23670542.00
2013/06/03	4.46	4.51	4.43	4.44	2754159	16436076.00
2013/06/04	4.44	4.46	4.28	4.31	3681258	21434004.00
2013/06/05	4.31	4.38	4.31	4.38	1908829	11108352.00
2013/06/06	4.36	4.53	4.34	4.47	6869967	41140928.00
2013/06/07	4.45	4.57	4.43	4.56	8129109	49123552.00
2013/06/13	4.49	4.51	4.11	4.28	4737133	27256876.00
2013/06/14	4.27	4.32	4.17	4.28	4643150	26306090.00
2013/06/17	4.28	4.28	4.16	4.21	2570514	14508860.00
2013/06/18	4.23	4.31	4.20	4.25	2274457	12945969.00
2013/06/19	4.25	4.25	4.11	4.18	2892089	16117339.00
2013/06/20	4.15	4.22	4.02	4.05	2147915	11894102.00
2013/06/21	3.99	4.01	3.88	4.00	2319581	12282127.00
2013/06/24	3.98	4.00	3.63	3.73	2945604	14968881.00
2013/06/25	3.71	3.78	3.41	3.68	2777951	13572077.00
2013/06/26	3.67	3.75	3.65	3.72	1696949	8454037.00
2013/06/27	3.75	3.80	3.65	3.66	2220652	11089053.00
2013/06/28	3.63	3.71	3.61	3.66	1585985	7795433.00
2013/07/01	3.66	3.73	3.65	3.73	1440091	7119857.00
2013/07/02	3.72	3.79	3.70	3.78	1632534	8239123.00
2013/07/03	3.74	3.75	3.65	3.70	1618487	8033353.00
2013/07/04	3.68	3.78	3.63	3.76	2470371	12372014.00
2013/07/05	3.75	3.81	3.75	3.78	2435268	12353023.00
2013/07/08	3.72	3.72	3.58	3.58	2041975	9975391.00
2013/07/09	3.57	3.72	3.55	3.68	1988334	9750833.00
2013/07/10	3.67	3.78	3.64	3.78	1993568	9974806.00
2013/07/11	3.97	4.08	3.95	3.98	7459515	39991048.00
2013/07/12	3.99	4.05	3.90	3.92	4416327	23627510.00
2013/07/15	3.87	3.96	3.87	3.93	2577636	13564309.00
2013/07/16	3.88	3.98	3.88	3.96	2440557	12921896.00
2013/07/17	3.94	3.98	3.80	3.85	3864716	20125472.00
2013/07/18	3.84	3.86	3.78	3.81	2196415	11257107.00
2013/07/19	3.81	3.89	3.78	3.79	2698677	13890726.00
2013/07/22	3.78	3.88	3.75	3.86	2312377	11899923.00
2013/07/23	3.85	3.95	3.85	3.94	3128864	16452172.00
2013/07/24	3.93	3.96	3.88	3.96	2500955	13139404.00
2013/07/25	3.97	3.97	3.87	3.88	2331796	12218841.00
2013/07/26	3.85	3.90	3.78	3.82	1790742	9210789.00
2013/07/29	3.81	3.81	3.75	3.78	1690918	8566220.00
2013/07/30	3.77	3.84	3.72	3.81	1192807	6064897.00
2013/07/31	3.83	3.85	3.78	3.80	1158895	5935096.00
2013/08/01	3.78	3.94	3.77	3.91	3105635	16163234.00
2013/08/02	3.97	4.07	3.96	3.97	7040652	37826480.00
2013/08/05	3.98	4.08	3.96	4.08	5729696	31055840.00
2013/08/06	4.05	4.12	4.04	4.10	4570878	24947338.00
2013/08/07	4.08	4.29	4.04	4.27	9679068	53986012.00
2013/08/08	4.23	4.37	4.18	4.29	9258782	53034432.00
2013/08/09	4.40	4.46	4.22	4.35	9421176	54647252.00
2013/08/12	4.41	4.43	4.34	4.38	8806539	51640056.00
2013/08/13	4.38	4.48	4.34	4.48	8277978	48927876.00
2013/08/14	4.45	4.48	4.33	4.35	5956060	35051940.00
2013/08/15	4.34	4.34	4.26	4.28	3730296	21383230.00
2013/08/16	4.25	4.40	4.23	4.23	4150873	23983580.00
2013/08/19	4.21	4.34	4.21	4.32	2150268	12321277.00
2013/08/20	4.30	4.36	4.23	4.26	2691670	15439877.00
2013/08/21	4.27	4.28	4.17	4.28	2560379	14487113.00
2013/08/22	4.30	4.36	4.28	4.31	3294523	19069216.00
2013/08/23	4.35	4.40	4.18	4.31	4169238	24082292.00
2013/08/26	4.29	4.35	4.26	4.35	3316170	19116160.00
2013/08/27	4.33	4.35	4.31	4.35	2738280	15862391.00
2013/08/28	4.32	4.32	4.24	4.25	2931680	16808372.00
2013/08/29	4.28	4.32	4.25	4.31	2561671	14709871.00
2013/08/30	4.31	4.47	4.28	4.37	7288607	42981736.00
2013/09/02	4.37	4.55	4.25	4.51	8467150	50180712.00
2013/09/03	4.51	4.74	4.45	4.61	10987966	68039568.00
2013/09/04	4.59	4.60	4.46	4.51	5973062	36061256.00
2013/09/05	4.51	4.63	4.44	4.57	4846056	29239984.00
2013/09/06	4.50	4.57	4.48	4.51	3585982	21664720.00
2013/09/09	4.50	4.54	4.47	4.51	4075816	24518122.00
2013/09/10	4.51	4.52	4.47	4.51	3711261	22267700.00
2013/09/11	4.51	4.69	4.50	4.61	7491892	46014856.00
2013/09/12	4.59	4.68	4.55	4.57	5099378	31318192.00
2013/09/13	4.61	4.61	4.54	4.57	3035180	18476854.00
2013/09/16	4.59	4.65	4.56	4.63	3559194	21888858.00
2013/09/17	4.63	4.72	4.51	4.69	8642287	53428272.00
2013/09/18	4.61	4.66	4.58	4.60	3884553	23865656.00
2013/09/23	4.60	4.83	4.58	4.78	9169848	57587688.00
2013/09/24	4.72	4.74	4.65	4.68	4871717	30480354.00
2013/09/25	4.68	4.72	4.54	4.55	5544369	34368352.00
2013/09/26	4.56	4.61	4.52	4.54	3582654	21797370.00
2013/09/27	4.53	4.57	4.47	4.51	2978516	17996500.00
2013/09/30	4.54	4.68	4.54	4.61	4303312	26516412.00
2013/10/08	4.61	4.71	4.61	4.65	4223255	26261124.00
2013/10/09	4.65	4.74	4.65	4.72	5156870	32262486.00
2013/10/10	4.70	4.74	4.64	4.70	4475052	28005080.00
2013/10/11	4.71	4.83	4.71	4.78	6323925	40311048.00
2013/10/14	4.78	5.11	4.77	4.95	10138396	66929648.00
2013/10/15	4.92	5.38	4.90	5.28	15121134	104082728.00
2013/10/23	5.64	5.64	4.88	4.97	14364490	98853944.00
2013/10/24	4.81	4.95	4.80	4.85	6401506	41524688.00
2013/10/25	4.88	4.99	4.67	4.71	5531210	35459256.00
2013/10/28	4.73	4.83	4.67	4.76	3211314	20317154.00
2013/10/29	4.78	4.78	4.35	4.49	6073259	36849344.00
2013/10/30	4.51	4.58	4.48	4.55	2803887	16976306.00
2013/10/31	4.49	4.55	4.48	4.50	2658855	16006264.00
2013/11/01	4.49	4.51	4.37	4.42	3066893	18153028.00
2013/11/04	4.44	4.56	4.43	4.54	3386616	20431270.00
2013/11/05	4.50	4.62	4.43	4.58	3834680	23248182.00
2013/11/06	4.56	4.65	4.54	4.58	4091996	25146954.00
2013/11/07	4.55	4.66	4.55	4.58	4282988	26352428.00
2013/11/08	4.57	4.61	4.44	4.48	2578304	15536468.00
2013/11/11	4.46	4.52	4.42	4.48	1603798	9578884.00
2013/11/12	4.52	4.58	4.46	4.56	2480944	15021751.00
2013/11/13	4.55	4.58	4.49	4.49	2233167	13530529.00
2013/11/14	4.48	4.50	4.41	4.48	2305782	13736142.00
2013/11/15	4.46	4.59	4.46	4.58	4907293	29838808.00
2013/11/18	4.59	4.78	4.57	4.75	7983799	50207360.00
2013/11/19	4.77	5.08	4.77	4.95	11205749	73839128.00
2013/11/20	5.02	5.07	4.90	5.05	10755312	71831200.00
2013/11/21	5.01	5.57	5.00	5.57	34926983	253035904.00
2013/11/22	5.49	5.99	5.41	5.85	41873586	314089856.00
2013/11/25	5.69	5.88	5.61	5.68	22881677	173698448.00
2013/11/26	5.72	6.25	5.61	6.25	52321822	415985888.00
2013/11/27	6.14	6.42	5.95	6.25	55638202	455214976.00
2013/11/28	6.17	6.29	6.03	6.08	43665708	355088160.00
2013/11/29	6.02	6.15	5.75	5.89	39103692	305730656.00
2013/12/02	5.72	5.89	5.34	5.75	28222242	211559008.00
2013/12/03	5.76	5.76	5.55	5.68	21946140	163935888.00
2013/12/04	5.64	5.81	5.61	5.68	21490787	162788928.00
2013/12/05	5.67	5.67	5.51	5.51	12974145	96181056.00
2013/12/06	5.52	5.61	5.50	5.58	8156220	60244004.00
2013/12/09	5.58	5.71	5.54	5.68	14103624	105856600.00
2013/12/10	5.68	5.68	5.49	5.57	9544182	70521376.00
2013/12/11	5.55	5.57	5.41	5.48	8166847	59289348.00
2013/12/12	5.46	5.48	5.35	5.37	7777846	55974076.00
2013/12/13	5.34	5.48	5.28	5.45	6350911	45892396.00
2013/12/16	5.47	5.52	5.38	5.41	5359438	38832476.00
2013/12/17	5.38	5.45	5.29	5.33	4130370	29356984.00
2013/12/18	5.34	5.37	5.19	5.23	4469618	31451408.00
2013/12/19	5.25	5.30	5.07	5.08	6390773	43848944.00
2013/12/20	5.11	5.12	5.01	5.07	4762264	32100074.00
2013/12/23	5.08	5.18	5.01	5.16	4405143	30068940.00
2013/12/24	5.18	5.22	5.10	5.18	4012209	27584392.00
2013/12/25	5.18	5.25	5.14	5.24	4078268	28172582.00
2013/12/26	5.26	5.26	5.08	5.10	3499091	24031894.00
2013/12/27	5.10	5.17	5.08	5.12	3050041	20826812.00
2013/12/30	5.15	5.16	5.00	5.06	5590845	37772280.00
2013/12/31	5.03	5.05	4.92	5.01	5036211	33452028.00
2014/01/02	5.03	5.11	5.01	5.08	4083794	27459484.00
2014/01/03	5.05	5.13	4.96	5.11	4451297	29812784.00
2014/01/06	5.13	5.16	4.95	4.96	4799169	32446256.00
2014/01/07	4.87	4.91	4.74	4.83	3578544	23057684.00
2014/01/08	4.81	4.87	4.70	4.73	3983079	25362172.00
2014/01/09	4.73	4.82	4.65	4.65	3489473	22081496.00
2014/01/10	4.57	4.69	4.57	4.67	3046307	18885288.00
2014/01/13	4.70	4.75	4.60	4.62	1961608	12217003.00
2014/01/14	4.62	4.74	4.60	4.73	2770476	17325984.00
2014/01/15	4.73	4.81	4.65	4.79	3612683	22799108.00
2014/01/16	4.77	4.81	4.74	4.75	2725784	17342696.00
2014/01/17	4.73	4.77	4.61	4.65	2748321	17068176.00
2014/01/20	4.71	4.81	4.69	4.76	5343666	34007236.00
2014/01/21	4.68	4.93	4.68	4.91	6349780	41056272.00
2014/01/22	4.87	4.98	4.86	4.96	5823522	38310580.00
2014/01/23	4.94	4.98	4.89	4.93	4299459	28292516.00
2014/01/24	4.91	4.98	4.91	4.96	5080515	33503256.00
2014/01/27	4.91	4.93	4.81	4.83	3840915	24858944.00
2014/01/28	4.83	4.86	4.78	4.83	2366052	15188518.00
2014/01/29	4.85	4.87	4.74	4.77	3329490	21201580.00
2014/01/30	4.75	4.78	4.71	4.75	2401785	15202250.00
2014/02/07	4.72	4.85	4.71	4.84	2570184	16458710.00
2014/02/10	4.85	4.98	4.85	4.97	6608822	43460832.00
2014/02/11	4.95	5.10	4.94	5.09	7759091	51829952.00
2014/02/12	5.07	5.12	5.00	5.10	6273795	42332480.00
2014/02/13	5.10	5.40	5.05	5.26	16593574	116342232.00
2014/02/14	5.18	5.58	5.18	5.48	15755823	112110800.00
2014/02/17	5.41	5.51	5.35	5.41	10296146	74103792.00
2014/02/18	5.45	5.52	5.38	5.41	7654608	55236592.00
2014/02/19	5.41	5.45	5.26	5.31	8626309	61341888.00
2014/02/20	5.29	5.35	5.24	5.29	5653052	39839980.00
2014/02/21	5.28	5.30	5.11	5.19	5212614	36154176.00
2014/02/24	5.25	5.25	5.09	5.20	3792359	26109864.00
2014/02/25	5.19	5.28	4.86	4.95	6131745	41757384.00
2014/02/26	4.88	4.99	4.74	4.98	4429545	28788972.00
2014/02/27	4.98	5.05	4.92	4.98	4694706	31223302.00
2014/02/28	4.97	5.18	4.95	5.18	5579601	37760680.00
2014/03/03	5.17	5.32	5.15	5.31	7629532	53182496.00
2014/03/04	5.26	5.28	5.18	5.24	6159431	42890024.00
2014/03/05	5.23	5.28	5.12	5.13	5707931	39642276.00
2014/03/06	5.11	5.17	5.03	5.14	3346354	22748292.00
2014/03/07	5.14	5.16	4.99	5.00	3023650	20368780.00
2014/03/10	4.95	4.96	4.68	4.71	3305409	21262732.00
2014/03/11	4.68	4.95	4.68	4.82	3286651	21170188.00
2014/03/12	4.80	5.09	4.78	5.01	6541248	43227840.00
2014/03/13	5.00	5.17	4.95	4.98	4723320	31674204.00
2014/03/14	4.95	4.95	4.75	4.82	4846492	31232336.00
2014/03/17	4.82	4.95	4.78	4.92	3091952	20198720.00
2014/03/18	4.89	4.98	4.88	4.94	2644082	17361060.00
2014/03/19	4.91	5.39	4.82	5.28	13499900	93120928.00
2014/03/20	5.15	5.38	5.13	5.16	12318844	85717384.00
2014/03/21	5.11	5.39	5.06	5.32	12181201	85927464.00
2014/03/24	5.38	5.78	5.29	5.65	21757630	160856640.00
2014/03/25	5.66	5.66	5.41	5.48	13780185	101087840.00
2014/03/26	5.48	5.78	5.46	5.74	18510489	138674416.00
2014/03/27	6.18	6.32	5.77	5.80	34305429	275068000.00
2014/03/28	5.64	5.72	5.24	5.28	21339639	154740160.00
2014/03/31	5.29	5.47	5.26	5.31	9273324	66062992.00
2014/04/01	5.28	5.38	5.15	5.36	8387423	58848924.00
2014/04/02	5.35	5.53	5.32	5.45	10538096	76108760.00
2014/04/03	5.41	5.41	5.23	5.32	8017542	56539208.00
2014/04/04	5.37	5.53	5.28	5.45	10488632	75605240.00
2014/04/08	5.39	5.47	5.30	5.39	8662007	61939872.00
2014/04/09	5.39	5.51	5.38	5.43	8164429	59062160.00
2014/04/10	5.45	5.61	5.38	5.58	10542570	76811832.00
2014/04/11	5.58	5.65	5.46	5.63	9656673	71231936.00
2014/04/14	5.64	6.01	5.54	5.91	18072458	139571808.00
2014/04/15	5.82	5.96	5.72	5.75	11517521	88935264.00
2014/04/16	5.72	5.81	5.61	5.71	9212402	69657472.00
2014/04/17	5.72	5.75	5.55	5.56	6532349	48729256.00
2014/04/18	5.42	5.68	5.42	5.61	7259405	53304368.00
2014/04/21	5.56	5.57	5.31	5.37	8055663	58393944.00
2014/04/22	5.36	5.40	5.27	5.39	3942104	28019864.00
2014/04/23	5.38	5.42	5.34	5.38	2342226	16754238.00
2014/04/24	5.35	5.38	5.24	5.25	3117432	21956580.00
2014/04/25	5.28	5.28	4.98	5.00	5342063	36411536.00
2014/04/28	5.01	5.06	4.84	4.97	3275412	21582220.00
2014/04/29	4.98	5.05	4.88	5.04	2600359	17194428.00
2014/04/30	5.02	5.04	4.97	5.03	2469506	16483312.00
2014/05/05	5.02	5.15	4.94	5.08	2686165	18112224.00
2014/05/06	5.09	5.13	5.04	5.08	3012109	20381544.00
2014/05/07	5.07	5.08	4.94	4.97	3851105	25571194.00
2014/05/08	4.95	5.09	4.94	5.01	4194099	28083770.00
2014/05/09	5.01	5.03	4.87	4.90	2861677	18799232.00
2014/05/12	4.94	5.05	4.93	5.02	4056816	26965454.00
2014/05/13	5.03	5.12	5.02	5.06	3887386	26254822.00
2014/05/14	5.05	5.08	5.01	5.05	2547833	17121848.00
2014/05/15	5.05	5.05	4.91	4.92	3535240	23432884.00
2014/05/16	4.92	4.96	4.86	4.94	3027792	19800176.00
2014/05/19	4.94	4.95	4.81	4.88	2042615	13259816.00
2014/05/20	4.94	4.95	4.88	4.90	1955465	12815275.00
2014/05/21	4.88	4.93	4.84	4.93	1843770	12047664.00
2014/05/22	4.91	5.07	4.89	5.01	4616534	30708224.00
2014/05/23	5.00	5.03	4.95	5.02	3678357	24492852.00
2014/05/26	5.03	5.12	5.03	5.11	4598198	31214932.00
2014/05/27	5.11	5.16	5.08	5.11	4473759	30538520.00
2014/05/28	5.08	5.18	5.07	5.16	4098609	28042956.00
2014/05/29	5.17	5.21	5.05	5.10	3168404	21624100.00
2014/05/30	5.08	5.25	5.08	5.22	7714574	53284588.00
2014/06/03	5.16	5.35	5.16	5.30	13378076	94200480.00
2014/06/04	5.26	5.35	5.22	5.31	13463387	94980016.00
2014/06/05	5.28	5.28	5.18	5.22	6452559	44904152.00
2014/06/06	5.22	5.25	5.14	5.17	3688114	25498372.00
2014/06/09	5.15	5.42	5.10	5.40	13393412	94117776.00
2014/09/12	5.95	5.95	5.95	5.95	272255	1638975.00
2014/09/15	6.55	6.55	6.55	6.55	223885	1482119.00
2014/09/16	7.21	7.21	7.21	7.21	724140	5271739.00
2014/09/17	7.94	7.94	7.94	7.94	2109703	16898720.00
2014/09/18	8.74	8.74	8.74	8.74	1360574	11986657.00
2014/09/19	9.62	9.62	9.62	9.62	11423071	110689560.00
2014/09/23	10.59	10.59	10.59	10.59	16059435	171193584.00
2014/09/24	11.23	11.66	11.04	11.66	100910705	1152033024.00
2014/09/25	11.71	11.71	10.93	11.10	74852927	847005760.00
2014/09/26	10.99	12.12	10.99	11.32	62939811	730839168.00
2014/09/29	11.42	11.91	11.16	11.47	47700563	554081728.00
2014/09/30	11.31	11.53	11.13	11.30	29668669	337576000.00
2014/10/08	11.23	12.28	11.19	12.15	47991658	567864576.00
2014/10/09	11.98	12.10	11.56	11.69	39476701	466256448.00
2014/10/10	11.51	11.60	11.29	11.38	23786646	272777952.00
2014/10/13	11.33	11.59	11.25	11.44	19614140	225180768.00
2014/10/14	11.29	11.40	10.97	11.02	25205176	282785664.00
2014/10/15	11.06	11.18	10.74	10.88	19946467	218901696.00
2014/10/16	10.79	11.06	10.64	10.71	17271592	188367376.00
2014/10/17	10.73	10.99	10.54	10.93	17494284	189432016.00
2014/10/20	10.89	10.94	10.70	10.92	13073808	142434864.00
2014/10/21	10.89	11.11	10.84	10.94	14398519	159135440.00
2014/10/22	10.95	11.01	9.99	10.07	26430532	277248480.00
2014/10/23	10.07	10.14	9.79	9.84	14779166	147483216.00
2014/10/24	9.84	9.97	9.75	9.84	8786022	87263952.00
2014/10/27	9.85	10.18	9.79	10.15	10302089	103920624.00
2014/10/28	10.35	10.51	10.24	10.41	16685908	174309392.00
2014/10/29	10.37	10.90	10.26	10.49	19868763	211316448.00
2014/10/30	10.51	10.59	10.29	10.34	10563783	110774696.00
2014/10/31	10.32	10.40	9.98	10.05	11402456	116520096.00
2014/11/03	10.08	10.28	9.94	10.23	8918776	91257128.00
2014/11/04	10.22	10.33	9.99	10.04	8048037	81917136.00
2014/11/05	10.08	10.20	9.87	10.18	7493756	75597632.00
2014/11/06	10.12	10.27	9.99	10.20	6676842	68211696.00
2014/11/07	10.20	10.28	9.94	9.98	8587835	87487928.00
2014/11/10	10.01	10.09	9.90	9.99	7559732	75831288.00
2014/11/11	10.02	10.03	9.43	9.44	14785305	144002976.00
2014/11/12	9.40	9.78	9.39	9.69	9101691	88134664.00
2014/11/13	9.69	10.11	9.57	9.75	13432467	133506568.00
2014/11/14	9.63	9.70	9.49	9.65	5900294	56989668.00
2014/11/17	9.63	9.85	9.56	9.84	8521794	83748504.00
2014/11/18	9.82	10.26	9.77	10.19	16910762	172143408.00
2014/11/19	10.15	10.18	10.00	10.17	8554844	86919488.00
2014/11/20	10.13	10.24	9.99	10.09	8904648	90431264.00
2014/11/21	10.14	10.14	10.01	10.07	6706196	68018280.00
2014/11/24	10.13	10.16	9.90	10.02	9383383	94502464.00
2014/11/25	10.03	10.30	9.97	10.27	14380366	147085472.00
2014/11/26	10.23	10.25	9.93	10.06	10536094	107041480.00
2014/11/27	10.09	10.63	10.04	10.59	25588025	267804768.00
2014/11/28	10.53	10.56	10.24	10.35	13714448	143298624.00
2014/12/01	10.27	10.28	9.96	10.08	9508062	96704712.00
2014/12/02	10.05	10.22	9.97	10.11	8284425	84218656.00
2014/12/03	10.07	10.29	10.02	10.28	13743174	140504384.00
2014/12/04	10.26	10.34	10.18	10.28	13451572	139021840.00
2014/12/05	10.28	10.28	9.75	9.86	15756118	158063936.00
2014/12/08	9.76	9.95	9.64	9.80	11597801	114616528.00
2014/12/09	9.76	10.00	9.48	9.53	13348619	131557384.00
2014/12/10	9.44	9.80	9.28	9.77	12241032	116835912.00
2014/12/11	9.66	9.80	9.56	9.74	6510199	63704424.00
2014/12/12	9.73	10.52	9.73	10.33	20665565	212237712.00
2014/12/15	10.13	10.41	10.05	10.33	12891181	133059232.00
2014/12/16	10.33	10.42	10.12	10.14	8809187	90580288.00
2014/12/17	10.08	10.32	9.85	10.06	9702717	98542728.00
2014/12/18	9.98	10.01	9.72	9.75	10307982	101982864.00
2014/12/19	9.75	9.81	9.43	9.54	8461295	81486088.00
2014/12/22	9.44	9.48	8.59	9.34	13197834	121587504.00
2014/12/23	9.13	9.34	8.83	8.93	7168482	66167600.00
2014/12/24	9.12	9.37	9.06	9.25	4662204	43209408.00
2014/12/25	9.27	9.39	9.18	9.26	4315336	40273100.00
2014/12/26	9.25	9.26	9.07	9.17	4502163	41532352.00
2014/12/29	9.14	9.22	8.93	8.94	5159549	46994968.00
2014/12/30	8.93	9.00	8.69	8.72	4691281	41608912.00
2014/12/31	8.74	9.07	8.74	8.90	3850761	34622072.00
2015/01/05	8.87	9.08	8.77	8.99	4446856	40023392.00
2015/01/06	8.97	9.28	8.89	9.17	4990191	45636628.00
2015/01/07	9.15	9.20	9.07	9.12	3125412	28700440.00
2015/01/08	9.11	9.21	9.04	9.10	4398593	40496888.00
2015/01/09	9.05	9.08	8.95	8.96	4383973	39771916.00
2015/01/12	8.85	9.02	8.57	8.82	5708387	50451256.00
2015/01/13	8.71	8.78	8.50	8.68	9117600	79134432.00
2015/01/14	8.68	8.68	8.43	8.48	5559291	47791008.00
2015/01/15	8.46	8.60	8.43	8.56	3891435	33501886.00
2015/01/16	8.58	8.79	8.51	8.75	6591055	57372900.00
2015/01/19	8.65	9.23	8.55	8.97	13557373	122650128.00
2015/01/20	8.85	9.26	8.85	9.26	9899542	91201096.00
2015/01/21	9.23	9.41	9.18	9.39	10594184	99306112.00
2015/01/29	10.34	10.34	10.34	10.34	3121583	32495680.00
2015/01/30	11.38	11.38	10.00	10.04	38295156	413164608.00
2015/02/02	9.86	10.52	9.69	10.15	15736660	161332736.00
2015/02/03	10.05	10.22	9.91	10.02	9180879	92591136.00
2015/02/04	10.18	10.24	9.91	9.96	6763773	68430672.00
2015/02/05	10.03	10.07	9.61	9.67	8668918	85443000.00
2015/02/06	9.58	9.72	9.39	9.46	5221472	50094152.00
2015/02/09	9.46	9.62	9.42	9.60	4201553	40242376.00
2015/02/10	9.60	10.37	9.54	10.11	9363088	94652448.00
2015/02/11	10.05	10.14	9.86	10.08	4524955	45486324.00
2015/02/12	10.14	10.22	9.98	10.14	4862699	49487412.00
2015/02/13	10.22	10.26	10.11	10.15	5424143	55475104.00
2015/02/16	10.15	10.37	10.13	10.30	8529339	88387312.00
2015/02/17	10.23	10.38	10.23	10.28	4911184	50971768.00
2015/02/25	10.29	10.36	10.07	10.16	4754371	48686944.00
2015/02/26	10.16	10.28	10.10	10.27	5457395	56183064.00
2015/02/27	10.33	10.41	10.26	10.39	6411936	66797008.00
2015/03/02	10.44	10.96	10.44	10.89	15320036	165723216.00
2015/03/03	10.80	11.31	10.67	10.93	16157222	178565840.00
2015/03/04	10.86	11.19	10.85	11.12	11124577	124180192.00
2015/03/05	11.16	11.98	11.13	11.73	21057354	247543600.00
2015/03/06	11.84	12.23	11.53	11.82	23186327	278720640.00
2015/03/09	11.68	12.81	11.53	12.57	20887810	258520304.00
2015/03/10	12.57	13.20	12.35	12.46	19601320	250880544.00
2015/03/11	12.38	12.86	12.33	12.71	15401736	194907888.00
2015/03/12	12.68	13.17	12.26	12.30	16009920	204730384.00
2015/03/13	12.21	12.45	11.91	12.18	16966402	207100704.00
2015/03/16	12.30	12.61	12.19	12.53	16426599	205002448.00
2015/03/17	12.53	12.61	12.28	12.45	16582435	206920624.00
2015/03/18	12.42	13.23	12.39	13.14	24136244	313973888.00
2015/03/19	13.04	13.34	12.85	13.11	15150048	199097152.00
2015/03/20	13.02	13.59	12.94	13.45	16626854	223675472.00
2015/03/23	13.63	13.83	13.30	13.71	17020256	230653504.00
2015/03/24	13.63	13.68	12.86	13.21	20808200	276945184.00
2015/03/25	13.22	13.31	12.95	13.15	13793425	181961552.00
2015/03/26	13.08	13.63	13.02	13.33	15096107	202282400.00
2015/03/27	13.42	13.67	13.27	13.44	13420673	181200816.00
2015/03/30	13.74	13.84	13.26	13.27	20344088	274560000.00
2015/03/31	13.33	13.42	12.83	12.98	19929107	261040128.00
2015/04/01	12.98	13.13	12.90	13.07	16764595	219544896.00
2015/04/02	13.99	14.38	13.79	14.24	51747089	736838912.00
2015/04/03	13.88	14.06	13.18	13.98	34223833	473143328.00
2015/04/07	14.03	14.17	13.67	13.89	27159391	377228224.00
2015/04/08	13.90	13.91	13.16	13.23	31725593	427088064.00
2015/04/09	13.21	13.43	12.64	12.86	17426083	227411536.00
2015/04/10	12.93	13.15	12.89	13.05	13029530	170853696.00
2015/04/13	13.16	13.17	12.94	13.11	14032576	184306816.00
2015/04/14	13.11	13.11	12.85	12.99	13990676	182595744.00
2015/04/15	12.99	13.00	12.30	12.31	15241317	192495968.00
2015/04/16	12.21	12.68	11.94	12.45	9785757	121621384.00
2015/04/17	12.48	12.69	12.48	12.60	11997092	151892016.00
2015/04/20	12.51	12.89	12.35	12.65	13853195	175887856.00
2015/04/21	12.70	12.96	12.54	12.95	13795929	177562752.00
2015/04/22	13.08	13.42	13.02	13.31	18662591	248227840.00
2015/04/23	13.34	13.43	13.11	13.24	14657739	195222400.00
2015/04/24	12.94	13.16	12.81	12.98	14323843	186958688.00
2015/04/27	13.06	14.19	11.73	14.02	41128025	562316224.00
2015/04/28	13.98	14.37	13.28	13.51	32406612	450946976.00
2015/04/29	13.49	13.60	13.03	13.35	14381327	192449344.00
2015/04/30	13.35	13.71	13.08	13.19	13434716	180697248.00
2015/05/04	13.21	13.41	12.99	13.21	9924503	131689688.00
2015/05/05	13.27	13.38	12.44	12.49	14396769	185674288.00
2015/05/06	12.41	12.63	11.95	12.06	10965806	136085888.00
2015/05/07	12.03	12.28	11.91	12.02	7838933	94783832.00
2015/05/08	12.19	12.53	12.09	12.51	8372582	103161640.00
2015/05/11	12.64	12.89	12.46	12.87	12766285	163221984.00
2015/05/12	12.91	13.26	12.79	13.17	12554586	165582304.00
2015/05/13	13.16	13.32	12.96	13.31	14568207	191935440.00
2015/05/14	13.32	13.32	13.04	13.20	9403865	124497128.00
2015/05/15	13.13	13.19	12.73	12.78	10318530	133927216.00
2015/05/18	12.72	13.89	12.63	13.61	24636162	333719328.00
2015/05/19	13.74	13.86	13.44	13.76	19519793	268235184.00
2015/05/20	13.81	14.32	13.63	14.05	27838962	391810208.00
2015/05/21	14.06	15.46	14.06	15.34	34058590	515212096.00
2015/05/22	15.45	15.53	14.81	15.07	25126578	380888224.00
2015/05/25	14.99	16.03	14.93	15.84	26745367	421653792.00
2015/05/26	15.84	16.23	15.61	16.01	22474834	358781056.00
2015/05/27	16.01	16.50	15.81	15.82	21904252	351939328.00
2015/05/28	15.80	15.80	14.39	14.41	25533417	390742656.00
2015/05/29	14.33	14.78	13.45	14.43	15949194	227558240.00
2015/06/01	14.53	15.71	14.52	15.50	19626359	298556608.00
2015/06/02	15.63	17.06	15.53	17.06	29475209	493394336.00
2015/06/03	17.78	18.77	17.63	18.77	47769039	887627392.00
2015/06/04	18.83	18.83	16.93	18.08	31197328	561976960.00
2015/06/05	18.43	18.89	17.64	18.55	27971950	514995456.00
2015/06/08	18.57	18.63	17.73	17.80	19899424	360057376.00
2015/06/09	17.80	18.43	17.68	18.02	14759932	267224672.00
2015/06/10	17.85	18.70	17.71	18.32	14117961	258104640.00
2015/06/11	18.30	20.15	18.15	20.15	19680001	387715808.00
2015/06/12	20.88	21.13	19.75	19.82	25796663	522837792.00
2015/06/15	19.80	21.80	19.48	21.69	31766196	669237696.00
2015/06/16	21.00	21.30	19.52	20.24	18160186	373455392.00
2015/06/17	20.00	21.65	18.73	20.87	20222701	402232384.00
2015/06/18	20.89	22.50	20.30	21.17	21459477	466489856.00
:
