2004/08/02	2.00	2.11	1.96	2.05	20538935	187416592.00
2004/08/03	2.02	2.04	1.91	1.98	8569085	76443984.00
2004/08/04	1.96	2.23	1.95	2.23	11553022	108926936.00
2004/08/05	2.24	2.24	2.13	2.13	12853352	123780464.00
2004/08/06	2.12	2.15	2.03	2.10	7218816	67312552.00
2004/08/09	2.10	2.11	2.02	2.07	3776984	34936920.00
2004/08/10	2.07	2.11	2.02	2.08	3194653	29544990.00
2004/08/11	2.07	2.07	1.92	1.94	5186779	46308992.00
2004/08/12	1.92	1.92	1.78	1.82	4428764	37232832.00
2004/08/13	1.80	1.87	1.79	1.80	2488364	20873140.00
2004/08/16	1.80	1.82	1.70	1.75	2295640	18623816.00
2004/08/17	1.75	1.76	1.68	1.74	1738656	14001976.00
2004/08/18	1.73	1.77	1.68	1.68	2073638	16696763.00
2004/08/19	1.66	1.70	1.63	1.69	1450827	11411731.00
2004/08/20	1.69	1.73	1.64	1.69	1266508	9999544.00
2004/08/23	1.67	1.68	1.64	1.66	796198	6206606.00
2004/08/24	1.66	1.78	1.65	1.72	2140886	17218038.00
2004/08/25	1.72	1.72	1.64	1.65	1409636	11085471.00
2004/08/26	1.63	1.64	1.46	1.51	2956181	21662862.00
2004/08/27	1.72	1.72	1.51	1.59	3457071	26491204.00
2004/08/30	1.58	1.67	1.56	1.64	1857065	14314895.00
2004/08/31	1.72	1.80	1.68	1.69	4315009	34834760.00
2004/09/01	1.67	1.68	1.62	1.62	1434730	11164290.00
2004/09/02	1.61	1.69	1.61	1.69	1412322	11003212.00
2004/09/03	1.69	1.70	1.65	1.67	804726	6317167.00
2004/09/06	1.64	1.67	1.64	1.66	367500	2855468.00
2004/09/07	1.66	1.69	1.64	1.69	603756	4741292.00
2004/09/08	1.69	1.69	1.65	1.66	602675	4708598.00
2004/09/09	1.64	1.66	1.60	1.62	775592	5936698.00
2004/09/10	1.60	1.64	1.60	1.63	552899	4247007.00
2004/09/13	1.62	1.63	1.54	1.55	1014463	7580116.00
2004/09/14	1.59	1.67	1.59	1.63	1301725	9997352.00
2004/09/15	1.62	1.81	1.61	1.74	4533772	36707312.00
2004/09/16	1.74	1.85	1.73	1.80	4518305	37415216.00
2004/09/17	1.80	1.88	1.79	1.88	4923573	41516752.00
2004/09/20	1.90	1.95	1.87	1.93	4552557	39553764.00
2004/09/21	1.91	1.95	1.88	1.89	3647408	31665822.00
2004/09/22	1.88	2.02	1.87	1.97	5922343	52818752.00
2004/09/23	1.97	1.99	1.91	1.99	2755780	24286444.00
2004/09/24	2.00	2.05	1.86	1.87	4268750	38358792.00
2004/09/27	1.91	1.96	1.79	1.82	2526870	21521112.00
2004/09/28	1.87	1.88	1.81	1.87	1145863	9696086.00
2004/09/29	1.87	1.88	1.80	1.81	1039835	8762443.00
2004/09/30	1.81	1.85	1.78	1.79	1193140	9941657.00
2004/10/08	1.78	1.91	1.78	1.90	1779615	15138162.00
2004/10/11	1.91	1.99	1.88	1.91	2764256	24427894.00
2004/10/12	1.88	1.95	1.88	1.89	1194784	10412461.00
2004/10/13	1.89	1.95	1.89	1.95	1128526	9852946.00
2004/10/14	1.94	1.95	1.72	1.73	2437993	20410662.00
2004/10/15	1.73	1.78	1.66	1.69	1378619	11009418.00
2004/10/18	1.71	1.75	1.68	1.72	1029645	8252240.00
2004/10/19	1.73	1.80	1.70	1.71	840854	6837192.00
2004/10/20	1.72	1.72	1.66	1.71	595768	4710997.00
2004/10/21	1.71	1.75	1.64	1.67	762700	6033760.00
2004/10/22	1.67	1.74	1.63	1.74	1081906	8555792.00
2004/10/25	1.77	1.77	1.66	1.66	1246500	9916296.00
2004/10/26	1.66	1.74	1.65	1.74	667905	5310261.00
2004/10/27	1.75	1.78	1.72	1.78	1196385	9744167.00
2004/10/28	1.77	1.85	1.75	1.76	1781287	14849410.00
2004/10/29	1.70	1.76	1.66	1.69	1303138	10402354.00
2004/11/01	1.68	1.71	1.66	1.68	536902	4232748.00
2004/11/02	1.67	1.70	1.66	1.69	377806	2984650.00
2004/11/03	1.71	1.75	1.69	1.75	546297	4390693.00
2004/11/04	1.75	1.76	1.66	1.66	643864	5141602.00
2004/11/05	1.67	1.71	1.66	1.68	552389	4354987.00
2004/11/08	1.67	1.70	1.66	1.70	308768	2430626.00
2004/11/09	1.70	1.73	1.69	1.71	381449	3048752.00
2004/11/10	1.72	1.82	1.69	1.81	1623439	13363127.00
2004/11/11	1.81	1.85	1.77	1.77	2341668	19609976.00
2004/11/12	1.77	1.82	1.76	1.80	1218545	10098537.00
2004/11/15	1.84	1.85	1.79	1.83	764424	6411227.00
2004/11/16	1.82	1.84	1.80	1.81	581800	4852179.00
2004/11/17	1.81	1.81	1.76	1.76	654961	5373155.00
2004/11/18	1.76	1.83	1.76	1.83	742577	6201197.00
2004/11/19	1.83	1.84	1.79	1.82	483056	4036510.00
2004/11/22	1.83	1.87	1.82	1.85	989765	8367862.00
2004/11/23	1.85	1.85	1.80	1.82	624815	5237918.00
2004/11/24	1.80	1.82	1.77	1.77	685493	5683437.00
2004/11/25	1.78	1.80	1.76	1.77	430875	3539488.00
2004/11/26	1.77	1.81	1.77	1.79	303480	2510166.00
2004/11/29	1.80	1.80	1.71	1.71	695100	5633614.00
2004/11/30	1.73	1.75	1.71	1.73	350720	2819526.00
2004/12/01	1.74	1.74	1.71	1.71	380899	3056685.00
2004/12/02	1.71	1.73	1.69	1.72	421120	3353217.00
2004/12/03	1.72	1.76	1.72	1.73	354545	2866543.00
2004/12/06	1.73	1.75	1.72	1.74	267610	2154819.00
2004/12/07	1.73	1.74	1.69	1.69	353430	2822904.00
2004/12/08	1.73	1.73	1.69	1.70	289800	2309665.00
2004/12/09	1.70	1.75	1.68	1.73	378049	3040902.00
2004/12/10	1.71	1.73	1.67	1.68	390462	3092771.00
2004/12/13	1.66	1.69	1.65	1.67	324805	2547123.00
2004/12/14	1.67	1.69	1.67	1.67	176000	1387353.00
2004/12/15	1.67	1.70	1.64	1.68	330469	2582544.00
2004/12/16	1.67	1.68	1.64	1.65	276899	2162985.00
2004/12/17	1.64	1.67	1.63	1.63	239998	1856099.00
2004/12/20	1.63	1.63	1.58	1.58	314574	2379813.00
2004/12/21	1.57	1.62	1.57	1.58	183876	1388141.00
2004/12/22	1.60	1.67	1.59	1.65	445118	3425748.00
2004/12/23	1.66	1.66	1.60	1.61	134100	1033296.00
2004/12/24	1.61	1.62	1.59	1.60	184800	1407220.00
2004/12/27	1.60	1.61	1.57	1.58	194239	1469096.00
2004/12/28	1.58	1.60	1.56	1.58	129600	974100.00
2004/12/29	1.57	1.60	1.55	1.55	214370	1604694.00
2004/12/30	1.56	1.56	1.52	1.53	292802	2152623.00
2004/12/31	1.53	1.56	1.50	1.51	306036	2236115.00
2005/01/04	1.50	1.52	1.47	1.50	112492	815367.00
2005/01/05	1.52	1.55	1.49	1.53	191220	1405199.00
2005/01/06	1.53	1.53	1.49	1.49	181281	1310562.00
2005/01/07	1.50	1.53	1.49	1.51	169500	1234408.00
2005/01/10	1.51	1.53	1.50	1.53	112400	823258.00
2005/01/11	1.52	1.54	1.52	1.53	111492	819122.00
2005/01/12	1.53	1.53	1.50	1.52	143040	1039477.00
2005/01/13	1.52	1.60	1.50	1.55	649634	4862838.00
2005/01/14	1.55	1.58	1.52	1.53	371839	2764913.00
2005/01/17	1.52	1.57	1.50	1.54	747908	5523929.00
2005/01/18	1.55	1.59	1.55	1.58	506637	3799606.00
2005/01/19	1.57	1.57	1.55	1.55	302200	2252027.00
2005/01/20	1.55	1.55	1.47	1.47	640600	4622904.00
2005/01/21	1.46	1.51	1.41	1.50	758667	5402414.00
2005/01/24	1.54	1.57	1.51	1.54	576926	4248140.00
2005/01/25	1.53	1.53	1.46	1.48	420034	3016300.00
2005/01/26	1.47	1.49	1.45	1.46	209700	1492619.00
2005/01/27	1.45	1.45	1.42	1.42	276740	1939599.00
2005/01/28	1.42	1.43	1.37	1.38	416700	2865372.00
2005/01/31	1.37	1.37	1.32	1.33	561485	3730159.00
2005/02/01	1.33	1.37	1.32	1.35	250390	1675382.00
2005/02/02	1.35	1.44	1.33	1.44	692961	4799868.00
2005/02/03	1.44	1.46	1.39	1.39	504430	3516235.00
2005/02/04	1.39	1.44	1.39	1.43	383982	2665667.00
2005/02/16	1.45	1.46	1.43	1.43	313959	2206936.00
2005/02/17	1.43	1.43	1.40	1.42	220899	1525530.00
2005/02/18	1.41	1.43	1.39	1.39	204900	1413927.00
2005/02/21	1.38	1.43	1.38	1.43	207750	1434559.00
2005/02/22	1.43	1.51	1.40	1.50	853263	6078895.00
2005/02/23	1.50	1.54	1.48	1.51	815578	5941931.00
2005/02/24	1.52	1.61	1.51	1.55	1174056	8753873.00
2005/02/25	1.55	1.59	1.53	1.54	816212	6065172.00
2005/02/28	1.54	1.54	1.50	1.52	572632	4180204.00
2005/03/01	1.52	1.54	1.50	1.52	390169	2846120.00
2005/03/02	1.53	1.56	1.51	1.53	1041629	7658516.00
2005/03/03	1.53	1.54	1.50	1.53	449289	3286093.00
2005/03/04	1.53	1.57	1.53	1.56	971107	7233572.00
2005/03/07	1.58	1.63	1.55	1.55	1099742	8285188.00
2005/03/08	1.56	1.62	1.55	1.62	1266952	9635686.00
2005/03/09	1.63	1.65	1.60	1.63	1406906	10828936.00
2005/03/10	1.57	1.60	1.50	1.51	2068478	15240196.00
2005/03/11	1.51	1.53	1.49	1.52	939593	6809313.00
2005/03/14	1.50	1.50	1.43	1.44	1317918	9320115.00
2005/03/15	1.44	1.47	1.44	1.46	690830	4879459.00
2005/03/16	1.45	1.45	1.40	1.42	793823	5516853.00
2005/03/17	1.42	1.44	1.40	1.41	378441	2623920.00
2005/03/18	1.40	1.42	1.35	1.37	452040	3075925.00
2005/03/21	1.36	1.38	1.35	1.37	240267	1624985.00
2005/03/22	1.37	1.37	1.29	1.30	555500	3658287.00
2005/03/23	1.30	1.33	1.29	1.30	335267	2193323.00
2005/03/24	1.30	1.33	1.30	1.33	341126	2245970.00
2005/03/25	1.32	1.34	1.29	1.30	313900	2058461.00
2005/03/28	1.28	1.28	1.24	1.25	521381	3320194.00
2005/03/29	1.25	1.28	1.24	1.26	217463	1393198.00
2005/03/30	1.25	1.25	1.19	1.19	498099	3092128.00
2005/03/31	1.19	1.21	1.19	1.21	239351	1479109.00
2005/04/01	1.20	1.28	1.17	1.27	674287	4232379.00
2005/04/04	1.24	1.24	1.20	1.21	416315	2597174.00
2005/04/05	1.20	1.21	1.17	1.18	300867	1845497.00
2005/04/06	1.17	1.22	1.15	1.20	409487	2503146.00
2005/04/07	1.19	1.26	1.19	1.22	661913	4181479.00
2005/04/08	1.21	1.30	1.21	1.29	990579	6365576.00
2005/04/11	1.29	1.33	1.26	1.30	799145	5207604.00
2005/04/12	1.29	1.29	1.24	1.24	517095	3298852.00
2005/04/13	1.25	1.33	1.25	1.31	762518	4959494.00
2005/04/14	1.32	1.34	1.30	1.31	987669	6508785.00
2005/04/15	1.30	1.30	1.23	1.24	618534	3940267.00
2005/04/18	1.22	1.23	1.17	1.18	515189	3165025.00
2005/04/19	1.18	1.20	1.17	1.19	272650	1672923.00
2005/04/20	1.19	1.20	1.16	1.19	328767	2003050.00
2005/04/21	1.19	1.22	1.18	1.20	334318	2058620.00
2005/04/22	1.20	1.22	1.04	1.09	868462	5207701.00
2005/04/25	1.07	1.07	1.01	1.05	615240	3435199.00
2005/04/26	1.05	1.10	1.03	1.08	360600	2038528.00
2005/04/27	1.08	1.10	1.01	1.01	495500	2779776.00
2005/04/28	1.01	1.07	0.96	1.05	588599	3262410.00
2005/04/29	1.04	1.07	1.03	1.05	413227	2331376.00
2005/05/09	1.05	1.07	0.99	0.99	197610	1095382.00
2005/05/10	1.00	1.00	0.91	0.95	417199	2205980.00
2005/05/11	0.95	0.98	0.93	0.93	204095	1075860.00
2005/05/12	0.93	0.96	0.92	0.95	188050	986297.00
2005/05/13	0.94	0.97	0.93	0.97	278794	1477229.00
2005/05/16	0.97	0.98	0.93	0.95	186894	992169.00
2005/05/17	0.97	1.00	0.97	0.98	239900	1293737.00
2005/05/18	0.98	1.00	0.96	0.99	255200	1370833.00
2005/05/19	0.99	1.01	0.96	1.00	356495	1931586.00
2005/05/20	1.00	1.01	0.97	0.98	230400	1254763.00
2005/05/23	0.97	0.97	0.93	0.94	189420	995939.00
2005/05/24	0.94	0.98	0.93	0.98	201625	1069971.00
2005/05/25	0.98	1.02	0.97	0.98	331800	1807202.00
2005/05/26	0.98	1.00	0.96	0.98	166300	897906.00
2005/05/27	1.04	1.06	0.99	1.02	1454799	8092566.00
2005/05/30	1.02	1.06	1.02	1.04	789279	4424749.00
2005/05/31	1.04	1.04	1.01	1.01	451350	2497111.00
2005/06/01	1.00	1.01	0.94	0.94	652580	3477585.00
2005/06/02	0.94	0.96	0.93	0.93	390700	2047944.00
2005/06/06	0.93	0.96	0.93	0.96	270203	1423713.00
2005/06/07	0.97	1.00	0.95	0.99	746400	4035101.00
2005/06/08	0.99	1.14	0.99	1.10	1749804	9957998.00
2005/06/09	1.10	1.14	1.07	1.10	1562031	9134921.00
2005/06/10	1.10	1.10	1.05	1.06	828900	4738623.00
2005/06/13	1.06	1.08	1.04	1.06	436077	2478795.00
2005/06/14	1.07	1.08	1.02	1.02	530084	2986071.00
2005/06/15	1.02	1.02	0.97	0.98	457914	2501942.00
2005/06/16	0.98	1.01	0.97	1.00	373796	2029901.00
2005/06/17	1.01	1.06	1.01	1.06	1497648	8437106.00
2005/07/04	1.06	1.15	1.06	1.12	3982414	23412572.00
2005/07/05	1.11	1.12	1.09	1.10	1030976	6016525.00
2005/07/06	1.10	1.15	1.10	1.15	1908600	11305556.00
2005/07/07	1.17	1.19	1.11	1.13	2354207	14045481.00
2005/07/08	1.13	1.14	1.09	1.10	1098299	6436500.00
2005/07/11	1.12	1.15	1.11	1.11	930000	5495864.00
2005/07/12	1.12	1.23	1.08	1.18	1605595	9308105.00
2005/07/13	1.17	1.17	1.15	1.16	840757	4896459.00
2005/07/14	1.18	1.18	1.15	1.17	652814	3808190.00
2005/07/15	1.18	1.18	1.12	1.13	886554	5137177.00
2005/07/18	1.12	1.15	1.11	1.15	787799	4507124.00
2005/07/19	1.14	1.17	1.13	1.17	629200	3648233.00
2005/07/20	1.17	1.22	1.16	1.21	2020366	12060569.00
2005/07/21	1.24	1.24	1.17	1.17	1737655	10380505.00
2005/08/11	1.48	1.55	1.46	1.55	12901482	67854024.00
2005/08/12	1.54	1.54	1.47	1.51	6342659	33160096.00
2005/08/15	1.50	1.53	1.49	1.52	3007536	15756171.00
2005/08/16	1.52	1.53	1.45	1.46	3144552	16251150.00
2005/08/17	1.45	1.45	1.40	1.43	3867754	19310444.00
2005/08/18	1.43	1.53	1.42	1.43	5574555	28592764.00
2005/08/19	1.42	1.47	1.40	1.45	2627795	13238075.00
2005/08/22	1.46	1.48	1.43	1.45	1260538	6405538.00
2005/08/23	1.46	1.51	1.44	1.51	3705494	19168284.00
2005/08/24	1.54	1.56	1.48	1.51	4855330	25496020.00
2005/08/25	1.51	1.51	1.46	1.50	2295304	11829420.00
2005/08/26	1.51	1.52	1.48	1.49	1252698	6515953.00
2005/08/29	1.48	1.49	1.42	1.42	1866480	9453007.00
2005/08/30	1.42	1.51	1.42	1.45	2238638	11538843.00
2005/08/31	1.45	1.46	1.42	1.46	1386662	7007642.00
2005/09/01	1.46	1.49	1.44	1.47	2069776	10621687.00
2005/09/02	1.48	1.50	1.47	1.49	2118354	10973391.00
2005/09/05	1.49	1.50	1.48	1.49	1860613	9639006.00
2005/09/06	1.49	1.53	1.46	1.47	3257990	17059036.00
2005/09/07	1.47	1.50	1.45	1.50	1629365	8378799.00
2005/09/08	1.49	1.53	1.47	1.52	2966681	15529137.00
2005/09/09	1.52	1.53	1.46	1.48	1339995	6963217.00
2005/09/12	1.48	1.49	1.46	1.46	972958	4993776.00
2005/09/13	1.46	1.52	1.46	1.51	1717399	8936178.00
2005/09/14	1.51	1.53	1.49	1.52	2775658	14629269.00
2005/09/15	1.53	1.55	1.51	1.55	3358344	17799090.00
2005/09/16	1.56	1.57	1.53	1.53	2391288	12709908.00
2005/09/19	1.53	1.59	1.53	1.58	3113217	16835096.00
2005/09/20	1.58	1.70	1.58	1.63	8368208	46717184.00
2005/09/21	1.64	1.70	1.61	1.67	6086267	34311088.00
2005/09/22	1.66	1.67	1.51	1.57	3777894	20576536.00
2005/09/23	1.55	1.57	1.51	1.51	1942611	10318815.00
2005/09/26	1.51	1.58	1.51	1.57	1758959	9436873.00
2005/09/27	1.57	1.59	1.47	1.48	2389568	12647154.00
2005/09/28	1.46	1.51	1.46	1.48	1169911	6047731.00
2005/09/29	1.48	1.54	1.48	1.51	1700078	8921559.00
2005/09/30	1.51	1.56	1.46	1.53	1460467	7723910.00
2005/10/10	1.52	1.59	1.52	1.57	2399330	12942206.00
2005/10/11	1.56	1.61	1.56	1.61	1802485	9818117.00
2005/10/12	1.61	1.67	1.58	1.63	2660673	14763758.00
2005/10/13	1.63	1.66	1.58	1.59	1989564	10972821.00
2005/10/14	1.58	1.64	1.57	1.61	1746001	9580453.00
2005/10/17	1.63	1.69	1.60	1.69	3978483	22448548.00
2005/10/18	1.68	1.71	1.67	1.68	2752560	15678003.00
2005/10/19	1.68	1.70	1.61	1.63	2979813	16820760.00
2005/10/20	1.63	1.66	1.58	1.62	1681976	9283481.00
2005/10/21	1.62	1.65	1.59	1.64	1298168	7233565.00
2005/10/24	1.64	1.64	1.56	1.57	2285117	12398152.00
2005/10/25	1.56	1.57	1.53	1.53	1516713	8083058.00
2005/10/26	1.53	1.55	1.48	1.49	1568372	8237140.00
2005/10/27	1.48	1.51	1.47	1.49	1311472	6814874.00
2005/10/28	1.49	1.50	1.39	1.44	2074139	10425445.00
2005/10/31	1.42	1.45	1.40	1.44	944467	4734243.00
2005/11/01	1.44	1.44	1.34	1.36	1530102	7448172.00
2005/11/02	1.36	1.49	1.36	1.46	1910820	9638381.00
2005/11/03	1.45	1.48	1.42	1.47	1104120	5632281.00
2005/11/04	1.45	1.53	1.45	1.52	2308240	12058562.00
2005/11/07	1.52	1.62	1.52	1.61	3335165	17999000.00
2005/11/08	1.61	1.63	1.59	1.61	2327573	12793510.00
2005/11/09	1.70	1.75	1.63	1.64	10956670	62085968.00
2005/11/10	1.61	1.63	1.52	1.53	4013292	21613164.00
2005/11/11	1.51	1.63	1.51	1.58	3011399	16337238.00
2005/11/14	1.57	1.59	1.54	1.56	790099	4250103.00
2005/11/15	1.59	1.60	1.53	1.54	876145	4727953.00
2005/11/16	1.53	1.53	1.42	1.49	2027104	10426357.00
2005/11/17	1.49	1.54	1.46	1.53	1160631	6070232.00
2005/11/18	1.53	1.65	1.53	1.63	3685627	20323040.00
2005/11/21	1.63	1.65	1.61	1.64	1134155	6301628.00
2005/11/22	1.65	1.65	1.57	1.61	1761586	9699700.00
2005/11/23	1.61	1.68	1.58	1.67	2747530	15463487.00
2005/11/24	1.68	1.70	1.65	1.67	6493592	36938548.00
2005/11/25	1.66	1.66	1.61	1.65	1961788	10936038.00
2005/11/28	1.65	1.68	1.62	1.67	1149650	6452405.00
2005/11/29	1.67	1.69	1.65	1.67	1340329	7575553.00
2005/11/30	1.65	1.68	1.63	1.68	1568287	8845715.00
2005/12/01	1.68	1.69	1.65	1.68	1699870	9650704.00
2005/12/02	1.68	1.68	1.61	1.63	1459692	8127652.00
2005/12/05	1.61	1.61	1.55	1.56	1129262	6125915.00
2005/12/06	1.57	1.61	1.56	1.60	861655	4696898.00
2005/12/07	1.58	1.66	1.58	1.65	1180672	6558214.00
2005/12/08	1.64	1.67	1.64	1.66	903435	5074866.00
2005/12/09	1.65	1.73	1.63	1.72	3576230	20508800.00
2005/12/12	1.70	1.80	1.70	1.72	4481043	26261054.00
2005/12/13	1.73	1.76	1.70	1.73	1387785	8054275.00
2005/12/14	1.77	1.78	1.73	1.74	2486257	14580587.00
2005/12/15	1.74	1.76	1.71	1.73	1651961	9622138.00
2005/12/16	1.73	1.78	1.73	1.76	2575994	15159277.00
2005/12/19	1.76	1.76	1.71	1.74	1233300	7189765.00
2005/12/20	1.73	1.75	1.70	1.75	1573800	9138117.00
2005/12/21	1.75	1.75	1.71	1.74	2357545	13687204.00
2005/12/22	1.72	1.80	1.71	1.80	3395288	20131804.00
2005/12/23	1.81	1.84	1.78	1.83	3733407	22638376.00
2005/12/26	1.83	1.87	1.82	1.86	3281340	20112348.00
2005/12/27	1.86	1.86	1.84	1.85	1329204	8142159.00
2005/12/28	1.85	1.87	1.84	1.86	1684112	10387581.00
2005/12/29	1.86	1.92	1.84	1.91	2538746	15861997.00
2005/12/30	1.91	2.06	1.90	1.95	7597547	49396888.00
2006/01/04	1.98	2.03	1.92	1.98	2721065	17621416.00
2006/01/05	1.98	2.02	1.94	2.02	2398668	15593548.00
2006/01/06	2.05	2.15	2.02	2.08	4596714	30892764.00
2006/01/09	2.12	2.25	2.09	2.21	6827920	47933572.00
2006/01/10	2.20	2.21	2.14	2.19	2779659	19491234.00
2006/01/11	2.19	2.19	2.08	2.11	2650714	18118154.00
2006/01/12	2.11	2.17	2.09	2.16	1770817	12245625.00
2006/01/13	2.15	2.18	2.10	2.15	1564744	10760715.00
2006/01/16	2.13	2.18	2.08	2.15	1334693	9151210.00
2006/01/17	2.13	2.25	2.12	2.22	1836384	12983605.00
2006/01/18	2.23	2.27	2.18	2.26	1565705	11175198.00
2006/01/19	2.25	2.30	2.18	2.26	1590671	11427783.00
2006/01/20	2.25	2.25	2.11	2.14	2233137	15566188.00
2006/01/23	2.11	2.16	2.08	2.10	1829232	12463556.00
2006/01/24	2.10	2.20	2.08	2.18	1730983	12053816.00
2006/01/25	2.15	2.18	2.11	2.16	928048	6448435.00
2006/02/06	2.16	2.17	2.11	2.15	1508888	10394048.00
2006/02/07	2.15	2.17	1.99	2.02	5633381	37396172.00
2006/02/08	2.01	2.05	1.97	2.00	1895258	12398047.00
2006/02/09	2.00	2.03	1.98	2.02	1047970	6856011.00
2006/02/10	2.01	2.01	1.97	1.97	1832666	11883705.00
2006/02/13	1.98	2.03	1.94	2.03	992598	6422394.00
2006/02/14	2.02	2.08	2.01	2.03	1376021	9160208.00
2006/02/15	2.03	2.08	2.02	2.08	1596653	10635912.00
2006/02/16	2.08	2.08	1.97	2.02	1399822	9169758.00
2006/02/17	2.02	2.02	1.96	1.97	379413	2462049.00
2006/02/20	1.91	1.95	1.90	1.93	724142	4578665.00
2006/02/21	1.91	1.98	1.88	1.98	658757	4195041.00
2006/02/22	1.97	2.03	1.96	1.97	1139958	7401155.00
2006/02/23	1.97	1.99	1.91	1.95	1049541	6700603.00
2006/02/24	1.97	2.08	1.96	2.06	2545265	16950256.00
2006/02/27	2.09	2.19	2.08	2.18	6165243	42751836.00
2006/02/28	2.17	2.21	2.12	2.18	3005671	20930188.00
2006/03/01	2.21	2.22	2.13	2.18	4448238	31026382.00
2006/03/02	2.16	2.16	2.01	2.02	3829679	25832472.00
2006/03/03	2.01	2.04	1.94	2.00	2379094	15477869.00
2006/03/06	2.00	2.02	1.96	1.97	1083304	7031384.00
2006/03/07	1.97	2.00	1.91	1.93	1483376	9554942.00
2006/03/08	1.91	1.95	1.90	1.93	773793	4896346.00
2006/03/09	1.91	1.97	1.91	1.92	760616	4850288.00
2006/03/10	1.93	1.96	1.92	1.96	578998	3698240.00
2006/03/13	1.95	1.99	1.95	1.97	1161073	7485289.00
2006/03/14	1.97	1.98	1.92	1.95	871450	5567175.00
2006/03/15	1.95	2.02	1.95	2.00	3048753	19786560.00
2006/03/16	2.00	2.10	2.00	2.03	4007457	26770360.00
2006/03/17	2.05	2.11	2.03	2.09	2751772	18421644.00
2006/03/20	2.09	2.12	2.07	2.10	2777095	18871492.00
2006/03/21	2.10	2.12	2.08	2.10	1669752	11351141.00
2006/03/22	2.10	2.10	2.02	2.06	3730646	24826648.00
2006/03/23	2.06	2.17	2.04	2.16	3931387	26977984.00
2006/03/24	2.17	2.17	2.11	2.11	2427493	16745944.00
2006/03/27	2.11	2.19	2.08	2.18	2461337	16924512.00
2006/03/28	2.18	2.21	2.16	2.17	2332864	16348603.00
2006/03/29	2.17	2.27	2.17	2.19	3267484	23282268.00
2006/03/30	2.18	2.21	2.12	2.17	2808613	19565628.00
2006/03/31	2.17	2.31	2.14	2.29	6923080	50062656.00
2006/04/03	2.29	2.41	2.29	2.37	5838385	43725644.00
2006/04/04	2.37	2.44	2.33	2.41	3635979	27414076.00
2006/04/05	2.41	2.43	2.35	2.40	3985863	29926664.00
2006/04/06	2.39	2.46	2.38	2.45	5307647	40591248.00
2006/04/10	2.46	2.49	2.41	2.46	3737046	28804394.00
2006/04/11	2.44	2.47	2.35	2.37	3814474	28816816.00
2006/04/12	2.36	2.40	2.33	2.36	3324916	24950276.00
2006/04/13	2.36	2.38	2.26	2.30	4746180	35180308.00
2006/04/14	2.28	2.36	2.27	2.34	1713782	12632773.00
2006/04/17	2.34	2.37	2.24	2.26	4005675	29289316.00
2006/04/18	2.26	2.36	2.21	2.33	3747393	27294184.00
2006/04/19	2.33	2.35	2.24	2.31	2312564	16849216.00
2006/04/20	2.32	2.32	2.22	2.29	2659115	19152948.00
2006/04/21	2.29	2.44	2.27	2.40	6827742	51584212.00
2006/04/24	2.40	2.40	2.14	2.22	5769304	41553800.00
2006/04/25	2.22	2.25	2.08	2.14	4618022	31992276.00
2006/04/26	2.14	2.25	2.13	2.18	4244270	29927996.00
2006/04/27	2.23	2.40	2.22	2.28	7260500	53377544.00
2006/04/28	2.25	2.39	2.23	2.35	4963846	36726796.00
2006/05/08	2.36	2.45	2.31	2.43	5109396	38635128.00
2006/05/09	2.46	2.72	2.46	2.65	6307358	51449856.00
2006/05/10	2.64	2.66	2.55	2.63	4722329	38339264.00
2006/05/11	2.59	2.70	2.49	2.50	5898137	47718628.00
2006/05/12	2.48	2.58	2.37	2.57	5613248	43681424.00
2006/05/15	2.59	2.81	2.49	2.75	10114997	83209936.00
2006/05/16	2.74	2.75	2.51	2.62	5980320	48957948.00
2006/05/17	2.65	2.91	2.64	2.88	11618414	99984800.00
2006/05/18	2.86	2.90	2.75	2.85	4429473	38533516.00
2006/05/19	2.91	2.92	2.80	2.88	5455465	48185720.00
2006/05/22	2.85	3.02	2.81	2.96	4936081	34037336.00
2006/05/23	2.98	3.21	2.92	2.97	11756029	83854144.00
2006/05/24	2.99	3.12	2.63	2.70	7538762	50523240.00
2006/05/25	2.70	2.76	2.61	2.69	2800389	17795910.00
2006/05/26	2.69	2.84	2.69	2.81	3767639	24617528.00
2006/05/30	2.93	3.00	2.85	2.96	6678802	45784724.00
2006/05/31	2.99	3.09	2.91	2.98	6489300	45600188.00
2006/06/01	2.97	3.20	2.93	3.13	7563741	54701032.00
2006/06/02	3.13	3.31	3.09	3.18	7704800	57089508.00
2006/06/05	3.18	3.25	3.10	3.18	3888338	28519130.00
2006/06/06	3.18	3.28	3.15	3.17	3376748	25067492.00
2006/06/07	3.14	3.14	2.81	2.81	4788986	32971124.00
2006/06/08	2.72	2.79	2.53	2.70	3905970	24678692.00
2006/06/09	2.70	2.70	2.54	2.56	3758331	23333754.00
2006/06/12	2.55	2.64	2.51	2.64	2275348	14016887.00
2006/06/13	2.65	2.73	2.62	2.69	3843519	24545440.00
2006/06/14	2.68	2.69	2.61	2.66	1248616	7874721.00
2006/06/15	2.66	2.70	2.62	2.63	1263457	7982758.00
2006/06/16	2.67	2.75	2.67	2.74	1953357	12571624.00
2006/06/19	2.70	2.77	2.67	2.75	2361183	15268774.00
2006/06/20	2.77	2.81	2.71	2.76	2145067	13975799.00
2006/06/21	2.77	2.79	2.69	2.73	2100254	13568371.00
2006/06/22	2.70	2.76	2.70	2.74	2126161	13770990.00
2006/06/23	2.78	2.87	2.72	2.84	5158665	34017396.00
2006/06/26	2.90	2.92	2.84	2.85	3323891	22382428.00
2006/06/27	2.86	2.88	2.80	2.84	1613310	10754616.00
2006/06/28	2.85	2.86	2.78	2.82	2399057	15918610.00
2006/06/29	2.81	2.92	2.80	2.91	4645022	31458664.00
2006/06/30	2.94	3.03	2.90	2.94	5899954	40968092.00
2006/07/03	2.92	3.01	2.90	2.97	3727593	25907372.00
2006/07/04	2.97	2.99	2.84	2.86	3578559	24345966.00
2006/07/05	2.86	2.86	2.71	2.76	2628444	17269728.00
2006/07/06	2.78	2.93	2.78	2.90	3042961	20603778.00
2006/07/07	2.91	3.02	2.90	2.96	5103347	35486280.00
2006/07/10	2.99	3.02	2.96	2.98	2660943	18556160.00
2006/07/11	3.00	3.00	2.93	2.98	1935271	13411166.00
2006/07/12	2.99	3.18	2.98	3.10	7265430	52284852.00
2006/07/13	3.07	3.17	2.76	2.79	5767861	40097600.00
2006/07/14	2.75	2.90	2.71	2.85	3083707	20502428.00
2006/07/17	2.84	2.90	2.78	2.88	1502236	10064391.00
2006/07/18	2.89	2.89	2.82	2.85	1430532	9576611.00
2006/07/19	2.86	2.93	2.79	2.85	3000256	20175756.00
2006/07/20	2.86	3.02	2.86	2.97	4002953	27767660.00
2006/07/21	2.94	3.09	2.94	3.05	4152901	29522356.00
2006/07/24	2.99	3.05	2.90	3.05	2412622	16949890.00
2006/07/25	3.05	3.24	3.05	3.15	7579528	55701812.00
2006/07/26	3.16	3.24	3.12	3.17	5012267	36995616.00
2006/07/27	3.20	3.44	3.17	3.29	11156699	85461072.00
2006/07/28	3.29	3.41	3.20	3.39	8540192	65732816.00
2006/07/31	3.39	3.42	3.06	3.08	6603413	49138372.00
2006/08/01	3.05	3.21	3.05	3.12	3428903	24990960.00
2006/08/02	3.08	3.14	2.92	3.04	3380134	23848010.00
2006/08/03	3.07	3.10	2.98	3.03	1740725	12317308.00
2006/08/04	3.02	3.08	2.85	2.90	2645214	18510298.00
2006/08/07	2.85	2.85	2.61	2.69	3286302	21183288.00
2006/08/08	2.69	2.79	2.69	2.78	1607519	10403204.00
2006/08/09	2.79	2.81	2.70	2.71	1225505	7922843.00
2006/08/10	2.71	2.85	2.71	2.82	2093768	13896547.00
2006/08/11	2.84	2.90	2.79	2.88	2275282	15253651.00
2006/08/14	2.89	2.93	2.75	2.76	1840903	12243727.00
2006/08/15	2.76	2.82	2.70	2.81	1010310	6610498.00
2006/08/16	2.82	2.89	2.76	2.86	3618552	24059428.00
2006/08/17	2.84	2.84	2.76	2.81	1140536	7512007.00
2006/08/18	2.79	2.87	2.79	2.82	1516764	10123891.00
2006/08/21	2.70	2.85	2.66	2.85	1658470	10865607.00
2006/08/22	2.85	2.87	2.82	2.86	1903077	12761990.00
2006/08/23	2.84	2.87	2.82	2.83	1617854	10830603.00
2006/08/24	2.80	2.84	2.77	2.82	1136879	7501099.00
2006/08/25	2.84	2.97	2.82	2.93	4246207	29013820.00
2006/08/28	2.93	3.06	2.91	3.02	2777730	19473728.00
2006/08/29	3.02	3.08	2.94	2.95	2975945	20942308.00
2006/08/30	2.95	3.05	2.95	3.02	1667221	11690441.00
2006/08/31	3.03	3.06	2.98	3.00	1403797	9840423.00
2006/09/01	3.00	3.00	2.85	2.89	2627647	17885632.00
2006/09/05	2.97	3.01	2.90	2.95	3222406	22220092.00
2006/09/06	2.96	3.09	2.91	3.08	4847611	34245648.00
2006/09/07	3.09	3.11	2.98	3.02	4011607	28363736.00
2006/09/08	3.02	3.16	3.00	3.13	5873681	42548400.00
2006/09/11	3.12	3.17	3.05	3.15	2899131	21045544.00
2006/09/12	3.14	3.16	3.07	3.10	2219838	16069505.00
2006/09/13	3.10	3.13	3.00	3.01	2730982	19512960.00
2006/09/14	3.00	3.04	2.95	2.99	1382877	9636304.00
2006/09/15	2.98	3.03	2.98	3.03	1619987	11379534.00
2006/09/18	3.04	3.07	3.02	3.07	1294735	9205718.00
2006/09/19	3.07	3.10	3.04	3.06	1819794	13031149.00
2006/09/20	3.04	3.05	2.98	3.01	2086242	14647091.00
2006/09/21	3.00	3.04	2.96	3.03	1791808	12580658.00
2006/09/22	3.03	3.03	2.96	2.99	1620955	11297661.00
2006/09/25	2.96	3.02	2.93	2.94	1965636	13626065.00
2006/09/26	2.93	2.95	2.86	2.87	1553457	10561153.00
2006/09/27	2.87	2.94	2.87	2.94	963444	6568430.00
2006/09/28	2.93	3.02	2.90	3.00	1568574	10937278.00
2006/09/29	3.00	3.04	3.00	3.01	1965136	13850823.00
2006/10/09	3.02	3.21	3.02	3.21	6307377	46278644.00
2006/10/10	3.26	3.40	3.17	3.28	6865542	51964388.00
2006/10/11	3.27	3.29	3.18	3.22	2803176	20921824.00
2006/10/12	3.24	3.59	3.24	3.58	22583265	181943680.00
2006/10/13	3.56	3.99	3.54	3.99	15854003	135249264.00
2006/10/16	3.99	4.23	3.92	3.96	9572159	87849336.00
2006/10/17	3.95	4.37	3.83	4.08	8082800	74991008.00
2006/10/18	4.03	4.18	3.98	4.14	4531151	41700012.00
2006/10/19	4.14	4.52	4.14	4.36	6008351	58453632.00
2006/10/20	4.33	4.47	4.18	4.20	4175851	40364640.00
2006/10/23	4.13	4.38	3.96	4.11	7882114	73756208.00
2006/10/24	4.11	4.28	4.06	4.25	5826712	54616016.00
2006/10/25	4.28	4.36	4.09	4.19	4353878	41534528.00
2006/10/26	4.18	4.18	4.01	4.11	3156627	28997484.00
2006/10/27	4.11	4.46	4.07	4.29	5810152	56095956.00
2006/10/30	4.26	4.47	4.13	4.26	3355892	32412746.00
2006/10/31	4.25	4.42	4.10	4.38	3450443	33084414.00
2006/11/01	4.33	4.77	4.33	4.68	6943415	71639264.00
2006/11/02	4.63	4.71	4.48	4.68	4332726	44137936.00
2006/11/03	4.62	4.77	4.55	4.65	2941994	30229588.00
2006/11/06	4.57	4.61	4.43	4.52	2664222	26880480.00
2006/11/07	4.49	4.55	4.20	4.33	6270978	60342080.00
2006/11/08	4.25	4.40	4.12	4.27	2650940	25269424.00
2006/11/09	4.27	4.37	4.19	4.31	2252590	21707584.00
2006/11/10	4.31	4.35	3.99	4.06	3817611	35659048.00
2006/11/13	4.05	4.21	4.01	4.12	3176684	29503664.00
2006/11/14	4.13	4.28	4.06	4.24	3713554	35001160.00
2006/11/15	4.21	4.28	4.08	4.22	3633845	34213840.00
2006/11/16	4.22	4.30	4.12	4.13	3942046	37208904.00
2006/11/17	4.12	4.15	3.88	3.99	7068459	63509904.00
2006/11/20	3.97	3.97	3.82	3.87	4302344	37754948.00
2006/11/21	3.83	3.99	3.76	3.99	2647463	23468576.00
2006/11/22	3.98	4.32	3.94	4.23	4543879	42875656.00
2006/11/23	4.23	4.25	4.15	4.22	3298076	31154696.00
2006/11/24	4.23	4.41	4.18	4.39	3752084	36508956.00
2006/11/27	4.39	4.57	4.36	4.44	3146463	31704400.00
2006/11/28	4.44	4.58	4.39	4.57	2817647	28194194.00
2006/11/29	4.50	4.92	4.48	4.79	3638672	38154564.00
2006/11/30	4.81	5.04	4.78	4.85	3485417	37901720.00
2006/12/01	4.85	4.95	4.76	4.93	2538680	27254632.00
2006/12/04	4.93	5.08	4.85	4.97	2532904	27685534.00
2006/12/05	4.96	5.12	4.85	4.88	3541685	38980548.00
2006/12/06	4.89	4.90	4.48	4.72	4223908	44069264.00
2006/12/07	4.71	4.72	4.53	4.54	3106948	32061608.00
2006/12/08	4.48	4.52	4.26	4.32	2549105	25046988.00
2006/12/11	4.35	4.48	4.34	4.47	1841887	18268308.00
2006/12/12	4.53	4.56	4.39	4.55	2361171	23562808.00
2006/12/13	4.55	4.90	4.51	4.81	2787021	29458524.00
2006/12/14	4.83	4.96	4.72	4.90	2608309	28048380.00
2006/12/15	4.91	5.09	4.77	5.07	3841116	41755468.00
2006/12/18	5.10	5.37	5.10	5.24	4763191	54920260.00
2006/12/19	5.27	5.35	5.02	5.33	4742751	54075568.00
2006/12/20	5.31	5.39	5.15	5.27	3862163	44899412.00
2006/12/21	5.25	5.25	5.04	5.06	3639199	41304608.00
2006/12/22	5.01	5.33	4.92	5.22	3548766	40655728.00
2006/12/25	5.45	5.79	5.44	5.79	3182702	39749656.00
2006/12/26	6.07	6.20	5.75	5.79	7745960	99997536.00
2006/12/27	5.72	5.86	5.67	5.85	2817968	35471824.00
2006/12/28	5.86	5.91	5.51	5.68	4233220	52756536.00
2006/12/29	5.66	5.88	5.62	5.82	4051572	51184680.00
2007/01/04	5.97	6.18	5.74	5.82	4753507	62195212.00
2007/01/05	5.74	6.25	5.72	6.20	3558666	47063536.00
2007/01/08	6.21	6.45	6.15	6.37	3187321	43619660.00
2007/01/09	6.35	6.43	6.28	6.41	3115361	43081424.00
2007/01/10	6.54	6.89	6.54	6.74	4583774	66669384.00
2007/01/11	6.73	6.88	6.55	6.62	3725322	54086764.00
2007/01/12	6.54	6.70	6.13	6.19	3177002	44162032.00
2007/01/15	6.20	6.85	6.20	6.85	3634467	52076276.00
2007/01/16	7.00	7.22	6.80	7.19	4265975	64660280.00
2007/01/17	7.20	7.96	7.01	7.32	6396723	103325440.00
2007/01/18	7.37	7.65	7.13	7.36	5037161	80177216.00
2007/01/19	7.49	7.83	7.38	7.73	3201476	52448548.00
2007/01/22	7.93	8.23	7.92	8.05	3550737	61171492.00
2007/01/23	8.04	8.04	7.58	7.86	4559918	75927880.00
2007/01/24	7.83	8.45	7.64	8.43	5299010	92355376.00
2007/01/25	8.28	8.42	7.83	8.02	4530678	79439712.00
2007/01/26	8.06	8.23	7.54	8.12	4304980	73078248.00
2007/01/29	8.23	8.37	7.93	8.14	3428443	59588624.00
2007/01/30	8.13	8.23	7.83	7.89	4032949	68583592.00
2007/01/31	7.88	8.06	7.34	7.36	3605038	59726512.00
2007/02/01	7.30	7.56	7.19	7.44	3335782	53167872.00
2007/02/02	7.49	7.51	7.01	7.03	3699839	57415664.00
2007/02/05	6.89	7.35	6.88	7.20	3732851	57057900.00
2007/02/06	7.22	7.43	7.10	7.38	2160148	33847904.00
2007/02/07	7.47	8.04	7.44	7.89	3907061	65713672.00
2007/02/08	7.92	8.16	7.85	8.01	2290035	39313280.00
2007/02/09	7.93	8.16	7.90	8.15	2230780	38399424.00
2007/02/12	8.19	8.44	8.11	8.38	2125645	37591596.00
2007/02/13	8.43	8.50	8.23	8.33	1544868	27619434.00
2007/02/14	8.38	8.43	8.23	8.42	2024759	36049840.00
2007/02/15	8.45	8.80	8.45	8.69	1825563	33769576.00
2007/02/16	8.63	8.86	8.55	8.63	2130807	39381748.00
2007/02/26	8.66	8.70	8.28	8.41	2748750	49456800.00
2007/02/27	8.36	8.40	7.52	7.52	5272680	88665840.00
2007/02/28	7.46	7.87	7.46	7.66	3103156	50892208.00
2007/03/01	7.67	8.25	7.64	7.84	3368665	56990332.00
2007/03/02	7.83	7.98	7.69	7.87	1474182	24835966.00
2007/03/05	7.79	8.59	7.72	8.43	6626009	118135152.00
2007/03/06	8.43	8.90	8.34	8.74	3890906	71635256.00
2007/03/07	8.92	9.66	8.76	9.57	6415952	127588656.00
2007/03/08	9.58	10.35	9.38	10.11	5477821	114001304.00
2007/03/09	10.08	10.34	9.86	10.06	3110525	66306352.00
2007/03/12	10.13	11.01	10.10	10.77	3568592	80612680.00
2007/03/13	10.84	10.89	10.01	10.15	2497396	54633664.00
2007/03/14	9.95	10.00	9.57	9.82	2341719	48714704.00
2007/03/15	9.84	10.16	9.84	10.09	2685630	57321112.00
2007/03/16	10.11	10.17	9.66	9.86	1385838	29011288.00
2007/03/19	9.50	10.63	9.45	10.61	2002071	43326060.00
2007/03/20	10.60	10.95	10.40	10.60	1615446	36399756.00
2007/03/21	10.55	10.84	10.24	10.82	3065233	67733280.00
2007/03/22	10.80	10.84	10.40	10.53	4277937	95007800.00
2007/03/23	10.53	10.53	9.65	9.89	3740300	78845064.00
2007/03/26	9.50	10.01	9.37	9.95	4367323	89919480.00
2007/03/27	10.15	10.39	10.06	10.16	4214623	91037568.00
2007/03/28	10.21	10.34	9.59	9.94	3265233	68720720.00
2007/03/29	9.96	10.01	9.51	9.55	2759648	56545704.00
2007/03/30	9.50	9.86	9.42	9.76	1408635	28928978.00
2007/04/02	9.99	10.15	9.92	10.11	2045320	43539912.00
2007/04/03	10.16	10.35	10.11	10.20	2083681	45133252.00
2007/04/04	11.26	11.26	10.40	10.62	3769689	85305016.00
2007/04/05	10.46	10.55	10.33	10.51	1489488	32870146.00
2007/04/06	10.40	10.50	10.33	10.37	1779586	39041076.00
2007/04/09	10.35	10.69	10.32	10.47	2146876	47716988.00
2007/04/10	10.50	10.90	10.30	10.89	3938936	87640024.00
2007/04/11	10.87	11.93	10.85	11.86	5587506	134852400.00
2007/04/12	11.82	12.13	11.38	12.12	3354802	83641488.00
2007/04/13	12.08	12.61	11.67	11.71	2956234	75249632.00
2007/04/16	11.88	12.11	11.70	11.98	1746143	43689384.00
2007/04/17	12.01	12.92	12.01	12.82	3738973	97493616.00
2007/04/18	12.81	12.81	12.35	12.54	2390179	62811420.00
2007/04/19	12.53	12.53	11.24	11.57	3819671	95674688.00
2007/04/23	12.28	12.47	11.98	12.14	2356207	60324008.00
2007/04/24	12.18	12.76	12.00	12.62	3823124	99655024.00
2007/04/25	12.87	13.76	12.87	13.63	4485325	124986480.00
2007/04/26	13.51	13.51	12.84	13.08	3069415	83975112.00
2007/04/27	13.12	13.31	12.28	12.54	2219677	59358728.00
2007/04/30	12.38	12.97	12.38	12.81	1620001	43064360.00
2007/05/08	12.94	13.15	12.48	12.89	2511265	67730368.00
2007/05/09	12.86	12.96	12.53	12.67	3297370	88182016.00
2007/05/10	12.58	12.90	12.47	12.50	2149949	57047236.00
2007/05/11	12.30	12.72	12.04	12.37	2582301	66601000.00
2007/05/14	12.28	12.50	12.04	12.40	3067647	78352336.00
2007/05/15	12.62	12.71	12.13	12.15	1682410	43931448.00
2007/05/16	12.17	13.15	12.17	13.09	2339441	62861216.00
2007/05/17	13.26	13.29	12.82	13.17	1994050	54560164.00
2007/05/18	13.27	13.29	12.87	12.91	2170151	59362784.00
2007/05/21	12.38	13.06	12.28	13.00	4774910	127120280.00
2007/05/22	13.03	13.12	12.80	12.90	2930689	79557536.00
2007/05/23	12.87	13.12	12.38	13.08	2524985	68469488.00
2007/05/24	13.20	13.20	12.28	12.60	2555048	67939896.00
2007/05/25	12.50	12.86	12.43	12.58	1944869	51492632.00
2007/05/28	12.74	13.88	12.71	13.87	5860048	165026256.00
2007/05/29	13.71	14.33	13.24	14.00	4159740	120454416.00
2007/05/30	12.76	13.61	12.56	12.56	3673816	100518960.00
2007/05/31	12.33	13.01	11.32	12.57	2847967	73122808.00
2007/06/01	12.62	13.27	12.43	12.67	2541562	68416976.00
2007/06/04	12.62	12.82	11.36	11.36	2729802	68419416.00
2007/06/05	10.95	12.38	10.18	12.22	5507342	126330920.00
2007/06/06	12.27	12.37	11.65	12.04	1306652	33199376.00
2007/06/07	11.97	12.97	11.97	12.79	1964088	51609052.00
2007/06/08	12.72	13.02	12.59	12.84	1709529	45942404.00
2007/06/11	12.87	13.86	12.86	13.65	3244248	91687704.00
2007/06/12	13.66	14.25	13.38	14.05	3183124	93178944.00
2007/06/13	14.25	14.74	14.06	14.25	2818197	84391408.00
2007/06/14	14.10	14.60	13.86	14.19	1635582	48616168.00
2007/06/15	14.12	14.40	13.93	14.08	977712	28812178.00
2007/06/18	14.13	14.97	14.13	14.74	2079702	63764684.00
2007/06/19	14.77	15.51	14.62	15.35	2083291	65436680.00
2007/06/20	15.37	15.45	14.21	14.33	1515685	47049180.00
2007/06/21	14.01	14.43	13.87	14.02	1203599	35265168.00
2007/06/22	13.86	14.23	12.85	13.19	1444337	40603008.00
2007/06/25	13.18	13.54	11.86	12.09	1337511	35877296.00
2007/06/26	12.06	12.90	11.91	12.74	1047441	27472774.00
2007/06/27	12.90	13.64	12.70	13.46	1188500	32843268.00
2007/06/28	13.39	13.63	12.45	12.46	1056852	28779152.00
2007/06/29	12.25	13.22	12.06	13.05	2078423	56091060.00
2007/07/02	13.83	14.40	13.83	14.40	5844984	174865360.00
2007/07/03	14.80	15.61	14.38	15.14	3892985	120282968.00
2007/07/04	15.15	15.27	14.13	14.28	1749861	53625604.00
2007/07/05	14.08	14.17	13.14	13.53	1825575	52242208.00
2007/07/06	13.59	14.67	13.59	14.40	2015467	59735376.00
2007/07/09	14.62	15.12	14.38	14.75	1939702	59621224.00
2007/07/10	14.43	14.72	13.97	14.17	1049916	31279244.00
2007/07/11	14.03	14.43	13.89	14.41	814194	24172096.00
2007/07/12	14.13	14.60	14.04	14.54	1153295	34391064.00
2007/07/13	14.60	15.31	14.58	14.82	1867535	58345352.00
2007/07/16	14.87	15.49	14.56	15.05	1773920	56490644.00
2007/07/17	15.05	15.46	14.63	15.39	1415204	44495000.00
2007/07/18	15.31	15.81	15.15	15.23	1230663	39604812.00
2007/07/19	15.19	15.64	14.83	15.14	804605	25281204.00
2007/07/20	15.34	15.60	14.87	15.48	1296584	41334144.00
2007/07/23	15.44	16.25	15.44	16.04	1100098	36541520.00
2007/07/24	16.06	16.59	15.67	15.83	1683016	56179572.00
2007/07/25	15.69	16.05	15.46	15.96	936122	30653544.00
2007/07/26	16.01	16.16	15.86	16.07	959001	31912828.00
2007/07/27	15.95	16.55	15.70	15.87	1270273	42215872.00
2007/07/30	15.81	16.14	15.46	15.82	1127358	37121052.00
2007/07/31	15.69	16.05	15.47	15.84	1146352	37583360.00
2007/08/01	15.76	16.13	14.87	14.97	2158235	70228648.00
2007/08/02	15.04	15.46	14.38	15.21	2167849	67694816.00
2007/08/03	15.27	15.85	14.87	15.79	2607094	83015688.00
2007/08/06	16.11	17.41	16.11	17.10	3425729	120191048.00
2007/08/07	17.15	17.61	16.70	17.26	2141107	76657032.00
2007/08/08	16.90	17.25	15.93	17.05	2569322	88413128.00
2007/08/09	16.97	17.24	16.74	16.83	707059	24818680.00
2007/08/10	16.84	16.84	16.28	16.45	889045	30441516.00
2007/08/13	16.31	17.66	16.31	17.28	1317568	46901584.00
2007/08/14	17.24	17.34	16.65	17.07	715208	25312154.00
2007/08/15	17.24	17.58	16.69	17.34	1067731	38021040.00
2007/08/16	17.29	19.07	17.29	18.07	2359899	89145400.00
2007/08/17	17.93	18.57	17.64	17.66	1436124	53873352.00
2007/08/20	17.97	18.53	17.37	18.41	1414285	52945872.00
2007/08/21	18.41	19.58	18.28	19.30	2495816	99192296.00
2007/08/22	18.90	19.60	18.90	19.28	1260146	50257828.00
2007/08/23	19.42	19.56	18.82	19.37	1095069	43460184.00
2007/08/24	19.32	19.32	18.86	19.13	947332	37247492.00
2007/08/27	19.12	19.39	18.58	18.62	1210544	47446848.00
2007/08/28	18.33	19.42	18.28	18.61	1045362	40773040.00
2007/08/29	18.34	18.67	18.16	18.21	1275123	48570760.00
2007/08/30	18.21	18.54	17.87	18.31	1566225	59050664.00
2007/08/31	18.33	19.06	18.18	18.95	1146778	44023404.00
2007/09/03	18.96	19.37	18.53	19.32	1607052	63156256.00
2007/09/04	19.29	19.29	18.48	18.59	760116	29596796.00
2007/09/05	18.60	18.77	17.83	18.23	1092606	41289240.00
2007/09/06	18.33	18.47	17.78	17.94	941580	35337044.00
2007/09/07	17.94	18.53	17.76	18.49	1984185	75409168.00
2007/09/10	18.32	18.32	17.65	18.17	927662	34467336.00
2007/09/11	17.74	18.77	17.68	17.69	1758536	67335408.00
2007/09/12	17.59	18.33	17.34	17.84	1050833	38622012.00
2007/09/13	17.83	18.32	17.65	17.82	1204934	44858148.00
2007/09/14	18.08	18.08	17.64	17.94	1380550	51049072.00
2007/09/17	17.84	18.18	17.84	17.98	604624	22543968.00
2007/09/18	18.17	18.82	18.08	18.42	1094909	41811348.00
2007/09/19	18.21	18.58	17.57	17.71	893965	33195570.00
2007/09/20	17.74	18.13	17.50	18.10	716706	26448888.00
2007/09/21	18.25	18.66	17.59	17.91	1602846	60617304.00
2007/09/24	18.17	18.23	17.27	17.38	1178969	42571220.00
2007/09/25	17.34	17.65	16.88	16.94	834290	29610260.00
2007/09/26	16.95	17.24	16.72	16.76	894074	31406508.00
2007/09/27	16.80	17.09	16.49	16.61	1028963	35643228.00
2007/09/28	16.83	17.24	16.60	17.22	2586053	90633776.00
2007/10/08	17.44	17.96	17.39	17.47	1274793	46806412.00
2007/10/09	17.47	17.58	17.00	17.27	426406	15200906.00
2007/10/10	17.28	17.59	16.21	17.52	954246	34056816.00
2007/10/11	17.63	17.63	17.10	17.35	310448	11137268.00
2007/10/12	17.59	17.64	16.60	16.85	727497	25509336.00
2007/10/15	16.76	17.22	16.16	16.46	1230161	41978232.00
2007/10/16	16.46	16.46	16.02	16.20	1165788	39076416.00
2007/10/17	16.01	16.55	16.01	16.03	1182878	39889380.00
2007/10/18	15.90	16.25	15.42	15.51	938517	30588140.00
2007/10/19	15.66	15.86	15.16	15.28	581219	18582592.00
2007/10/22	15.26	16.25	15.12	16.11	984684	32402836.00
2007/10/23	15.86	16.34	15.42	16.01	580952	19348452.00
2007/10/24	16.06	16.60	15.80	16.25	664306	22359852.00
2007/10/25	16.25	16.35	15.37	15.98	668036	22153686.00
2007/10/26	15.96	16.01	14.34	14.70	1189716	36238696.00
2007/10/29	14.92	15.27	14.87	15.10	984633	31034378.00
2007/10/30	15.12	16.50	14.91	16.31	1313796	42384284.00
2007/10/31	16.30	17.27	15.87	17.26	1750683	60612112.00
2007/11/01	17.28	17.28	16.25	16.37	649103	22617364.00
2007/11/02	16.42	16.42	15.17	15.27	739030	23909928.00
2007/11/05	15.28	15.81	15.28	15.65	291496	9502127.00
2007/11/06	15.66	15.85	15.61	15.71	226210	7378568.00
2007/11/07	15.62	15.71	15.16	15.34	323432	10302903.00
2007/11/08	15.27	15.56	14.87	15.30	488549	15618082.00
2007/11/09	15.12	15.42	14.87	15.27	402499	12771913.00
2007/11/12	14.77	14.88	14.18	14.86	246556	7485281.00
2007/11/13	15.26	15.26	14.63	14.87	377509	11705570.00
2007/11/14	15.06	15.06	14.62	14.99	414817	12843530.00
2007/11/15	15.02	15.19	14.39	14.53	515354	15865426.00
2007/11/16	14.39	14.86	13.82	14.79	391759	11749751.00
2007/11/19	14.89	15.85	14.39	15.61	871154	27922776.00
2007/11/20	15.64	15.64	15.13	15.37	1534710	49246368.00
2007/11/21	15.27	16.06	15.27	15.67	1019778	33594416.00
2007/11/22	15.45	15.86	15.17	15.34	367110	11948142.00
2007/11/23	15.27	15.46	15.21	15.43	111786	3569607.00
2007/11/26	15.86	15.96	15.17	15.25	235200	7623017.00
2007/11/27	15.12	15.32	14.71	14.77	170329	5300260.00
2007/11/28	14.77	14.92	14.27	14.38	312595	9524593.00
2007/11/29	14.38	15.01	14.20	14.96	1445450	43577048.00
2007/11/30	14.62	14.65	14.45	14.53	379460	11505734.00
2007/12/03	14.30	14.86	14.30	14.51	284888	8653925.00
2007/12/04	14.51	14.70	14.42	14.47	456922	13856690.00
2007/12/05	14.43	15.03	14.28	15.01	940666	28489152.00
2007/12/06	14.97	14.97	14.62	14.70	289215	8862068.00
2007/12/07	14.66	15.10	14.53	15.02	352339	10891050.00
2007/12/10	14.74	15.64	14.63	15.52	360035	11518545.00
2007/12/11	15.64	16.00	15.42	15.91	591350	19453572.00
2007/12/12	15.91	16.23	15.80	16.09	444666	14787681.00
2007/12/13	15.84	16.11	15.49	15.77	410561	13492291.00
2007/12/14	15.70	16.15	15.38	16.05	259501	8501108.00
2007/12/17	15.90	16.70	15.90	16.38	728440	24929320.00
2007/12/18	16.38	16.62	16.16	16.22	360296	12261595.00
2007/12/19	16.49	17.19	16.35	17.18	1648212	58067300.00
2007/12/20	17.28	17.47	17.19	17.23	777531	27945832.00
2007/12/21	17.23	17.79	17.23	17.69	1083113	39717184.00
2007/12/24	17.83	17.98	17.54	17.61	496979	18363980.00
2007/12/25	17.61	17.81	17.54	17.69	410539	15019146.00
2007/12/26	17.98	18.12	17.64	18.03	1340559	49618352.00
2007/12/27	18.13	18.27	17.56	17.73	1024329	38055944.00
2007/12/28	17.59	17.92	17.44	17.60	741193	27160904.00
2008/01/02	17.64	18.48	17.40	18.36	768213	28787580.00
2008/01/03	18.13	18.52	18.09	18.36	552993	21046380.00
2008/01/04	18.36	18.42	17.88	18.00	701186	26244324.00
2008/01/07	17.84	18.16	17.66	17.80	809577	29954808.00
2008/01/08	17.88	17.88	17.09	17.17	1333514	48478472.00
2008/01/09	17.24	17.58	17.00	17.57	1743510	62361548.00
2008/01/10	17.62	18.16	17.60	17.81	854292	31759104.00
2008/01/11	17.83	18.05	17.29	17.43	912609	32995244.00
2008/01/14	17.42	17.90	17.08	17.83	721469	26559826.00
2008/01/15	17.86	18.45	17.83	18.35	1639309	61998840.00
2008/01/16	18.21	18.81	18.11	18.58	1276495	49103128.00
2008/01/17	18.58	18.95	17.64	18.12	1738435	65716312.00
2008/01/18	18.33	18.33	17.84	18.01	349994	13112604.00
2008/01/21	18.00	18.15	16.60	16.76	1357190	48948760.00
2008/01/22	16.35	16.75	15.62	15.80	1596993	53990312.00
2008/01/23	16.27	16.99	16.27	16.96	1248359	43368188.00
2008/01/24	17.14	17.43	16.85	17.29	725357	25851318.00
2008/01/25	17.29	17.53	16.92	17.49	597194	21587000.00
2008/01/28	17.09	17.63	16.16	16.26	455253	15931673.00
2008/01/29	16.85	17.34	16.40	16.75	516073	17943520.00
2008/01/30	16.61	17.09	16.41	16.69	332712	11535293.00
2008/01/31	16.79	16.80	15.91	16.15	233121	7938444.00
2008/02/01	15.96	16.34	14.92	15.39	511781	16565855.00
2008/02/04	15.76	16.90	15.76	16.79	664452	22869614.00
2008/02/05	16.79	17.07	16.60	16.70	434402	15209346.00
2008/02/13	16.54	17.98	16.50	17.65	1428060	52253176.00
2008/02/14	17.64	18.11	17.17	17.94	943104	35012436.00
2008/02/15	17.83	17.93	17.28	17.57	573330	20826010.00
2008/02/18	18.03	18.28	17.55	17.88	595950	22000384.00
2008/02/19	17.88	17.88	17.53	17.83	861340	31625516.00
2008/02/20	17.83	17.83	17.34	17.35	564423	20531264.00
2008/02/21	17.35	17.49	17.00	17.36	617399	22053386.00
2008/02/22	17.40	17.54	16.63	16.78	440990	15583407.00
2008/02/25	16.84	16.85	15.77	15.95	338885	11321964.00
2008/02/26	16.55	16.83	15.12	15.49	649841	21140608.00
2008/02/27	15.62	16.06	15.51	15.82	536328	17627302.00
2008/02/28	15.81	16.13	15.52	15.92	379419	12455515.00
2008/02/29	15.61	16.45	15.61	16.40	359352	12143667.00
2008/03/03	15.98	17.04	15.98	16.73	564653	19602332.00
2008/03/04	17.07	17.09	16.65	16.74	815508	28550376.00
2008/03/05	16.77	16.90	15.37	16.11	2171355	72073424.00
2008/03/06	16.01	16.28	15.66	16.11	719417	24016584.00
2008/03/07	16.11	16.11	15.64	15.85	643083	21209056.00
2008/03/10	15.86	15.86	15.00	15.40	508509	16199193.00
2008/03/11	15.32	15.32	14.63	15.07	345455	10764138.00
2008/03/12	15.36	15.36	14.38	14.60	629400	19558290.00
2008/03/13	13.48	13.79	13.10	13.10	1431031	39628612.00
2008/03/14	12.60	12.86	11.75	12.01	4371928	109430968.00
2008/03/17	11.91	12.00	10.85	11.02	3957581	94004128.00
2008/03/18	10.86	11.27	10.34	10.68	2885102	65916240.00
2008/03/19	11.02	11.33	10.43	10.93	3826712	87826160.00
2008/03/20	10.77	11.36	9.79	10.98	6973944	153436768.00
2008/03/21	10.87	11.51	10.58	11.28	4911325	115933056.00
2008/03/24	11.62	11.83	11.10	11.14	6216488	150657744.00
2008/03/25	10.77	11.42	10.60	11.11	2697291	62069872.00
2008/03/26	11.29	11.66	11.12	11.15	3271750	77990032.00
2008/03/27	10.90	11.53	10.67	11.08	3329713	77564928.00
2008/03/28	11.02	11.46	10.34	11.41	2378328	55319092.00
2008/03/31	11.07	11.30	10.72	10.88	1473288	34061560.00
2008/04/01	10.73	11.00	9.75	9.75	3057657	64711472.00
2008/04/03	9.09	9.83	8.73	9.57	2713223	52420916.00
2008/04/07	9.14	10.46	9.10	10.25	2580042	54288220.00
2008/04/08	10.43	11.11	10.10	11.09	2493015	56289984.00
2008/04/09	10.93	11.46	10.18	10.20	2986327	68270144.00
2008/04/10	10.22	10.72	10.17	10.70	1656729	36560904.00
2008/04/11	10.90	11.34	10.72	11.00	2974164	69166912.00
2008/04/14	10.72	10.86	9.95	9.96	1718778	37358056.00
2008/04/15	10.22	10.42	9.43	10.40	1669105	35027192.00
2008/04/16	10.43	10.43	9.93	10.15	899813	19432632.00
2008/04/17	10.13	10.36	9.66	9.82	880663	18777998.00
2008/04/18	9.83	9.83	9.09	9.18	1221333	24265496.00
2008/04/21	10.13	10.13	9.30	9.70	1524859	31293508.00
2008/04/22	9.59	9.86	9.32	9.82	1056637	21264958.00
2008/04/23	9.78	10.30	9.63	10.20	1038187	21993528.00
2008/04/24	11.12	11.26	10.69	11.26	4211549	97684488.00
2008/04/25	11.22	11.66	10.83	10.99	2950341	70214872.00
2008/04/28	10.76	11.09	10.62	10.77	1797516	40879460.00
2008/04/29	10.70	11.17	10.68	10.87	1204553	27679336.00
2008/04/30	10.97	11.32	10.97	11.27	2404080	56680752.00
2008/05/05	11.51	12.10	11.42	11.98	2908108	71744512.00
2008/05/06	11.85	11.98	11.37	11.57	2324005	57071320.00
2008/05/07	11.56	11.66	10.82	10.86	1499331	35465920.00
2008/05/08	10.77	11.05	10.67	10.92	2587457	59515796.00
2008/05/09	10.97	11.14	10.29	10.40	4207130	94106784.00
2008/05/12	10.18	10.54	10.11	10.32	2279294	49743176.00
2008/05/13	9.98	11.11	9.86	11.09	3941382	87341856.00
2008/05/14	11.12	11.62	10.77	11.36	3094372	72964376.00
2008/05/15	11.42	11.66	11.02	11.12	2420410	58094588.00
2008/05/16	11.00	11.19	10.67	10.86	1484590	34061072.00
2008/05/19	10.87	11.16	10.74	10.99	809317	18673740.00
2008/05/20	11.02	11.04	10.20	10.56	1144254	25813398.00
2008/05/21	10.20	10.56	9.84	10.37	1214320	26043304.00
2008/05/22	10.27	10.32	9.98	10.02	806719	17196446.00
2008/05/23	10.08	10.23	9.59	9.81	665762	13918144.00
2008/05/26	9.92	10.12	9.74	10.04	806351	16958080.00
2008/05/27	10.06	10.07	9.82	10.03	375182	7894079.00
2008/05/28	9.96	10.28	9.96	10.23	393416	8401127.00
2008/05/29	10.06	10.22	9.74	9.75	600431	12657586.00
2008/05/30	9.74	10.14	9.70	9.79	373311	7727093.00
2008/06/02	9.82	10.00	9.61	9.75	423167	8693213.00
2008/06/03	9.79	9.84	9.41	9.46	724318	14553294.00
2008/06/04	9.46	9.47	9.18	9.42	462853	9131160.00
2008/06/05	9.42	10.38	9.17	9.82	1122855	23099840.00
2008/06/06	9.66	9.93	9.47	9.60	500132	10238540.00
2008/06/10	9.18	9.18	8.60	8.60	940634	17570684.00
2008/06/11	8.55	8.55	7.99	8.22	845825	14756888.00
2008/06/12	8.18	8.27	7.76	7.87	790083	13398956.00
2008/06/13	7.93	7.98	7.54	7.56	675178	11066171.00
2008/06/16	7.78	7.78	7.07	7.50	1804723	28183906.00
2008/06/17	7.38	7.42	6.91	6.93	963635	14597080.00
2008/06/18	6.75	7.41	6.61	7.31	1410649	21539022.00
2008/06/19	7.24	7.24	6.54	6.54	910208	13310629.00
2008/06/20	6.28	6.99	6.10	6.47	1252714	17668410.00
2008/06/23	6.24	6.33	6.01	6.04	658791	8769177.00
2008/06/24	6.04	6.31	6.01	6.24	734945	9838604.00
2008/06/25	6.22	6.91	6.22	6.91	2741893	40070416.00
2008/06/26	6.97	7.22	6.87	7.13	2391574	36240716.00
2008/06/27	6.80	6.86	6.38	6.41	1569117	22297144.00
2008/06/30	6.26	6.50	6.21	6.41	564098	7735430.00
2008/07/01	6.45	6.50	6.25	6.32	441933	6070495.00
2008/07/02	6.35	6.65	6.35	6.52	869437	12234330.00
2008/07/03	6.45	7.00	6.30	6.94	1227085	17922252.00
2008/07/04	6.94	7.18	6.74	6.80	1068978	15834819.00
2008/07/07	6.80	7.37	6.80	7.26	1709237	26194384.00
2008/07/08	7.25	7.51	7.11	7.48	1626052	25632268.00
2008/07/09	7.49	7.54	7.34	7.48	1891503	30006592.00
2008/07/10	7.45	7.64	7.30	7.32	2120382	34041392.00
2008/07/11	7.27	7.38	6.86	6.92	2080582	31171552.00
2008/07/14	6.85	7.65	6.80	7.65	2383590	36924112.00
2008/07/15	7.85	8.36	7.44	7.65	7809608	130714208.00
2008/07/16	7.54	7.54	6.85	6.92	2589058	39306088.00
2008/07/17	7.00	7.19	6.53	6.60	1854782	26997980.00
2008/07/18	6.60	6.80	6.35	6.74	1776467	25150164.00
2008/07/21	6.65	6.99	6.62	6.97	1903638	28003288.00
2008/07/22	6.99	7.24	6.87	7.11	1495193	22418840.00
2008/07/23	7.12	7.23	6.90	7.07	1713034	25739722.00
2008/07/24	7.16	7.31	7.05	7.23	1969931	30424840.00
2008/07/25	7.13	7.74	6.98	7.51	3612157	57709032.00
2008/07/28	7.59	7.63	7.42	7.44	4157313	66558456.00
2008/07/29	7.34	7.42	7.10	7.12	1590396	24608864.00
2008/07/30	7.27	7.34	7.00	7.23	1918013	29392620.00
2008/07/31	7.34	7.54	7.14	7.49	3038696	47792108.00
2008/08/01	7.37	7.48	7.07	7.33	2070867	32374984.00
2008/08/04	7.29	7.29	6.86	6.90	1424802	21543740.00
2008/08/05	6.85	7.28	6.83	6.89	1668683	25245984.00
2008/08/06	6.98	7.15	6.72	6.90	1743000	26040458.00
2008/08/07	6.75	6.75	6.26	6.38	3134353	43685924.00
2008/08/08	6.38	6.42	5.90	5.91	1764690	23519870.00
2008/08/11	5.95	5.99	5.33	5.39	1695949	20781002.00
2008/08/12	5.40	5.60	5.36	5.50	913131	10904315.00
2008/08/13	5.39	5.81	5.37	5.77	1495667	18292192.00
2008/08/14	5.62	5.89	5.57	5.77	885422	11068739.00
2008/08/15	5.76	5.84	5.61	5.69	648206	8026617.00
2008/08/18	5.65	5.74	5.32	5.37	818072	9695641.00
2008/08/19	5.34	5.51	5.27	5.41	1027344	12094604.00
2008/08/20	5.34	5.99	5.27	5.99	1508110	18920798.00
2008/08/21	5.83	5.95	5.65	5.79	1305992	16460045.00
2008/08/22	5.79	5.79	5.46	5.72	854197	10461289.00
2008/08/25	5.74	5.90	5.60	5.76	898772	11285923.00
2008/08/26	5.61	5.66	5.42	5.47	744700	8944680.00
2008/08/27	5.38	5.59	5.35	5.57	533755	6350933.00
2008/08/28	5.59	5.65	5.43	5.62	785719	9436312.00
2008/08/29	5.70	5.98	5.70	5.84	1593725	20200082.00
2008/09/01	5.84	5.88	5.57	5.68	1061670	13175473.00
2008/09/02	5.67	5.75	5.52	5.70	436590	5369738.00
2008/09/03	5.71	5.74	5.29	5.40	985595	11667746.00
2008/09/04	5.40	5.61	5.33	5.44	479905	5678818.00
2008/09/05	5.18	5.29	5.05	5.06	1050878	11905537.00
2008/09/08	4.95	5.07	4.69	4.77	915935	9755834.00
2008/09/09	4.78	4.94	4.73	4.85	617485	6542061.00
2008/09/10	4.80	5.00	4.75	4.96	669814	7232370.00
2008/09/11	4.91	4.94	4.74	4.87	441395	4677687.00
2008/09/12	4.85	4.93	4.80	4.88	387568	4154076.00
2008/09/16	4.82	4.89	4.72	4.77	647521	6846954.00
2008/09/17	4.75	4.81	4.65	4.75	585458	6101142.00
2008/09/18	4.57	4.76	4.39	4.59	889005	8961640.00
2008/09/19	5.09	5.09	4.96	5.09	4999354	55647088.00
2008/09/22	5.31	5.56	5.09	5.30	5594324	64961240.00
2008/09/23	5.02	5.09	4.82	4.92	2133320	23203990.00
2008/09/24	4.85	5.14	4.72	5.08	1101108	11687221.00
2008/09/25	5.05	5.24	4.95	5.13	2134682	23954876.00
2008/09/26	5.15	5.17	4.88	5.03	1582336	17391356.00
2008/10/06	4.88	4.88	4.56	4.57	1235253	12718370.00
2008/10/07	4.39	4.55	4.35	4.49	998577	9879864.00
2008/10/08	4.39	4.50	4.25	4.33	1351299	13096202.00
2008/10/09	4.40	4.41	4.04	4.07	1983299	18497404.00
2008/10/10	3.88	3.91	3.62	3.63	2388006	19876498.00
2008/10/13	3.54	3.78	3.45	3.73	1302582	10530992.00
2008/10/14	3.88	3.92	3.55	3.58	1750755	14822126.00
2008/10/15	3.45	3.59	3.44	3.49	829108	6562621.00
2008/10/16	3.34	3.34	3.10	3.10	1645158	12062790.00
2008/10/17	3.14	3.24	3.08	3.23	1912999	13862767.00
2008/10/20	3.23	3.38	3.17	3.36	1918059	14404546.00
2008/10/21	3.41	3.47	3.32	3.34	2777729	21397748.00
2008/10/22	3.27	3.30	3.16	3.18	2097264	15452520.00
2008/10/23	3.02	3.32	3.00	3.29	1623348	11648523.00
2008/10/24	3.14	3.62	3.00	3.19	25175373	188339152.00
2008/10/27	3.20	3.51	3.20	3.41	28386478	215537632.00
2008/10/28	3.41	3.79	3.30	3.79	30588011	243699792.00
2008/10/29	3.83	4.08	3.65	3.93	30904305	265886176.00
2008/10/31	3.81	3.81	3.50	3.50	22280676	178802144.00
2008/11/03	3.22	3.28	3.11	3.11	13953372	100804952.00
2008/11/04	2.82	2.92	2.76	2.76	8093067	52440360.00
2008/11/05	2.75	2.91	2.59	2.71	18702067	120355152.00
2008/11/06	2.56	2.57	2.46	2.50	10879134	64375080.00
2008/11/07	2.41	2.65	2.39	2.59	9914497	59303268.00
2008/11/10	2.62	2.83	2.62	2.80	12960046	82399264.00
2008/11/11	2.77	2.93	2.72	2.79	13554504	88968280.00
2008/11/12	2.75	3.02	2.73	3.00	12224607	81924904.00
2008/11/13	2.94	3.33	2.92	3.25	17425907	126331712.00
2008/11/14	3.33	3.42	3.21	3.37	16688341	125575360.00
2008/11/17	3.42	3.75	3.42	3.75	18683492	155464528.00
2008/11/18	3.87	4.12	3.49	3.78	29140693	254430656.00
2008/11/19	3.74	4.20	3.68	4.20	20783471	186488144.00
2008/11/20	4.18	4.38	3.93	3.97	21422999	198016912.00
2008/11/21	3.74	4.00	3.53	3.76	13384518	112697760.00
2008/11/24	3.76	3.76	3.40	3.41	8325224	67248768.00
2008/11/25	3.55	3.60	3.34	3.58	7935483	62566040.00
2008/11/26	3.59	3.65	3.48	3.54	5207421	41918488.00
2008/11/27	3.88	3.88	3.56	3.57	10225260	85920872.00
2008/11/28	3.48	3.74	3.48	3.61	7285323	59562804.00
2008/12/01	3.55	4.00	3.55	3.99	10837013	91965328.00
2008/12/02	3.83	4.38	3.80	4.27	17260569	159827152.00
2008/12/03	4.22	4.43	4.21	4.38	15193334	145504080.00
2008/12/04	4.40	4.52	4.17	4.18	15321610	148988096.00
2008/12/05	4.16	4.34	4.13	4.31	8514384	80685744.00
2008/12/08	4.45	4.70	4.33	4.65	12993437	129339656.00
2008/12/09	4.62	4.62	4.31	4.33	9812777	96650248.00
2008/12/10	4.28	4.62	4.28	4.58	8166146	80338088.00
2008/12/11	4.48	4.59	4.22	4.24	8827818	85588760.00
2008/12/12	4.22	4.22	3.91	3.98	7226624	65357392.00
2008/12/15	4.08	4.12	3.88	4.06	4944666	44196020.00
2008/12/16	4.02	4.10	3.83	4.09	4651966	41302272.00
2008/12/17	4.11	4.35	4.06	4.23	8109120	76374928.00
2008/12/18	4.21	4.32	4.10	4.30	5191102	48613424.00
2008/12/19	4.29	4.37	4.23	4.26	6919987	66175012.00
2008/12/22	4.27	4.43	4.24	4.36	6900621	66640588.00
2008/12/23	4.40	4.42	3.88	3.88	7577553	69202336.00
2008/12/24	3.76	3.81	3.54	3.61	5552108	46069784.00
2008/12/25	3.59	3.69	3.49	3.55	3848278	31135888.00
2008/12/26	3.56	3.64	3.49	3.51	2955805	23848932.00
2008/12/29	3.54	3.62	3.33	3.62	3333466	26222018.00
2008/12/30	3.60	3.64	3.42	3.47	2480670	19895634.00
2008/12/31	3.52	3.54	3.34	3.37	2000172	15667945.00
2011/10/10	6.50	6.56	6.41	6.45	251479	3414543.00
2011/10/11	6.56	6.59	6.41	6.50	260281	3560036.00
2011/10/12	6.42	6.66	6.35	6.61	518905	7196402.00
2011/10/13	6.57	6.70	6.57	6.65	461440	6453915.00
2011/10/14	6.62	6.66	6.54	6.59	442510	6124061.00
2011/10/18	6.59	6.59	6.36	6.37	527200	7139237.00
2011/10/19	6.39	6.45	6.32	6.33	216901	2909484.00
2011/10/20	6.33	6.38	5.97	6.05	495043	6367457.00
2011/10/21	6.06	6.10	5.82	5.84	411481	5182693.00
2011/10/24	5.89	5.89	5.67	5.88	932074	11443755.00
2011/10/25	5.88	5.97	5.75	5.95	1718506	21464316.00
2011/10/26	5.97	6.32	5.97	6.28	3821701	49559352.00
2011/10/27	6.17	6.44	6.17	6.21	3078449	40908852.00
2011/10/28	6.27	6.33	6.17	6.27	1442324	18975216.00
2011/10/31	6.31	6.31	6.22	6.26	818176	10793703.00
2011/11/01	6.17	6.34	6.14	6.31	1351866	17781312.00
2011/11/02	6.24	6.45	6.17	6.43	1395180	18605160.00
2011/11/03	6.48	6.73	6.47	6.52	2382162	33038222.00
2011/11/04	6.56	6.65	6.47	6.58	1289573	17838092.00
2011/11/07	6.56	6.68	6.49	6.63	1163227	16195941.00
2011/11/08	6.63	6.68	6.51	6.64	960052	13324270.00
2011/11/09	6.58	6.74	6.54	6.73	1149886	16078246.00
2011/11/10	6.64	6.71	6.54	6.55	812150	11298717.00
2011/11/11	6.56	6.62	6.46	6.48	557119	7652809.00
2011/11/14	6.56	6.78	6.49	6.68	1891890	26416090.00
2011/11/15	6.65	6.73	6.61	6.72	1285979	18012398.00
2011/11/16	6.69	6.74	6.46	6.52	860874	11918043.00
2011/11/17	6.51	6.57	6.45	6.49	810539	11098417.00
2011/11/18	6.39	6.46	6.21	6.22	906605	12048383.00
2011/11/21	6.26	6.29	6.18	6.24	332495	4362384.00
2011/11/22	6.21	6.26	6.13	6.24	335024	4386385.00
2011/11/23	6.31	6.34	6.17	6.18	350469	4621364.00
2011/11/24	6.11	6.36	6.08	6.32	925485	12215238.00
2011/11/25	6.28	6.34	6.16	6.17	451649	5950566.00
2011/11/28	6.14	6.24	6.00	6.05	553346	7109367.00
2011/11/29	6.12	6.17	6.05	6.13	616024	7939702.00
2011/11/30	6.12	6.15	5.75	5.85	904559	11354302.00
2011/12/01	6.03	6.08	5.94	5.96	788309	10012792.00
2011/12/02	5.93	5.93	5.76	5.77	648210	7949693.00
2011/12/05	5.77	5.91	5.76	5.77	982203	12097456.00
2011/12/06	5.68	5.81	5.63	5.70	662173	7990520.00
2011/12/07	5.70	5.81	5.70	5.74	283636	3450056.00
2011/12/08	5.74	5.84	5.70	5.80	420168	5132510.00
2011/12/09	5.77	5.85	5.75	5.75	321253	3922318.00
2011/12/12	5.82	5.85	5.71	5.82	446801	5457912.00
2011/12/13	5.81	5.82	5.54	5.56	419999	5031832.00
2011/12/14	5.52	5.60	5.34	5.35	228903	2656742.00
2011/12/15	5.35	5.40	5.17	5.18	485642	5428197.00
2011/12/16	5.21	5.40	5.19	5.37	511546	5717045.00
2011/12/19	5.30	5.40	5.23	5.39	370343	4163362.00
2011/12/20	5.33	5.44	5.28	5.30	328561	3724002.00
2011/12/21	5.34	5.48	5.33	5.38	803389	9198797.00
2011/12/22	5.32	5.38	5.08	5.26	604408	6698599.00
2011/12/23	5.33	5.42	5.21	5.31	563452	6373396.00
2011/12/26	5.29	5.38	5.20	5.24	314806	3527728.00
2011/12/27	5.24	5.26	5.03	5.08	416464	4541698.00
2011/12/28	5.07	5.07	4.86	5.02	432083	4568407.00
2011/12/29	4.94	5.05	4.94	5.02	372800	3976280.00
2011/12/30	5.02	5.35	5.02	5.26	1047081	11634958.00
2012/01/04	5.32	5.37	5.24	5.25	679946	7629802.00
2012/01/05	5.18	5.30	5.18	5.21	526968	5847369.00
2012/01/06	5.24	5.27	5.16	5.22	499622	5514358.00
2012/01/09	5.35	5.43	5.22	5.43	705415	8049837.00
2012/01/10	5.42	5.61	5.39	5.54	1498729	17549244.00
2012/01/11	5.52	5.64	5.46	5.56	701011	8241614.00
2012/01/12	5.56	5.82	5.53	5.76	1876872	22734872.00
2012/01/13	5.67	5.81	5.46	5.51	1098499	12984180.00
2012/01/17	5.35	5.75	5.34	5.73	968117	11392324.00
2012/01/18	5.71	5.81	5.62	5.63	419061	5046942.00
2012/01/19	5.72	5.72	5.57	5.58	552647	6583263.00
2012/01/20	5.65	5.73	5.59	5.68	1047962	12597206.00
2012/01/30	5.69	5.75	5.66	5.67	298960	3607034.00
2012/01/31	5.67	5.72	5.61	5.69	362604	4333831.00
2012/02/01	5.65	5.74	5.64	5.66	624090	7516217.00
2012/02/02	5.69	5.81	5.64	5.81	588612	7130220.00
2012/02/03	5.76	5.84	5.75	5.82	690033	8451581.00
2012/02/06	5.82	5.86	5.78	5.82	638540	7851238.00
2012/02/07	5.75	5.80	5.72	5.74	488930	5929467.00
2012/02/08	5.72	5.86	5.70	5.86	765556	9360858.00
2012/02/09	5.85	6.03	5.82	5.96	1234744	15512054.00
2012/02/10	5.96	6.04	5.92	6.01	784374	9929638.00
2012/02/13	5.95	6.20	5.95	6.10	1139087	14643304.00
2012/02/14	6.12	6.17	6.07	6.09	516630	6658145.00
2012/02/15	6.13	6.22	6.07	6.20	562903	7335269.00
2012/02/16	6.24	6.24	6.13	6.14	669272	8696925.00
2012/02/17	6.16	6.17	6.04	6.07	714601	9184909.00
2012/02/20	6.14	6.25	6.14	6.21	943915	12317307.00
2012/02/21	6.27	6.27	6.11	6.23	651947	8508286.00
2012/02/22	6.28	6.62	6.24	6.49	2817302	38380672.00
2012/02/23	6.49	6.63	6.42	6.49	1562308	21436796.00
2012/02/24	6.52	6.53	6.42	6.50	1357545	18503586.00
2012/02/27	6.55	6.58	6.44	6.48	803044	10999854.00
2012/02/28	6.44	6.53	6.41	6.49	559228	7604250.00
2012/02/29	6.48	6.53	6.36	6.40	930210	12606939.00
2012/03/01	6.36	6.43	6.36	6.37	609049	8196015.00
2012/03/02	6.40	6.47	6.34	6.44	821837	11081402.00
2012/03/05	6.48	6.74	6.44	6.61	1955204	27250052.00
2012/03/06	6.59	6.65	6.44	6.51	806028	11061771.00
2012/03/07	6.46	6.57	6.45	6.48	467879	6408367.00
2012/03/08	6.48	6.59	6.48	6.52	944880	12995627.00
2012/03/09	6.55	6.75	6.54	6.71	2385465	33488610.00
2012/03/12	6.66	6.84	6.62	6.80	2075627	29314620.00
2012/03/13	6.77	6.96	6.72	6.83	2322274	33377728.00
2012/03/14	6.98	6.98	6.32	6.44	4452065	63315704.00
2012/03/15	6.44	6.54	6.25	6.33	2668519	35778008.00
2012/03/16	6.36	6.99	6.36	6.99	7990253	113136680.00
2012/03/19	6.91	7.01	6.63	6.76	5913168	83812840.00
2012/03/20	6.56	6.60	6.30	6.33	6657373	89857448.00
2012/03/21	6.34	6.50	6.09	6.20	3721690	49151004.00
2012/03/22	6.19	6.29	6.13	6.24	1950265	25596526.00
2012/03/23	6.20	6.24	6.03	6.06	1877821	24289232.00
2012/03/26	6.09	6.23	6.02	6.16	1265219	16412450.00
2012/03/27	6.12	6.28	6.02	6.06	1020278	13169862.00
2012/03/28	6.02	6.11	5.46	5.58	1741650	21172668.00
2012/03/29	5.62	5.62	5.38	5.50	870919	10165188.00
2012/03/30	5.49	5.54	5.40	5.42	1076105	12431583.00
2012/04/05	5.47	5.63	5.41	5.62	960389	11298320.00
2012/04/06	5.62	5.74	5.62	5.68	672939	8072639.00
2012/04/09	5.60	5.72	5.60	5.66	913851	10988382.00
2012/04/10	5.61	5.70	5.53	5.66	638744	7586404.00
2012/04/11	5.66	5.71	5.62	5.71	617008	7401233.00
2012/04/12	5.73	5.94	5.72	5.93	1464849	17956828.00
2012/04/13	5.89	5.94	5.85	5.87	934967	11612619.00
2012/04/16	5.80	5.91	5.76	5.89	440152	5470595.00
2012/04/17	5.86	5.95	5.78	5.90	827658	10313175.00
2012/04/18	5.89	5.97	5.82	5.96	1759712	22021672.00
2012/04/19	5.92	5.99	5.91	5.95	948207	11922486.00
2012/04/23	5.98	6.06	5.84	5.85	1145254	14399144.00
2012/04/24	5.82	5.82	5.48	5.70	1483043	17779048.00
2012/04/25	5.70	5.85	5.64	5.83	1544113	18774152.00
2012/04/26	5.83	5.86	5.78	5.81	1003140	12330570.00
2012/04/27	5.80	5.94	5.80	5.89	1244954	15471291.00
2012/05/02	5.91	6.00	5.90	5.94	1831185	22989594.00
2012/05/03	5.96	5.99	5.88	5.98	1289767	16178230.00
2012/05/04	6.01	6.15	5.94	6.14	2082631	26566764.00
2012/05/07	6.07	6.34	6.07	6.30	2326156	30616356.00
2012/05/08	6.31	6.33	6.19	6.22	1113378	14635165.00
2012/05/09	6.22	6.24	6.06	6.09	1196376	15458876.00
2012/05/10	6.09	6.36	6.02	6.15	698983	6065051.00
2012/05/11	6.11	6.22	6.05	6.07	859869	7384158.00
2012/05/14	6.12	6.12	5.94	5.95	1405484	11887614.00
2012/05/15	5.90	5.97	5.82	5.89	1167432	9677632.00
2012/05/16	5.89	5.97	5.88	5.89	738992	6152560.00
2012/05/17	5.96	5.96	5.82	5.94	927431	7706403.00
2012/05/18	5.92	5.93	5.80	5.84	1145328	9437855.00
2012/05/21	5.85	6.09	5.85	5.94	1483187	12495350.00
2012/05/22	5.91	5.98	5.75	5.82	2961234	24314626.00
2012/05/23	5.86	5.93	5.62	5.66	2267045	18239894.00
2012/05/24	5.63	5.78	5.61	5.64	1561577	12524182.00
2012/05/25	5.62	5.71	5.57	5.59	1138177	9040552.00
2012/05/28	5.57	5.67	5.43	5.66	1775167	13926419.00
2012/05/29	5.67	5.73	5.62	5.71	3056546	24492808.00
2012/05/30	5.71	5.71	5.62	5.67	2583689	20652116.00
2012/05/31	5.60	5.70	5.60	5.68	2038555	16271407.00
2012/06/01	5.70	5.74	5.63	5.68	1955873	15691876.00
2012/06/04	5.52	5.57	5.36	5.38	2178500	16859880.00
2012/06/05	5.36	5.44	5.27	5.31	1750519	13192281.00
2012/06/06	5.30	5.34	5.25	5.26	1029206	7715110.00
2012/06/07	5.33	5.34	5.14	5.18	1318342	9783062.00
2012/06/08	5.21	5.24	5.08	5.09	1712708	12525286.00
2012/06/11	5.11	5.22	5.11	5.21	1034207	7567389.00
2012/06/12	5.22	5.22	5.14	5.15	930384	6807988.00
2012/06/13	5.15	5.29	5.15	5.26	1232624	9129830.00
2012/06/14	5.26	5.27	5.19	5.21	1053317	7801372.00
2012/06/15	5.26	5.27	5.13	5.19	1086610	7998574.00
2012/06/19	5.20	5.27	5.20	5.23	1129554	8372196.00
2012/06/20	5.29	5.29	5.21	5.23	941529	6982268.00
2012/06/21	5.24	5.25	5.12	5.22	1053885	7746419.00
2012/06/25	5.19	5.23	5.09	5.12	750851	5472786.00
2012/06/26	5.14	5.14	4.93	5.11	1047623	7485630.00
2012/06/27	5.12	5.15	5.06	5.06	630433	4574461.00
2012/06/28	5.12	5.12	4.89	4.90	1067446	7524109.00
2012/06/29	4.93	4.97	4.83	4.97	1044041	7275787.00
2012/07/02	4.97	5.01	4.92	4.96	981057	6904251.00
2012/07/03	4.92	5.05	4.92	5.01	892178	6320001.00
2012/07/04	5.01	5.03	4.93	4.94	989978	6982223.00
2012/07/05	4.92	4.92	4.75	4.76	1173234	8022697.00
2012/07/06	4.77	4.89	4.73	4.83	1270175	8658907.00
2012/07/09	4.82	4.92	4.75	4.75	1402484	9646212.00
2012/07/10	4.75	4.78	4.70	4.75	546752	3683397.00
2012/07/11	4.78	4.88	4.75	4.87	917490	6309451.00
2012/07/12	4.86	4.96	4.72	4.92	1503582	10351476.00
2012/07/13	4.90	4.98	4.89	4.95	1063339	7439903.00
2012/07/16	4.98	4.98	4.73	4.74	1073623	7403025.00
2012/07/17	4.71	4.80	4.68	4.78	838680	5656669.00
2012/07/18	4.75	4.81	4.67	4.79	906764	6106232.00
2012/07/19	5.08	5.29	4.99	5.29	8573314	63252132.00
2012/07/20	5.29	5.36	5.14	5.21	5047868	37400296.00
2012/07/23	5.15	5.41	5.12	5.32	5043031	37739192.00
2012/07/24	5.28	5.36	5.21	5.29	2143626	16019534.00
2012/07/25	5.30	5.34	5.16	5.17	2008627	14845636.00
2012/07/26	5.18	5.22	5.05	5.05	1664396	12089456.00
2012/07/27	5.06	5.15	5.06	5.12	1490621	10788203.00
2012/07/30	5.12	5.32	5.09	5.29	3597379	26700340.00
2012/07/31	5.29	5.32	5.04	5.06	2978887	21885852.00
2012/08/01	5.01	5.26	5.01	5.21	2197750	16115407.00
2012/08/02	5.20	5.23	5.08	5.12	1706027	12452743.00
2012/08/03	5.14	5.51	5.12	5.47	4154250	31455922.00
2012/08/06	5.46	5.57	5.34	5.53	4688479	36194308.00
2012/08/07	5.51	5.66	5.44	5.46	4448532	34867156.00
2012/08/08	5.46	5.56	5.41	5.50	2863419	22179744.00
2012/08/09	5.49	6.03	5.35	5.75	5544144	44634976.00
2012/08/10	5.67	5.74	5.60	5.66	3272331	26118936.00
2012/08/13	5.66	5.71	5.46	5.49	2349143	18520422.00
2012/08/14	5.48	5.58	5.39	5.58	1502605	11686680.00
2012/08/15	5.53	5.56	5.43	5.44	1212286	9389039.00
2012/08/16	5.42	5.47	5.36	5.40	1112160	8500612.00
2012/08/17	5.34	5.48	5.34	5.46	1004104	7673489.00
2012/08/20	5.45	5.56	5.38	5.55	1382776	10678309.00
2012/08/21	5.53	5.66	5.52	5.59	1987309	15690141.00
2012/08/22	5.55	5.61	5.42	5.48	1460802	11385948.00
2012/08/23	5.44	5.50	5.39	5.46	1415021	10850383.00
2012/08/24	5.45	5.45	5.24	5.26	1446118	10959818.00
2012/08/27	5.23	5.27	5.01	5.04	1629171	11716998.00
2012/08/28	5.04	5.15	5.03	5.10	984109	7095575.00
2012/08/29	5.09	5.14	5.04	5.12	1032399	7457890.00
2012/08/30	5.08	5.15	4.95	5.09	1221522	8774289.00
2012/08/31	4.90	5.22	4.90	5.16	2267577	16429496.00
2012/09/03	5.12	5.29	5.10	5.24	2023874	14952978.00
2012/09/04	5.26	5.34	5.20	5.21	1445761	10757476.00
2012/09/05	5.18	5.32	5.18	5.30	1638202	12210319.00
2012/09/06	5.35	5.58	5.34	5.48	3292097	25504856.00
2012/09/07	5.52	5.82	5.47	5.77	6629591	53393840.00
2012/09/10	5.75	5.81	5.67	5.72	3708136	29903876.00
2012/09/11	5.72	5.72	5.61	5.66	1815516	14466728.00
2012/09/12	5.73	5.75	5.55	5.65	2503035	19883074.00
2012/09/13	5.63	5.65	5.51	5.54	1660118	13088990.00
2012/09/14	5.54	5.69	5.49	5.53	1910263	15014217.00
2012/09/17	5.52	5.57	5.32	5.33	1527092	11693472.00
2012/09/18	5.32	5.35	5.22	5.25	1520452	11321752.00
2012/09/19	5.25	5.32	5.22	5.30	1141251	8522192.00
2012/09/20	5.27	5.29	5.01	5.04	1237765	9016464.00
2012/09/21	5.02	5.08	4.97	4.98	991035	7061841.00
2012/09/24	4.95	5.08	4.88	5.02	1004974	7091296.00
2012/09/25	5.01	5.05	4.93	4.95	670851	4733256.00
2012/09/26	4.93	4.98	4.83	4.84	653776	4543226.00
2012/09/27	4.85	5.04	4.85	4.99	822546	5784053.00
2012/09/28	5.00	5.12	4.98	5.09	1441632	10317812.00
2012/10/08	5.06	5.12	5.03	5.07	641969	4617195.00
2012/10/09	5.09	5.41	5.08	5.40	3425066	25688336.00
2012/10/10	5.50	5.52	5.29	5.42	3314750	25290216.00
2012/10/11	5.32	5.38	5.19	5.22	2450138	18344866.00
2012/10/12	5.20	5.49	5.15	5.44	4249575	32271184.00
2012/10/15	5.43	5.63	5.38	5.57	4341798	33801308.00
2012/10/16	5.55	5.56	5.43	5.44	2547090	19767080.00
2012/10/17	5.45	5.49	5.38	5.43	1520648	11660741.00
2012/10/18	5.43	5.54	5.43	5.51	2203406	17105228.00
2012/10/19	5.38	5.52	5.38	5.43	1957888	15012762.00
2012/10/22	5.40	5.42	5.32	5.41	1185627	9011314.00
2012/10/23	5.44	5.58	5.41	5.57	5073160	39535480.00
2012/10/24	5.51	5.77	5.49	5.55	5492390	43491752.00
2012/10/25	5.59	5.59	5.47	5.49	3616070	28250200.00
2012/10/26	5.51	5.55	5.29	5.33	2318560	17655414.00
2012/10/29	5.38	5.48	5.34	5.42	1677934	12814785.00
2012/10/30	5.45	5.61	5.41	5.60	3033588	23586776.00
2012/10/31	5.60	5.60	5.42	5.52	2803923	21739574.00
2012/11/01	5.55	5.66	5.46	5.65	4299569	33881628.00
2012/11/02	5.64	5.69	5.58	5.67	3466736	27549560.00
2012/11/05	5.66	5.69	5.55	5.61	2492756	19755064.00
2012/11/06	5.60	5.61	5.41	5.49	2369316	18346350.00
2012/11/07	5.49	5.55	5.41	5.49	1682655	13059467.00
2012/11/08	5.38	5.42	5.12	5.15	3352176	24884964.00
2012/11/09	5.12	5.24	5.09	5.12	1387598	10140225.00
2012/11/12	5.12	5.20	5.12	5.19	939915	6883126.00
2012/11/13	5.20	5.20	5.01	5.02	1343274	9644546.00
2012/11/14	5.01	5.07	4.98	5.06	842222	6014994.00
2012/11/15	5.06	5.06	4.88	4.89	1419668	9999643.00
2012/11/16	4.89	4.95	4.86	4.95	900753	6262800.00
2012/11/19	4.95	4.95	4.84	4.92	1326400	9224924.00
2012/11/20	4.94	5.00	4.91	4.94	785962	5522534.00
2012/11/21	4.98	5.03	4.85	5.03	1077704	7563932.00
2012/11/22	5.01	5.01	4.92	4.93	840900	5913403.00
2012/11/23	4.90	5.00	4.90	4.97	674390	4754028.00
2012/11/26	4.93	4.98	4.86	4.86	720600	5006880.00
2012/11/27	4.86	4.86	4.70	4.80	1397554	9456355.00
2012/11/28	4.78	4.78	4.68	4.71	588050	3941396.00
2012/11/29	4.72	4.75	4.62	4.63	590930	3952551.00
2012/11/30	4.66	4.70	4.59	4.64	578455	3834547.00
2012/12/03	4.63	4.67	4.19	4.40	723406	4743829.00
2012/12/04	4.41	4.49	4.01	4.45	1190544	7445293.00
2012/12/05	4.46	4.73	4.46	4.65	1981599	12978970.00
2012/12/06	4.58	4.73	4.57	4.66	1065419	7057489.00
2012/12/07	4.64	4.77	4.61	4.76	1570040	10514383.00
2012/12/10	4.78	4.83	4.72	4.81	1463558	9967859.00
2012/12/11	4.78	4.86	4.74	4.82	1213073	8276318.00
2012/12/12	4.82	4.83	4.72	4.77	952645	6453795.00
2012/12/13	4.76	4.78	4.63	4.63	912382	6105221.00
2012/12/14	4.63	4.91	4.60	4.88	2267523	15521513.00
2012/12/17	4.88	4.98	4.87	4.92	1892727	13245406.00
2012/12/18	4.92	4.98	4.88	4.92	1535374	10741634.00
2012/12/19	4.95	4.95	4.86	4.90	987555	6858284.00
2012/12/20	4.88	4.95	4.82	4.93	1560118	10818375.00
2012/12/21	4.96	5.13	4.91	4.92	2812918	19992022.00
2012/12/24	4.93	4.93	4.86	4.88	1073467	7451991.00
2012/12/25	4.88	5.01	4.83	4.99	2718382	19134362.00
2012/12/26	4.98	5.07	4.98	5.07	2955101	21074624.00
2012/12/27	5.07	5.12	4.98	5.00	3010609	21595480.00
2012/12/28	5.02	5.07	4.98	5.06	1865130	13294000.00
2012/12/31	5.09	5.14	5.04	5.13	2157875	15598046.00
2013/01/04	5.15	5.21	5.02	5.15	2378221	17225320.00
2013/01/07	5.19	5.47	5.17	5.43	6527944	49740668.00
2013/01/08	5.47	5.58	5.32	5.52	5413500	41803564.00
2013/01/09	5.52	5.76	5.46	5.65	6562488	52341704.00
2013/01/10	5.62	5.78	5.58	5.63	4191403	33482660.00
2013/01/11	5.61	5.66	5.30	5.38	4157447	32183554.00
2013/01/14	5.38	5.75	5.34	5.69	5576210	44085408.00
2013/01/15	5.71	5.84	5.63	5.83	6508816	52493072.00
2013/01/16	5.81	5.81	5.63	5.71	3672080	29519024.00
2013/01/17	5.66	5.73	5.58	5.59	2484983	19710678.00
2013/01/18	5.66	5.71	5.58	5.66	2285686	18221818.00
2013/01/21	5.69	5.72	5.61	5.66	2104977	16780856.00
2013/01/22	5.68	5.68	5.48	5.51	2639628	20768720.00
2013/01/23	5.51	5.54	5.35	5.49	2261755	17411522.00
2013/01/24	5.49	5.58	5.28	5.32	3204870	24573516.00
2013/01/25	5.37	5.72	5.32	5.67	5910258	46524276.00
2013/01/28	5.89	6.26	5.83	6.26	18059833	156182304.00
2013/01/29	6.38	6.55	6.20	6.38	21518863	192100720.00
2013/01/30	6.33	6.41	6.18	6.22	9142562	80457352.00
2013/01/31	6.18	6.33	6.14	6.17	6791209	59368192.00
2013/02/01	6.15	6.17	6.03	6.13	5173000	44380772.00
2013/02/04	6.14	6.21	5.95	6.02	4930257	41797556.00
2013/02/05	6.04	6.21	5.98	6.20	4893862	42085480.00
2013/02/06	6.12	6.26	6.12	6.17	3687789	32083244.00
2013/02/07	6.17	6.22	5.95	6.01	4215250	35743744.00
2013/02/08	6.07	6.12	6.01	6.08	2869655	24501412.00
2013/02/18	6.13	6.28	6.10	6.21	3955439	34526608.00
2013/02/19	6.18	6.25	6.01	6.02	3199511	27540328.00
2013/02/20	6.03	6.18	5.98	6.15	2728503	23336484.00
2013/02/21	6.09	6.26	5.97	6.24	5233250	45130872.00
2013/02/22	6.26	6.32	6.18	6.19	4312269	37861756.00
2013/02/25	6.17	6.30	6.15	6.19	3139758	27484730.00
2013/02/26	6.15	6.19	6.01	6.02	3458864	29674748.00
2013/02/27	6.02	6.10	5.88	5.91	3206149	26937464.00
2013/02/28	5.93	6.02	5.86	5.99	2729976	22943992.00
2013/03/01	6.00	6.08	5.98	6.08	2548808	21623842.00
2013/03/04	6.01	6.10	5.81	5.86	3182284	26685720.00
2013/03/05	5.83	6.02	5.83	6.01	1841458	15418354.00
2013/03/06	6.08	6.23	6.01	6.18	3980681	34546296.00
2013/03/07	6.21	6.70	6.13	6.41	9675778	87013120.00
2013/03/08	6.33	6.38	6.20	6.21	4884552	42956144.00
2013/03/11	6.18	6.39	6.10	6.32	3476207	30492590.00
2013/03/12	6.29	6.36	5.98	6.08	3627042	31460856.00
2013/03/13	6.03	6.03	5.82	5.87	2857233	23696424.00
2013/03/14	5.86	6.07	5.82	5.95	1968883	16490749.00
2013/03/15	5.95	6.07	5.86	5.91	2070991	17437200.00
2013/03/19	5.91	6.00	5.73	5.88	1803839	14880885.00
2013/03/20	5.88	5.99	5.85	5.98	2238162	18752378.00
2013/03/21	6.00	6.15	5.99	6.07	2782341	23733408.00
2013/03/22	6.04	6.12	5.99	6.09	1871642	15924050.00
2013/03/25	6.10	6.15	6.02	6.10	2369710	20294584.00
2013/03/26	6.09	6.11	5.95	5.97	1979866	16707801.00
2013/03/27	5.97	6.06	5.94	5.99	1575035	13281392.00
2013/03/28	5.97	5.97	5.62	5.66	3259137	26475442.00
2013/03/29	5.63	5.72	5.62	5.66	1210099	9674431.00
2013/04/01	5.64	5.74	5.63	5.68	1185685	9503814.00
2013/04/02	5.64	5.76	5.63	5.67	1035251	8317383.00
2013/04/03	5.67	5.69	5.49	5.51	1736220	13594482.00
2013/04/08	5.45	5.51	5.26	5.50	1422634	10821328.00
2013/04/09	5.53	5.63	5.53	5.58	1087916	8577914.00
2013/04/10	5.58	5.63	5.51	5.59	856010	6728473.00
2013/04/11	5.66	5.66	5.55	5.57	759365	5994714.00
2013/04/12	5.57	5.63	5.46	5.49	840309	6587007.00
2013/04/15	5.44	5.45	5.29	5.31	1067820	8061528.00
2013/04/16	5.31	5.44	5.21	5.41	758792	5750163.00
2013/04/17	5.41	5.47	5.38	5.45	655825	5034736.00
2013/04/18	5.41	5.61	5.41	5.58	1245106	9787897.00
2013/04/19	5.65	5.72	5.57	5.68	1822479	14544860.00
2013/04/22	5.62	5.78	5.62	5.69	1227993	9895627.00
2013/04/23	5.70	5.78	5.58	5.60	1291465	10280265.00
2013/04/24	5.78	6.04	5.66	5.98	4550213	37909264.00
2013/04/25	6.00	6.15	5.92	6.01	5197492	44426516.00
2013/04/26	6.03	6.12	5.78	5.83	3299887	27458550.00
2013/05/02	5.78	5.78	5.55	5.58	2479264	19622732.00
2013/05/03	5.64	5.72	5.52	5.60	3211727	25487812.00
2013/05/06	5.63	5.69	5.58	5.67	2800388	22305492.00
2013/05/07	5.66	5.68	5.56	5.60	1831737	14530698.00
2013/05/08	5.58	5.75	5.58	5.74	2866038	22975538.00
2013/05/09	5.76	5.81	5.66	5.79	2718873	22016594.00
2013/05/10	5.80	5.97	5.72	5.95	3892978	32176756.00
2013/05/13	5.95	6.01	5.87	5.93	2369372	19767598.00
2013/05/14	5.94	5.96	5.73	5.75	2426196	19806212.00
2013/05/15	5.80	5.84	5.73	5.83	1431391	11655094.00
2013/05/16	5.83	5.95	5.76	5.94	2756672	22906806.00
2013/05/17	5.93	6.19	5.89	6.09	4578091	39056912.00
2013/05/20	6.08	6.17	6.05	6.07	4455263	38236036.00
2013/05/21	6.10	6.29	6.08	6.29	5451209	47505656.00
2013/05/22	6.26	6.30	6.08	6.13	3869561	33625280.00
2013/05/23	6.11	6.21	6.03	6.06	3001246	25836046.00
2013/05/24	6.09	6.22	6.06	6.20	2448767	21134624.00
2013/05/27	6.20	6.33	6.19	6.26	3498328	30778732.00
2013/05/28	6.30	6.33	6.18	6.28	3372762	29642616.00
2013/05/29	6.28	6.29	6.18	6.26	3720417	32564544.00
2013/05/30	6.20	6.26	6.19	6.22	2280958	19937198.00
2013/05/31	6.21	6.34	6.17	6.18	3927181	34584616.00
2013/06/03	6.17	6.19	6.02	6.06	3661075	31318932.00
2013/06/04	6.04	6.09	5.90	6.01	2538713	21370836.00
2013/06/05	6.00	6.09	5.95	6.07	1775551	15039420.00
2013/06/06	5.99	6.06	5.82	5.86	1737083	14584587.00
2013/06/07	5.86	5.97	5.72	5.77	1575546	12890730.00
2013/06/13	5.70	5.70	5.46	5.49	1458695	11410002.00
2013/06/14	5.52	5.58	5.49	5.55	1241550	9718909.00
2013/06/17	5.55	5.64	5.55	5.58	1262614	9969090.00
2013/07/02	6.17	6.17	6.17	6.17	997618	8649348.00
2013/07/03	6.81	6.81	6.49	6.81	20305687	189851024.00
2013/07/04	6.82	7.42	6.80	6.88	18513450	134142984.00
2013/07/05	6.72	6.84	6.48	6.50	20765260	141546960.00
2013/07/08	6.32	6.41	6.18	6.27	10797348	69948720.00
2013/07/09	6.23	6.52	6.14	6.43	10193016	66690296.00
2013/07/10	6.37	6.57	6.29	6.56	12924609	85246672.00
2013/07/11	6.50	6.83	6.47	6.61	15272016	104354224.00
2013/07/12	6.57	6.68	6.42	6.42	11363247	76401216.00
2013/07/15	6.39	6.61	6.32	6.60	9867712	65729404.00
2013/07/16	6.59	6.93	6.54	6.85	16027729	111616968.00
2013/07/17	6.76	6.96	6.64	6.71	10904940	75911224.00
2013/07/18	6.67	6.79	6.43	6.78	8548194	58064432.00
2013/07/19	6.77	7.02	6.58	6.59	15185529	106981424.00
2013/07/22	6.52	6.77	6.45	6.73	7039645	47960944.00
2013/07/23	6.68	6.83	6.67	6.80	9554099	66298224.00
2013/07/24	6.76	6.87	6.58	6.79	9327241	64156532.00
2013/07/25	6.78	6.91	6.59	6.59	7853771	54267432.00
2013/07/26	6.58	6.60	6.47	6.47	5373462	35975160.00
2013/07/29	6.39	6.41	6.13	6.17	6867299	44375692.00
2013/07/30	6.16	6.27	6.04	6.13	4456025	28314074.00
2013/07/31	6.17	6.26	6.12	6.16	3118299	19857770.00
2013/08/01	6.16	6.35	6.16	6.33	3979067	25726688.00
2013/08/02	6.32	6.39	6.27	6.31	4348176	28283950.00
2013/08/05	6.31	6.39	6.24	6.38	3982567	25918922.00
2013/08/06	6.38	6.47	6.30	6.44	4194189	27619436.00
2013/08/07	6.41	6.42	6.27	6.30	4289359	28016132.00
2013/08/08	6.32	6.33	6.20	6.24	3342525	21509014.00
2013/08/09	6.26	6.46	6.22	6.40	4322678	28153724.00
2013/08/12	6.38	6.51	6.33	6.49	6203570	40995628.00
2013/08/13	6.51	6.55	6.45	6.52	5088372	34049284.00
2013/08/14	6.52	6.58	6.46	6.52	5114140	34309944.00
2013/08/15	6.53	6.58	6.50	6.56	4430908	29796532.00
2013/08/16	6.52	6.60	6.23	6.26	5857442	38710632.00
2013/08/19	6.17	6.74	6.15	6.71	9222916	61874864.00
2013/08/20	6.91	7.11	6.72	6.77	21262998	150179968.00
2013/08/21	6.62	7.08	6.60	7.04	19340365	138085312.00
2013/08/22	6.98	7.07	6.83	6.94	11586415	82646528.00
2013/08/23	6.93	7.00	6.74	6.79	10068982	70873712.00
2013/08/26	6.77	6.99	6.75	6.97	8063929	57132116.00
2013/08/27	6.96	6.99	6.86	6.94	5404748	38309864.00
2013/08/28	6.87	6.92	6.79	6.80	7616049	53458144.00
2013/08/29	6.82	7.04	6.78	6.91	7214252	51332056.00
2013/08/30	6.88	6.90	6.61	6.62	8088601	56068792.00
2013/09/02	6.61	6.89	6.57	6.76	4595905	31796020.00
2013/09/03	6.75	6.89	6.69	6.87	4838601	33761152.00
2013/09/04	6.84	6.88	6.75	6.81	3847419	26877772.00
2013/09/05	6.81	6.81	6.68	6.74	3572997	24689530.00
2013/09/06	6.75	6.78	6.63	6.71	3295544	22667260.00
2013/09/09	6.71	6.92	6.67	6.91	6746593	47328224.00
2013/09/10	6.89	6.98	6.82	6.94	5795960	40980312.00
2013/09/11	6.95	7.25	6.95	7.09	11756425	85884560.00
2013/09/12	7.12	7.12	6.98	7.05	4887934	35198932.00
2013/09/13	7.04	7.25	7.01	7.05	5768117	42101536.00
2013/09/16	7.10	7.24	6.91	6.96	6687598	48444272.00
2013/09/17	6.96	6.97	6.77	6.79	4550118	31992424.00
2013/09/18	6.82	6.85	6.68	6.83	3558211	24731848.00
2013/09/23	6.82	6.90	6.80	6.89	4041313	28400960.00
2013/09/24	6.88	6.89	6.76	6.83	4267367	29852778.00
2013/09/25	6.78	6.85	6.74	6.76	3550767	24775080.00
2013/09/26	6.75	6.80	6.61	6.61	3457653	23761152.00
2013/09/27	6.61	6.74	6.58	6.67	2357335	16089120.00
2013/09/30	6.67	6.80	6.67	6.80	2000586	13893233.00
2013/10/08	6.78	7.06	6.75	6.96	4020568	28547344.00
2013/10/09	6.91	6.96	6.84	6.95	3886449	27568120.00
2013/10/10	6.94	7.05	6.88	6.96	4327944	30941584.00
2013/10/11	7.01	7.09	6.94	7.03	5698666	40970508.00
2013/10/14	7.14	7.17	7.01	7.06	5417912	39258588.00
2013/10/15	7.06	7.08	6.93	7.00	4136800	29597120.00
2013/10/16	6.95	6.99	6.74	6.81	4201505	29509738.00
2013/10/17	6.84	6.92	6.80	6.84	3124458	21973364.00
2013/10/18	6.80	6.89	6.80	6.81	1988658	13946930.00
2013/10/21	6.86	7.00	6.79	6.99	4582662	32486016.00
2013/10/22	6.97	6.99	6.81	6.83	4620054	32703528.00
2013/10/23	6.83	7.29	6.74	7.27	13562944	98106592.00
2013/10/24	7.17	7.41	7.02	7.28	15235163	112835432.00
2013/10/25	7.26	7.40	7.01	7.08	10213685	75170808.00
2013/10/28	7.04	7.23	6.98	7.19	6196856	45172664.00
2013/10/29	7.19	7.26	6.52	6.72	9962005	69979808.00
2013/10/30	6.69	6.80	6.53	6.71	5315961	36417984.00
2013/10/31	6.77	6.87	6.72	6.75	3971995	27658616.00
2013/11/01	6.70	6.82	6.70	6.72	3522198	24455588.00
2013/11/04	6.72	6.75	6.61	6.75	2507649	17223194.00
2013/11/05	6.73	6.74	6.53	6.71	3176801	21686626.00
2013/11/06	6.71	6.74	6.62	6.66	2727270	18677464.00
2013/11/07	6.66	6.66	6.45	6.47	3603164	24169316.00
2013/11/08	6.43	6.58	6.39	6.40	2485262	16535853.00
2013/11/11	6.45	6.52	6.34	6.49	1511320	10025353.00
2013/11/12	6.48	6.60	6.45	6.59	1805674	12091723.00
2013/11/13	6.56	6.67	6.43	6.44	2165706	14603110.00
2013/11/14	6.45	6.60	6.35	6.55	2265557	15128528.00
2013/11/15	6.55	7.00	6.53	6.75	6416692	44717140.00
2013/11/18	6.76	6.96	6.76	6.92	5404028	38206480.00
2013/11/19	6.93	7.03	6.85	6.97	4156434	29557480.00
2013/11/20	6.97	7.69	6.92	7.69	25476817	196349472.00
2013/11/21	7.77	8.18	7.65	7.82	30952127	249678768.00
2013/11/22	7.78	7.78	7.56	7.65	12242713	95966264.00
2013/11/25	7.67	7.78	7.49	7.61	9807688	76826072.00
2013/11/26	7.56	7.67	7.42	7.55	8566567	66041944.00
2013/11/27	7.55	7.83	7.51	7.74	9707789	76828496.00
2013/11/28	7.69	7.79	7.65	7.69	6395640	50415260.00
2013/11/29	7.70	7.95	7.64	7.83	8302556	66279776.00
2013/12/02	7.62	7.68	7.11	7.19	10165083	77003568.00
2013/12/03	7.21	7.47	7.21	7.41	5196509	39348160.00
2013/12/04	7.40	7.65	7.35	7.47	6300244	48468020.00
2013/12/05	7.47	7.63	7.36	7.54	4430760	33965652.00
2013/12/06	7.56	7.63	7.43	7.49	3709266	28599488.00
2013/12/09	7.52	7.75	7.50	7.67	5498467	43123504.00
2013/12/10	7.67	7.80	7.56	7.63	5107006	40180144.00
2013/12/11	7.62	7.68	7.33	7.44	5095418	38932900.00
2013/12/12	7.37	7.50	7.34	7.38	3053582	23186690.00
2013/12/13	7.40	7.40	7.27	7.36	3396436	25481154.00
2013/12/16	7.34	7.38	7.18	7.19	3270283	24340372.00
2013/12/17	7.15	7.31	7.15	7.27	2508775	18596712.00
2013/12/18	7.22	7.27	7.16	7.18	2431299	17926474.00
2013/12/19	7.18	7.28	7.15	7.22	2028316	15000344.00
2013/12/20	7.22	7.28	7.11	7.12	2004118	14733058.00
2013/12/23	7.12	7.17	6.73	6.89	3927073	27776650.00
2013/12/24	6.93	7.01	6.81	6.90	2440982	17335232.00
2013/12/25	6.88	7.01	6.88	7.00	1626742	11598655.00
2013/12/26	7.02	7.12	6.95	6.96	1951345	14045304.00
2013/12/27	6.92	7.10	6.92	7.09	1966281	14219699.00
2013/12/30	7.15	7.23	7.05	7.12	2427150	17818720.00
2013/12/31	7.14	7.21	7.02	7.20	2175004	15899430.00
2014/01/02	7.22	7.77	7.18	7.64	12098412	93221480.00
2014/01/03	7.57	7.77	7.50	7.62	10233013	80227704.00
2014/01/07	7.27	7.54	7.11	7.45	6659022	50419864.00
2014/01/08	7.57	7.83	7.57	7.66	7173631	56520408.00
2014/01/09	7.58	7.74	7.32	7.35	6658947	51518852.00
2014/01/10	7.26	8.10	7.26	8.10	14760871	120816992.00
2014/01/13	8.31	8.42	7.64	7.67	26158498	212498336.00
2014/01/14	7.62	7.78	7.45	7.76	11927057	93337832.00
2014/01/15	7.85	8.10	7.74	8.01	15702396	127639096.00
2014/01/16	7.97	8.10	7.82	7.86	10562421	85758312.00
2014/01/17	7.82	7.87	7.60	7.66	7162678	56453656.00
2014/01/20	7.61	7.79	7.53	7.67	5688751	44643488.00
2014/01/21	7.60	7.76	7.60	7.70	5381600	42283172.00
2014/01/22	7.66	7.98	7.64	7.94	8725441	70482992.00
2014/01/23	7.92	8.05	7.87	7.96	7684269	62583172.00
2014/01/24	7.91	8.17	7.84	8.12	9980042	81982416.00
2014/01/27	8.07	8.22	7.94	7.94	7947836	65731816.00
2014/01/28	7.94	8.07	7.82	7.94	4871266	39491456.00
2014/01/29	7.94	8.04	7.88	8.03	4701848	38323888.00
2014/01/30	7.95	8.01	7.74	7.77	4583600	37000668.00
2014/02/07	7.66	7.88	7.57	7.86	5849981	46386344.00
2014/02/10	7.85	8.30	7.85	8.24	10349753	86315248.00
2014/02/11	8.26	8.58	8.12	8.26	13467264	114921440.00
2014/02/12	8.22	8.60	8.14	8.57	13535866	116510256.00
2014/02/13	8.55	8.69	8.32	8.43	9439602	81836840.00
2014/02/14	8.41	8.60	8.34	8.49	9031170	78188080.00
2014/02/17	9.07	9.36	8.73	8.86	22224566	203504560.00
2014/02/18	8.86	9.41	8.83	9.02	24973356	232608064.00
2014/02/19	8.88	8.96	8.70	8.80	16579171	148911744.00
2014/02/20	8.99	9.24	8.73	8.84	17663659	161660096.00
2014/02/21	8.72	8.82	8.48	8.54	10727436	94489808.00
2014/02/24	8.49	8.73	8.36	8.71	7419912	64624288.00
2014/02/25	8.79	8.79	8.15	8.22	11608971	100061616.00
2014/02/26	8.35	8.41	8.07	8.36	8196992	68958144.00
2014/02/27	8.35	8.54	8.05	8.07	9223710	78439168.00
2014/02/28	8.02	8.18	7.82	8.13	7050381	57599436.00
2014/03/03	8.12	8.31	8.08	8.23	5219037	43864068.00
2014/03/04	8.19	8.20	7.94	8.13	5420934	44806564.00
2014/03/05	8.13	8.37	8.11	8.16	6112101	51512340.00
2014/03/06	8.16	8.19	7.96	8.18	3779100	31247030.00
2014/03/07	8.20	8.35	8.15	8.19	4628709	38991940.00
2014/03/10	8.14	8.16	7.82	7.83	4989962	40497068.00
2014/03/11	7.83	7.90	7.68	7.76	4085163	32453880.00
2014/03/12	7.72	7.87	7.66	7.83	3029762	24104442.00
2014/03/13	7.84	7.94	7.76	7.88	3473343	27966812.00
2014/03/14	7.88	8.04	7.84	7.96	3719893	30233958.00
2014/03/17	7.96	8.16	7.90	8.15	3700735	30397178.00
2014/03/18	8.15	8.19	8.04	8.09	3048553	25256110.00
2014/03/19	8.11	8.11	7.91	8.02	2938170	24090512.00
2014/03/20	8.00	8.31	7.97	8.06	6650739	55472892.00
2014/03/21	8.12	8.50	8.12	8.46	10449311	89253368.00
2014/03/24	8.47	8.52	8.33	8.45	6843875	58794940.00
2014/03/25	8.70	8.70	8.26	8.34	5116883	43792696.00
2014/03/26	8.30	8.43	8.20	8.34	2990171	25365300.00
2014/03/27	8.27	8.30	8.06	8.07	4173544	34820044.00
2014/03/28	8.06	8.17	7.82	7.86	4058752	33000748.00
2014/03/31	7.82	8.00	7.82	7.90	1844407	14882213.00
2014/04/01	7.90	8.02	7.87	8.01	2049507	16684136.00
2014/04/02	8.05	8.07	7.92	7.95	2004311	16370043.00
2014/04/03	7.97	8.06	7.94	7.97	1960231	16020116.00
2014/04/04	7.92	8.00	7.89	7.99	2175895	17687720.00
2014/04/08	7.93	8.18	7.92	8.16	3484129	28851396.00
2014/04/09	8.15	8.28	8.14	8.22	2731509	22909388.00
2014/04/10	8.22	8.28	8.17	8.20	3207635	26999320.00
2014/04/11	8.20	8.20	7.95	8.03	3243809	26741664.00
2014/04/14	7.97	8.15	7.97	8.14	2212376	18301750.00
2014/04/15	8.15	8.35	8.13	8.22	4910621	41378416.00
2014/04/16	8.22	8.34	8.14	8.24	3009629	25339220.00
2014/04/17	8.24	8.25	8.12	8.14	2553947	21326044.00
2014/04/18	8.16	8.19	8.03	8.12	2726035	22497702.00
2014/04/21	8.06	8.11	7.82	7.84	3870554	31437264.00
2014/04/22	7.82	7.90	7.67	7.78	3303911	26282690.00
2014/04/23	7.77	7.86	7.69	7.84	1330990	10621258.00
2014/04/24	7.84	7.86	7.69	7.70	1525639	12101967.00
2014/04/25	7.72	7.76	7.34	7.36	3397680	26165134.00
2014/04/28	7.35	7.35	7.05	7.06	2693151	19708088.00
2014/04/29	7.02	7.25	7.02	7.18	1754730	12879366.00
2014/04/30	7.09	7.21	7.07	7.16	1698351	12431412.00
2014/05/05	7.16	7.32	7.09	7.31	2133738	15736899.00
2014/05/06	7.25	7.37	7.17	7.29	1825702	13635647.00
2014/05/07	7.30	7.34	7.13	7.16	1997289	14809218.00
2014/05/08	7.12	7.29	7.10	7.13	1349766	9939452.00
2014/05/09	7.13	7.16	6.93	6.99	2592199	18703788.00
2014/05/12	7.12	7.19	7.01	7.18	2370733	17283824.00
2014/05/13	7.18	7.29	7.15	7.26	2134438	15819883.00
2014/05/14	7.26	7.27	7.20	7.23	1872831	13884664.00
2014/05/15	7.21	7.32	7.02	7.08	1887507	13918758.00
2014/05/16	7.09	7.09	6.92	7.04	2096071	15061215.00
2014/05/19	7.07	7.10	6.94	7.06	1645946	11836320.00
2014/05/20	7.08	7.11	7.02	7.06	1207803	8754509.00
2014/05/21	7.05	7.17	6.99	7.17	1325231	9670044.00
2014/05/22	7.20	7.27	7.15	7.22	2855671	21156032.00
2014/05/23	7.22	7.29	7.16	7.29	1712452	12692498.00
2014/05/26	7.30	7.36	7.23	7.36	2226569	16716204.00
2014/05/27	7.36	7.36	7.21	7.33	1906009	14221563.00
2014/05/28	7.32	7.39	7.28	7.37	2303683	17325900.00
2014/05/29	7.34	7.40	7.28	7.34	1712732	12883540.00
2014/05/30	7.30	7.39	7.25	7.33	1437423	10795007.00
2014/06/03	7.32	7.37	7.24	7.30	1011570	7560382.00
2014/06/04	7.25	7.31	7.22	7.30	1233665	9181787.00
2014/06/05	7.35	7.55	7.32	7.43	9171802	70130760.00
2014/06/06	7.36	7.42	7.20	7.24	4474278	33387058.00
2014/06/09	7.25	7.28	7.07	7.11	2278024	16771062.00
2014/06/10	7.12	7.27	7.09	7.25	2335253	17198532.00
2014/06/11	7.25	7.28	7.20	7.27	1680270	12468295.00
2014/06/12	7.28	7.28	7.19	7.24	1334159	9880774.00
2014/06/13	7.21	7.39	7.20	7.34	2607468	19538564.00
2014/06/16	7.36	7.52	7.29	7.48	4318411	32894008.00
2014/06/17	7.48	7.54	7.44	7.50	3388131	26009144.00
2014/06/18	7.48	7.53	7.40	7.50	2642240	20196726.00
2014/06/19	7.50	7.64	7.27	7.51	7748556	59237228.00
2014/06/20	7.46	7.71	7.34	7.51	10718257	82455800.00
2014/06/23	7.48	7.49	7.32	7.45	3311025	25140844.00
2014/06/24	7.45	7.53	7.37	7.52	2834225	21599488.00
2014/06/25	7.50	7.50	7.39	7.45	2234580	17004996.00
2014/06/26	7.44	7.59	7.43	7.51	2895465	22292386.00
2014/06/27	7.47	7.60	7.45	7.56	3282457	25357188.00
2014/06/30	7.59	8.01	7.57	7.94	9990661	80355896.00
2014/07/01	7.94	8.06	7.82	7.96	6287350	51063112.00
2014/07/02	7.94	8.10	7.88	7.98	6150838	50275736.00
2014/07/03	7.98	8.20	7.97	7.98	5547212	45759260.00
2014/07/04	7.97	7.98	7.83	7.85	4125532	33240482.00
2014/07/07	7.93	8.04	7.93	7.98	3555053	29016136.00
2014/07/08	7.99	8.03	7.85	8.02	2882589	23418044.00
2014/07/09	8.06	8.32	7.91	7.92	8760833	72957296.00
2014/07/10	7.91	8.10	7.87	7.96	4720551	38530656.00
2014/07/11	7.96	8.17	7.94	8.15	5033441	41694904.00
2014/07/14	8.18	8.29	8.07	8.17	4266718	35603744.00
2014/07/15	8.20	8.30	8.02	8.18	5073470	41846476.00
2014/07/16	8.17	8.19	7.93	7.98	4216895	34334572.00
2014/07/17	7.99	8.10	7.86	8.09	4065851	32822076.00
2014/07/18	8.06	8.11	7.96	8.00	2547629	20758048.00
2014/09/30	8.81	8.81	8.81	8.81	155837	1388508.00
2014/10/08	9.70	9.70	9.70	9.70	180574	1769625.00
2014/10/09	10.68	10.68	10.68	10.68	857803	9247116.00
2014/10/10	11.76	11.76	11.01	11.54	60799028	706330240.00
2014/10/13	11.38	11.98	11.27	11.56	29837134	350922560.00
2014/10/14	11.50	11.75	11.23	11.34	17494312	202424976.00
2014/10/15	11.30	11.43	10.83	10.94	17547712	195334048.00
2014/10/16	10.98	11.14	10.58	10.61	15091733	165752656.00
2014/10/17	10.55	10.87	10.22	10.69	14783844	157447360.00
2014/10/20	10.70	10.86	10.59	10.75	6806372	73805048.00
2014/10/21	10.75	10.84	10.47	10.49	6164914	66050664.00
2014/10/22	10.45	10.75	10.27	10.35	6181206	65553668.00
2014/10/23	10.34	10.96	10.30	10.90	15031387	162276912.00
2014/10/24	10.82	11.25	10.81	10.93	15161897	169769552.00
2014/10/27	10.76	12.00	10.40	11.89	25455011	291742464.00
2014/10/28	12.23	12.39	11.90	12.27	24497520	301270656.00
2014/10/29	12.28	12.84	12.18	12.68	20576211	260986512.00
2014/10/30	12.60	12.77	12.20	12.35	13203153	165893152.00
2014/10/31	12.35	12.46	11.78	11.93	12282620	148870592.00
2014/11/03	11.85	12.15	11.85	12.10	7362516	89163016.00
2014/11/04	12.26	12.26	11.75	11.85	6573887	79064864.00
2014/11/05	11.76	11.96	11.62	11.80	5888951	69946944.00
2014/11/06	11.83	12.39	11.67	12.35	10627132	129828336.00
2014/11/07	12.29	12.40	11.69	11.77	9119907	110464696.00
2014/11/10	11.75	11.97	11.57	11.82	6501435	77029776.00
2014/11/11	11.89	11.90	11.21	11.28	6229215	72385624.00
2014/11/12	11.28	11.76	11.28	11.60	3519258	41007672.00
2014/11/13	11.52	11.62	11.08	11.17	5529324	63042460.00
2014/11/14	11.20	11.47	11.01	11.10	5399449	60980632.00
2014/11/17	11.12	11.24	10.81	10.90	9542333	105833328.00
2014/11/18	11.14	11.28	10.92	11.07	8246479	92219048.00
2014/11/19	11.02	11.34	11.02	11.24	7377145	83188872.00
2014/11/20	11.20	11.22	11.06	11.17	4643114	52124916.00
2014/11/21	11.12	11.25	11.12	11.21	4435132	50054240.00
2014/11/24	11.35	11.38	11.15	11.24	5574301	63243060.00
2014/11/25	11.25	11.78	11.16	11.66	9127814	106526688.00
2014/11/26	11.75	11.86	11.51	11.65	9798707	114831440.00
2014/11/27	11.65	11.80	11.42	11.45	8310313	96686336.00
2014/11/28	11.42	11.49	11.05	11.19	8977646	101888304.00
2014/12/01	11.40	11.40	10.88	10.92	8764432	97685440.00
2014/12/02	10.95	11.08	10.90	10.94	8998762	99508944.00
2014/12/03	11.04	11.41	10.92	11.41	11089987	124596448.00
2014/12/04	11.49	11.74	11.33	11.49	12212973	142056688.00
2014/12/05	11.60	11.72	10.69	11.45	18192975	208179968.00
2014/12/08	11.51	11.72	11.30	11.63	16018252	187380608.00
2014/12/09	11.60	11.60	10.59	10.63	18405706	205946016.00
2014/12/10	10.60	11.00	10.60	10.95	7128009	77868824.00
2014/12/11	10.94	11.06	10.69	10.98	7395360	80908136.00
2014/12/12	10.97	11.06	10.79	11.05	6363700	70086584.00
2014/12/15	10.90	11.15	10.82	11.11	6526062	72616560.00
2014/12/16	11.14	11.48	11.11	11.17	8145789	92561136.00
2014/12/17	11.08	11.08	10.78	10.86	6526268	71813744.00
2014/12/18	10.89	11.00	10.86	10.90	4603523	50735108.00
2014/12/19	10.91	10.91	10.43	10.51	7756793	83010312.00
2014/12/22	10.52	10.60	9.71	9.77	9034921	91139984.00
2014/12/23	9.85	10.00	9.72	9.77	4005500	39806600.00
2014/12/24	9.80	10.00	9.75	10.00	3024451	30286136.00
2014/12/25	10.02	10.12	9.91	10.04	3413547	34531420.00
2014/12/26	10.05	10.15	9.94	10.09	3494025	35559044.00
2014/12/29	10.07	10.25	9.95	10.04	4900905	49829320.00
2014/12/30	10.06	10.10	9.70	9.84	5499817	54906468.00
2014/12/31	9.98	10.83	9.93	10.66	11802094	125399840.00
2015/01/05	10.63	10.63	10.16	10.52	5771447	61023488.00
2015/01/06	10.34	10.74	10.30	10.65	6055521	64635528.00
2015/01/07	10.64	10.64	10.19	10.34	10127066	105983232.00
2015/01/08	10.33	10.35	10.11	10.20	4709330	48572608.00
2015/01/09	10.19	10.34	10.12	10.13	4052904	41989192.00
2015/01/12	10.16	10.16	9.91	10.02	2681804	27159232.00
2015/01/13	10.02	10.13	9.98	10.06	2982760	30275604.00
2015/01/14	10.10	10.68	10.10	10.65	10704579	112672432.00
2015/01/15	10.67	10.78	10.45	10.60	6067058	64811512.00
2015/01/16	10.60	10.98	10.60	10.71	8488819	92290664.00
2015/01/19	10.25	10.85	10.07	10.24	8112679	85449616.00
2015/01/20	10.27	10.76	10.27	10.71	7260823	77285256.00
2015/01/21	10.78	11.15	10.57	11.04	16718559	182488512.00
2015/01/22	10.96	11.37	10.90	11.23	12426919	139557248.00
2015/01/23	11.19	11.34	11.07	11.09	9894070	111784960.00
2015/01/26	11.10	11.56	11.06	11.44	10068082	115088160.00
2015/01/27	11.39	11.95	11.30	11.78	14245980	166834160.00
2015/01/28	11.78	11.78	11.55	11.63	6467401	75916896.00
2015/01/29	11.55	11.67	11.30	11.34	7040749	81265504.00
2015/01/30	11.31	11.70	11.31	11.36	5745386	66302700.00
2015/02/02	11.31	11.57	11.11	11.35	4380558	50414320.00
2015/02/03	11.55	11.87	11.36	11.64	7085040	83314896.00
2015/02/04	11.64	11.73	11.32	11.34	4655831	54053640.00
2015/02/05	11.40	11.48	11.11	11.13	4243018	48199012.00
2015/02/06	11.14	11.41	11.02	11.21	4189265	47335432.00
2015/02/09	11.42	11.60	11.19	11.34	5065130	58509960.00
2015/02/10	11.29	11.36	11.17	11.28	3460686	39284764.00
2015/02/11	11.34	11.70	11.23	11.69	6485511	75912560.00
2015/02/12	11.68	12.12	11.54	12.02	10242220	122888864.00
2015/02/13	12.15	12.25	11.89	12.05	8569221	104086608.00
2015/02/16	12.15	12.28	12.05	12.20	7262240	89150368.00
2015/02/17	12.31	12.40	12.10	12.12	4586743	56373756.00
2015/02/25	12.20	12.50	11.92	12.34	7332130	90574008.00
2015/02/26	12.28	12.41	12.20	12.28	4602341	57012968.00
2015/02/27	12.39	12.66	12.16	12.40	5896277	74047632.00
2015/03/02	12.42	12.84	12.42	12.75	7925561	101433504.00
2015/03/03	12.70	13.34	12.55	13.14	10869799	141877904.00
2015/03/04	13.22	13.28	13.05	13.24	6564606	87046856.00
2015/03/05	13.24	13.27	12.86	12.93	9109086	119179056.00
2015/03/06	12.95	12.97	12.47	12.54	8075535	102978520.00
2015/03/09	12.54	12.69	12.32	12.65	4853755	61287144.00
2015/03/10	12.65	12.73	12.52	12.68	4157425	53012328.00
2015/03/11	12.65	12.78	12.38	12.47	4851219	61234072.00
2015/03/12	12.50	12.57	12.28	12.42	6661337	83182328.00
2015/03/13	12.51	12.90	12.44	12.88	6580734	84099192.00
2015/03/16	12.90	13.26	12.90	13.13	7304186	96530248.00
2015/03/17	13.13	13.27	12.88	13.11	9175992	121104600.00
2015/03/18	13.01	14.00	13.01	13.70	13194745	182340240.00
2015/03/19	13.72	13.79	13.52	13.67	8961602	123247520.00
2015/03/20	13.68	14.13	13.68	13.81	8534767	119310352.00
2015/03/23	13.77	14.14	13.67	14.00	9830332	137883280.00
2015/03/24	14.00	14.00	13.35	13.71	11498625	158431584.00
2015/03/25	13.66	13.88	13.52	13.77	7574033	104570952.00
2015/03/26	13.66	14.83	13.59	14.40	13276058	190612288.00
2015/03/27	14.40	14.66	14.20	14.56	7734247	112690112.00
2015/03/30	14.56	15.17	14.50	14.83	8435725	126841904.00
2015/03/31	14.89	15.15	14.48	14.52	10234824	152175648.00
2015/04/01	14.50	15.05	14.46	14.98	10255501	153834192.00
2015/04/02	15.00	15.47	14.90	15.43	10677204	163059840.00
2015/04/03	15.40	16.18	15.25	16.08	11313010	180321728.00
2015/04/07	15.95	16.25	15.91	16.12	8205221	132671200.00
2015/04/08	16.02	16.08	15.40	15.81	11470098	181902928.00
2015/04/09	15.93	15.95	14.78	15.11	12908856	196357824.00
2015/04/10	14.90	15.40	14.82	15.19	9197840	140563040.00
2015/04/13	15.65	15.65	15.20	15.41	7913230	122858824.00
2015/04/14	15.42	15.43	14.94	15.10	9828542	149946128.00
2015/04/15	15.08	15.48	14.85	15.38	11213021	171578576.00
2015/04/16	15.46	16.88	15.46	16.18	19846790	323006752.00
2015/04/17	16.21	16.89	16.17	16.21	16623994	274468096.00
2015/04/20	16.15	16.17	15.06	15.08	14355314	225189344.00
2015/04/21	15.10	15.72	15.10	15.65	8703001	135590752.00
2015/04/22	15.70	16.15	15.70	16.05	9685420	156227616.00
2015/04/23	16.30	16.70	15.81	16.18	13135945	215317840.00
2015/04/24	15.98	16.13	15.69	15.97	9389773	150116176.00
2015/04/27	16.10	16.29	15.82	16.04	10644753	172213504.00
2015/04/28	16.04	17.35	15.92	17.27	24743205	412900192.00
2015/04/29	16.91	17.46	16.43	17.13	16319176	278103936.00
2015/04/30	16.97	18.08	16.85	17.68	17705937	313360992.00
2015/05/04	17.55	17.83	17.10	17.20	15347812	267609712.00
2015/05/05	17.20	17.28	15.91	16.13	16544154	273805504.00
2015/05/06	16.08	16.39	15.41	15.51	8577156	137844208.00
2015/05/07	15.47	15.57	14.59	14.73	9485885	142867680.00
2015/05/08	14.98	15.50	14.82	15.30	9529226	144870304.00
2015/05/11	15.62	15.91	15.39	15.90	10324488	163165168.00
2015/05/12	15.92	16.39	15.78	16.34	10887920	176951552.00
2015/05/13	16.47	16.47	15.87	16.00	11079742	179876656.00
2015/05/14	16.00	16.30	15.80	15.92	10383940	167235424.00
2015/05/15	15.87	15.87	15.13	15.33	9942825	153903280.00
2015/05/18	15.34	15.69	15.18	15.50	9980139	153861504.00
2015/05/19	15.53	16.18	15.41	16.04	9905942	156969680.00
2015/05/20	16.15	16.60	16.15	16.25	13010705	213653984.00
2015/05/21	16.28	17.09	16.28	16.94	14538534	242840016.00
2015/05/22	17.34	17.42	16.82	17.18	17382652	297718144.00
2015/05/25	17.00	18.78	16.95	18.43	22271282	401627808.00
2015/05/26	18.38	19.32	18.18	18.89	21499027	403811008.00
2015/05/27	18.96	19.50	18.50	19.35	20652112	395618368.00
2015/05/28	19.30	19.30	17.42	17.42	24421719	450960480.00
2015/05/29	17.05	17.90	16.59	17.45	22274655	384443232.00
2015/06/01	17.54	18.78	17.54	18.70	16304627	298035232.00
2015/06/02	18.70	19.39	18.52	19.37	17953388	341702112.00
2015/06/03	20.40	21.31	20.39	21.31	25816125	548394432.00
2015/06/04	22.00	23.11	20.35	22.97	37742700	808807936.00
2015/06/05	23.16	23.36	21.88	22.40	25738315	583901696.00
2015/06/08	22.70	23.18	21.60	21.69	19875014	440658688.00
2015/06/09	21.45	22.19	21.04	21.74	15007510	324646496.00
2015/06/10	21.60	22.12	21.10	21.80	12516212	271962656.00
2015/06/11	21.78	22.20	21.30	22.03	14190053	309084352.00
2015/06/12	22.20	22.87	21.95	22.28	16635522	371231008.00
2015/06/15	22.65	22.65	21.20	21.47	17102551	376902176.00
2015/06/16	21.10	21.10	19.55	19.88	15531323	315903744.00
2015/06/17	19.80	20.53	19.40	20.42	12894575	257288496.00
2015/06/18	20.50	20.76	19.78	19.92	10464533	214581520.00
:
