2006/11/23	2.65	3.07	2.63	2.96	182100604	1737505280.00
2006/11/24	2.84	2.89	2.77	2.80	61132517	581725248.00
2006/11/27	2.81	2.86	2.77	2.82	26389768	251187216.00
2006/11/28	2.81	2.85	2.73	2.74	28185243	265529680.00
2006/11/29	2.71	2.76	2.67	2.74	15807895	147082544.00
2006/11/30	2.76	2.85	2.74	2.82	28366455	268481408.00
2006/12/01	2.83	3.17	2.77	3.06	57618341	565907968.00
2006/12/04	3.03	3.11	2.99	3.04	42327809	424300736.00
2006/12/05	3.07	3.21	3.00	3.07	37208237	376804064.00
2006/12/06	3.06	3.15	2.85	2.99	35434393	351219360.00
2006/12/07	2.99	3.44	2.97	3.25	75957446	795299520.00
2006/12/08	3.17	3.24	3.02	3.04	36207153	367634240.00
2006/12/11	3.03	3.16	3.03	3.15	20973130	213880400.00
2006/12/12	3.18	3.22	3.06	3.11	17132912	174318096.00
2006/12/13	3.12	3.19	3.07	3.13	14004532	142735104.00
2006/12/14	3.14	3.24	3.13	3.19	21529440	222801776.00
2006/12/15	3.25	3.30	3.17	3.19	20620637	214878176.00
2006/12/18	3.19	3.34	3.19	3.25	25548679	267841664.00
2006/12/19	3.24	3.26	3.09	3.16	26600850	272670144.00
2006/12/20	3.16	3.16	3.09	3.13	15941943	162442192.00
2006/12/21	3.14	3.33	3.14	3.16	35120695	368388416.00
2006/12/22	3.12	3.23	3.10	3.13	16324316	167252880.00
2006/12/25	3.14	3.17	3.10	3.13	18814086	191835728.00
2006/12/26	3.15	3.20	3.02	3.08	14480943	146999712.00
2006/12/27	3.10	3.14	3.04	3.12	11162478	112964528.00
2006/12/28	3.17	3.26	3.09	3.14	19647361	202664736.00
2006/12/29	3.17	3.57	3.14	3.42	52523080	562801344.00
2007/01/04	3.67	3.92	3.58	3.67	81946848	952875520.00
2007/01/05	3.69	4.03	3.68	3.94	46561655	549216384.00
2007/01/08	3.96	4.05	3.80	3.93	33032875	394118080.00
2007/01/09	3.94	4.03	3.83	3.98	22194867	265339424.00
2007/01/10	3.96	4.07	3.83	4.02	29224105	350882304.00
2007/01/11	4.02	4.06	3.86	3.88	24064805	290004320.00
2007/01/12	3.84	3.88	3.49	3.51	26249969	300357824.00
2007/01/15	3.48	3.71	3.44	3.69	17073293	192193616.00
2007/01/16	3.71	3.74	3.54	3.65	20258254	228905584.00
2007/01/17	3.68	3.78	3.53	3.59	19465793	222061296.00
2007/01/18	3.63	3.74	3.56	3.69	15052192	170937120.00
2007/01/19	3.77	3.89	3.73	3.82	21705718	253732976.00
2007/01/23	4.35	4.35	3.94	4.12	35755363	442570368.00
2007/01/24	4.12	4.14	3.96	4.06	19951003	243328656.00
2007/01/25	4.02	4.02	3.80	3.82	20760108	247781888.00
2007/01/26	3.76	3.86	3.59	3.83	16869893	194518896.00
2007/01/29	3.87	4.05	3.83	4.03	22578202	271312096.00
2007/01/30	4.03	4.17	3.96	4.04	23128312	283181920.00
2007/01/31	4.05	4.07	3.65	3.68	18922675	223063920.00
2007/02/01	3.63	3.89	3.62	3.80	16819595	194560512.00
2007/02/02	3.80	3.83	3.63	3.65	9467074	108836488.00
2007/02/05	3.64	3.76	3.63	3.70	8394836	96199144.00
2007/02/06	3.72	3.80	3.67	3.79	7636977	88271600.00
2007/02/07	3.81	3.88	3.76	3.81	11823810	138614144.00
2007/02/08	3.84	3.97	3.76	3.93	14654158	173727840.00
2007/02/09	3.93	4.03	3.89	3.98	16268520	196555888.00
2007/02/12	4.02	4.04	3.96	4.03	10498103	127507808.00
2007/02/13	4.04	4.17	4.04	4.15	15893509	197050512.00
2007/02/14	4.21	4.21	4.11	4.16	14070078	175282976.00
2007/02/15	4.18	4.26	4.14	4.25	20779107	261007952.00
2007/02/16	4.25	4.25	4.08	4.11	26853941	334652128.00
2007/02/26	4.03	4.48	4.03	4.48	44087403	561842240.00
2007/02/27	4.50	4.57	3.88	3.89	39023084	494765920.00
2007/02/28	3.88	4.21	3.88	4.16	28669457	352101952.00
2007/03/01	4.17	4.30	4.04	4.15	22860836	283990112.00
2007/03/02	4.15	4.21	4.07	4.12	13261579	164551968.00
2007/03/05	4.11	4.17	3.88	4.00	22475385	274008928.00
2007/03/06	3.94	4.05	3.91	4.00	11439250	138158656.00
2007/03/07	4.03	4.19	4.01	4.18	15838557	194939680.00
2007/03/08	4.19	4.25	4.11	4.22	16105171	201973136.00
2007/03/09	4.23	4.24	4.09	4.14	14840438	184942624.00
2007/03/12	4.14	4.36	4.14	4.33	25325037	322807520.00
2007/03/13	4.32	4.38	4.24	4.34	19692768	252019984.00
2007/03/14	4.26	4.29	4.14	4.20	19553192	245563696.00
2007/03/15	4.22	4.43	4.21	4.39	27023969	345925568.00
2007/03/16	4.44	4.47	4.26	4.39	29413828	381920576.00
2007/03/19	4.20	4.44	4.17	4.37	18500330	238688448.00
2007/03/20	4.36	4.57	4.34	4.52	17532663	231887168.00
2007/03/21	4.56	4.59	4.46	4.54	10037221	132856968.00
2007/03/22	4.60	4.79	4.51	4.71	24796261	337613632.00
2007/03/23	4.69	4.78	4.56	4.74	16580664	225506704.00
2007/03/26	4.72	4.88	4.67	4.87	17276710	238225552.00
2007/03/27	4.85	4.90	4.76	4.86	13932795	194252544.00
2007/03/28	4.90	4.97	4.62	4.83	23775482	332110496.00
2007/03/29	4.83	4.85	4.63	4.64	16821675	230258432.00
2007/03/30	4.61	4.80	4.58	4.73	11151562	152662336.00
2007/04/02	4.73	4.82	4.66	4.80	14372332	197469040.00
2007/04/03	4.85	4.97	4.80	4.96	23865192	335866752.00
2007/04/04	4.99	5.02	4.85	4.90	19663676	278748224.00
2007/04/05	4.90	5.06	4.86	5.00	11894824	169300704.00
2007/04/06	4.93	5.30	4.90	5.23	19440032	286210368.00
2007/04/09	5.31	5.66	5.31	5.57	25783071	400194720.00
2007/04/10	4.86	5.40	4.86	5.27	35065114	520005536.00
2007/04/11	5.28	5.30	5.03	5.13	27485926	400996800.00
2007/04/12	5.13	5.51	5.09	5.40	28174608	424237792.00
2007/04/13	5.40	5.51	5.25	5.30	27539887	416090368.00
2007/04/16	5.32	5.58	5.32	5.52	21465423	330269856.00
2007/04/17	5.56	5.76	5.43	5.64	26443362	414246560.00
2007/04/18	5.66	5.97	5.48	5.81	22647553	362653856.00
2007/04/19	5.76	5.76	5.08	5.29	32977546	505178432.00
2007/04/20	5.33	5.84	5.33	5.77	29389496	465496512.00
2007/04/23	5.86	6.18	5.86	6.08	28151521	468271872.00
2007/04/24	6.08	6.79	5.96	6.74	42120604	731928704.00
2007/04/25	6.63	6.67	6.31	6.59	28308954	500314432.00
2007/04/26	6.63	6.76	6.45	6.69	23554458	421541792.00
2007/04/27	6.74	6.74	6.21	6.42	21081021	369706368.00
2007/05/08	6.67	6.72	6.22	6.56	26685332	468381696.00
2007/05/09	6.47	6.67	6.22	6.46	22643797	398280512.00
2007/05/10	6.45	6.78	6.36	6.70	23110036	411908352.00
2007/05/11	6.70	6.94	6.45	6.85	23595809	426260512.00
2007/05/14	6.66	7.03	6.54	6.71	17907680	329011936.00
2007/05/15	6.65	6.78	6.22	6.25	24010247	419980032.00
2007/05/16	6.25	6.47	6.11	6.42	21771210	373541312.00
2007/05/17	6.47	6.71	6.36	6.57	20623176	366041472.00
2007/05/18	6.57	6.77	6.44	6.59	20795983	371177184.00
2007/05/21	6.32	7.22	6.27	7.15	35924182	665526976.00
2007/05/22	7.33	7.63	7.13	7.20	37815019	739003456.00
2007/05/23	7.22	7.29	7.04	7.23	18259927	348967744.00
2007/05/24	7.24	7.34	6.81	7.04	23353062	437611968.00
2007/05/25	7.00	7.24	6.83	7.06	15453921	292634624.00
2007/05/28	7.22	7.53	7.22	7.31	20642618	403482720.00
2007/05/29	7.38	7.86	7.31	7.81	30395329	609096960.00
2007/05/30	7.18	7.71	6.88	7.05	41606922	807255424.00
2007/05/31	7.04	7.52	6.47	7.29	28865609	545599360.00
2007/06/01	7.33	7.81	7.05	7.17	36213980	721281280.00
2007/06/04	7.21	7.36	6.30	6.30	30682171	545829504.00
2007/06/05	6.04	6.76	5.59	6.67	25777420	438076608.00
2007/06/06	6.79	7.13	6.45	7.10	26256264	490293600.00
2007/06/07	7.17	7.57	7.17	7.26	27017150	528377792.00
2007/06/08	7.30	7.50	7.15	7.37	18811545	367835968.00
2007/06/11	7.49	7.81	7.49	7.79	25988021	527312160.00
2007/06/12	7.87	8.25	7.67	8.24	26600623	559622208.00
2007/06/13	8.50	8.62	8.08	8.13	29041606	628147712.00
2007/06/14	8.09	8.26	7.86	7.98	16999025	356451744.00
2007/06/15	7.87	8.09	7.76	7.94	14928894	309510432.00
2007/06/18	8.10	8.31	8.09	8.13	14852620	315904192.00
2007/06/19	8.18	8.18	7.90	8.10	12860046	269647008.00
2007/06/20	8.10	8.55	7.79	7.89	18173218	390030560.00
2007/06/21	7.82	8.27	7.68	8.05	11783203	244726288.00
2007/06/22	8.05	8.08	7.47	7.69	13644356	276502272.00
2007/06/25	7.66	7.93	6.85	7.11	16517579	325219200.00
2007/06/26	7.02	7.41	6.89	7.39	10445973	197356752.00
2007/06/27	7.46	7.55	7.25	7.52	10015682	195420832.00
2007/06/28	7.48	7.60	6.89	6.94	10284043	197422032.00
2007/06/29	6.78	6.99	6.61	6.76	10295153	186688800.00
2007/07/02	6.78	7.03	6.67	6.97	7862832	143040208.00
2007/07/03	7.03	7.21	6.96	7.18	6881109	128688472.00
2007/07/04	7.20	7.39	6.84	6.92	6435071	121225696.00
2007/07/05	6.72	7.11	6.72	6.76	11009958	201609168.00
2007/07/06	6.78	7.21	6.44	7.14	10113547	184099616.00
2007/07/09	7.24	7.79	7.17	7.51	17202565	338137024.00
2007/07/10	7.40	7.66	7.33	7.35	9956709	195102192.00
2007/07/11	7.32	7.63	7.21	7.51	7988705	157088592.00
2007/07/12	7.61	7.80	7.52	7.73	12063519	242243216.00
2007/07/13	7.73	7.91	7.73	7.86	9649190	196714368.00
2007/07/16	7.94	8.00	7.39	7.39	8528436	169996320.00
2007/07/17	7.37	7.69	7.28	7.66	7642710	151062752.00
2007/07/18	7.69	7.69	7.41	7.45	6132563	120575872.00
2007/07/19	7.44	7.52	7.24	7.30	3783824	73238704.00
2007/07/20	7.30	7.66	7.29	7.60	7719659	152249440.00
2007/07/23	7.73	8.12	7.65	8.12	15297945	316935264.00
2007/07/24	8.18	8.38	7.98	8.00	11465587	243259856.00
2007/07/25	8.00	8.81	7.98	8.57	28476553	624659456.00
2007/07/26	8.69	8.75	8.42	8.59	14576009	321333824.00
2007/07/27	8.48	9.23	8.39	8.90	20511077	466556800.00
2007/07/30	9.00	9.94	8.99	9.81	26527380	639296960.00
2007/07/31	9.71	10.49	9.64	9.81	25702651	648554048.00
2007/08/01	9.89	9.96	9.31	9.40	19273522	467690816.00
2007/08/02	9.53	10.43	9.53	10.41	23044618	584878784.00
2007/08/03	10.63	11.30	10.63	10.81	22615489	615195328.00
2007/08/06	10.94	11.25	10.67	11.08	19076421	517635904.00
2007/08/07	11.12	11.65	10.62	11.08	16758234	466062976.00
2007/08/08	10.76	10.98	10.35	10.57	13004810	344763072.00
2007/08/09	10.48	11.24	10.40	10.99	12535446	340861088.00
2007/08/10	11.00	11.02	10.43	10.75	10116848	269476000.00
2007/08/13	10.74	10.76	10.16	10.40	12402884	325048928.00
2007/08/14	10.53	10.95	10.34	10.72	8612523	230385824.00
2007/08/15	10.50	10.71	10.21	10.43	11850057	309719136.00
2007/08/16	10.37	10.53	10.08	10.20	10064841	257924016.00
2007/08/17	10.20	10.43	9.85	9.97	10728611	271418176.00
2007/08/20	10.26	10.80	10.26	10.77	13633115	358030400.00
2007/08/21	10.85	10.93	10.67	10.70	11316980	304099520.00
2007/08/22	10.49	11.24	10.49	10.98	13250537	363601728.00
2007/08/23	11.03	11.44	10.85	11.43	11846845	329226240.00
2007/08/24	11.58	12.21	11.58	11.81	15660479	460511584.00
2007/08/27	12.06	12.24	11.63	11.76	11002789	322626368.00
2007/08/28	11.69	12.13	11.31	11.84	9864491	286234784.00
2007/08/29	12.10	12.83	12.10	12.33	18408426	563343296.00
2007/08/30	12.50	12.76	12.13	12.49	10691654	325900672.00
2007/08/31	12.48	13.58	12.24	13.52	14808498	469597984.00
2007/09/03	13.79	15.02	13.79	15.02	23204062	817376256.00
2007/09/04	15.06	15.15	14.26	14.48	15882757	559137792.00
2007/09/05	14.48	15.72	14.31	15.36	16317582	591311872.00
2007/09/06	15.40	15.57	15.11	15.40	11666436	430290528.00
2007/09/07	15.35	15.48	14.72	14.84	13248586	480284672.00
2007/09/10	14.49	14.81	14.06	14.74	10469909	365177856.00
2007/09/11	14.58	15.48	13.58	13.68	10413917	371031296.00
2007/09/12	13.70	14.54	13.70	14.37	12646046	434165952.00
2007/09/13	14.40	15.95	14.40	15.95	19708560	733111168.00
2007/09/14	16.14	16.90	15.86	16.68	19632893	772943808.00
2007/09/17	16.54	17.59	16.43	16.71	10070067	407623680.00
2007/09/18	16.88	17.02	16.35	16.99	8451791	337355424.00
2007/09/19	17.22	18.63	17.02	17.73	12296851	525803456.00
2007/09/20	17.38	18.70	17.38	18.37	9904532	427496288.00
2007/09/21	18.54	19.54	18.12	19.44	9257707	417818080.00
2007/09/24	19.50	20.70	19.50	20.02	14001192	667481920.00
2007/09/25	20.04	20.04	18.23	18.55	12208017	544515584.00
2007/09/26	18.18	18.86	16.90	17.31	8599395	364675456.00
2007/09/27	17.47	18.85	17.47	18.80	7896354	339726880.00
2007/09/28	19.32	20.83	19.30	20.82	14265542	682862400.00
2007/10/08	21.71	21.73	20.14	21.25	12421780	604697984.00
2007/10/09	21.23	21.23	19.97	20.39	6956944	333627744.00
2007/10/10	20.50	22.13	20.09	20.22	12763450	623734912.00
2007/10/11	20.07	20.81	18.86	20.41	13563745	630880320.00
2007/10/12	20.36	20.41	19.04	19.97	11429722	531008448.00
2007/10/15	19.75	20.18	19.38	19.60	9538618	440911456.00
2007/10/16	19.50	20.86	19.50	20.83	14632644	701310592.00
2007/10/17	21.14	21.36	20.02	20.21	8333346	404062048.00
2007/10/18	20.23	20.23	18.91	18.94	7730540	351970336.00
2007/10/19	19.50	20.09	19.00	19.62	7004340	324003296.00
2007/10/22	18.77	19.50	18.00	18.18	4877708	216732240.00
2007/10/23	18.13	18.90	16.40	17.61	8809025	362466560.00
2007/10/24	17.90	18.03	17.22	17.43	5824740	244307568.00
2007/10/25	16.90	16.93	15.63	15.64	6818262	264463296.00
2007/10/26	15.56	16.74	15.18	16.55	6808722	264983072.00
2007/10/29	16.58	18.04	16.58	18.00	8188295	341809664.00
2007/10/30	18.23	18.98	18.09	18.42	6508084	284471168.00
2007/10/31	18.78	18.83	17.63	18.10	8712364	373394720.00
2007/11/01	18.02	18.99	18.02	18.12	8079999	355728896.00
2007/11/02	17.68	17.88	16.77	17.15	6420178	262971584.00
2007/11/05	16.40	17.25	16.13	16.32	7009654	276206496.00
2007/11/06	16.24	16.96	16.24	16.42	3996452	159238928.00
2007/11/07	16.77	18.13	16.74	18.09	9960062	413947872.00
2007/11/08	18.22	18.67	17.51	18.01	10020481	431568320.00
2007/11/09	17.58	18.27	17.05	17.42	7650697	322356960.00
2007/11/12	16.80	17.22	15.54	15.56	10402229	396711552.00
2007/11/13	15.80	16.22	13.86	14.36	12618087	454313984.00
2007/11/14	14.63	15.81	13.58	15.80	14827003	520392192.00
2007/11/15	15.40	16.10	14.95	15.24	10490433	393433984.00
2007/11/16	14.74	15.77	14.53	15.50	5015827	183361584.00
2007/11/19	15.68	16.03	15.40	15.57	5504914	207690832.00
2007/11/20	15.52	15.95	14.97	15.64	4091181	152101392.00
2007/11/21	15.81	16.81	15.73	15.86	6822664	263599040.00
2007/11/22	15.39	16.13	15.22	15.65	4830357	181993680.00
2007/11/23	15.31	16.31	15.31	16.26	5034102	192309200.00
2007/11/27	15.85	16.38	15.52	15.89	3329784	127562672.00
2007/11/28	16.06	16.45	15.89	16.12	3810653	147547712.00
2007/11/29	16.44	16.77	15.86	16.59	6246099	244588240.00
2007/11/30	16.77	17.22	16.60	16.64	6538751	263328112.00
2007/12/03	16.58	16.58	15.86	16.24	3317207	128878040.00
2007/12/04	16.22	16.68	15.89	16.20	1659120	64655100.00
2007/12/05	16.05	16.97	16.04	16.90	3579467	141930288.00
2007/12/06	17.00	17.68	16.90	17.16	5281297	217904416.00
2007/12/07	17.25	17.79	16.97	17.56	2421450	100511784.00
2007/12/10	17.29	18.59	17.09	18.42	4891732	210341504.00
2007/12/11	18.50	18.84	17.95	18.48	5135630	224602000.00
2007/12/12	18.22	18.95	18.05	18.81	4446427	196939776.00
2007/12/13	18.68	18.88	17.22	17.27	5033443	214514944.00
2007/12/14	17.00	17.65	16.86	17.59	3131145	128806128.00
2007/12/17	17.32	18.08	16.88	16.90	3214142	132618208.00
2007/12/18	16.77	17.87	16.77	17.30	4537400	188849008.00
2007/12/19	17.50	18.13	17.50	18.06	4508873	191949296.00
2007/12/20	18.22	18.58	17.86	18.43	4898681	212321648.00
2007/12/21	18.13	18.59	17.86	18.11	8938231	383835520.00
2007/12/24	18.23	18.82	18.05	18.63	7298700	319718880.00
2007/12/25	18.63	18.72	18.29	18.40	3372608	147394912.00
2007/12/26	18.44	19.54	18.44	19.50	14712021	667138688.00
2007/12/27	19.31	20.40	19.31	19.88	7324700	345768736.00
2007/12/28	19.91	20.09	19.59	19.69	2950820	138216144.00
2008/01/02	19.66	19.95	18.89	19.45	5721575	259056352.00
2008/01/03	19.35	19.64	18.93	19.50	4815644	218168000.00
2008/01/04	19.54	20.32	19.50	19.71	4115015	192763504.00
2008/01/07	19.74	20.77	19.41	20.50	8965525	427667616.00
2008/01/08	20.64	20.77	19.68	19.82	4922167	233211968.00
2008/01/09	19.64	20.41	19.51	20.19	4273693	202786608.00
2008/01/10	20.41	21.57	20.09	21.36	11859701	586384320.00
2008/01/11	21.44	22.23	21.30	21.86	8782158	447784896.00
2008/01/14	21.91	22.45	21.55	22.23	6995615	360275808.00
2008/01/15	22.22	23.73	21.99	23.48	9697581	521698496.00
2008/01/16	23.06	24.68	22.37	24.03	8342796	452989216.00
2008/01/17	23.32	24.47	21.98	23.60	8670346	468590784.00
2008/01/18	23.61	25.43	22.91	24.35	16037463	911987392.00
2008/01/21	24.59	25.63	23.64	25.02	9161076	525817472.00
2008/01/22	24.14	24.50	22.38	22.38	12178779	649953344.00
2008/01/23	22.23	24.60	22.23	24.45	10801322	589195264.00
2008/01/24	24.51	26.83	24.51	25.79	10406140	622565440.00
2008/01/25	25.45	26.09	23.96	24.26	11018160	636305920.00
2008/01/28	24.10	24.87	22.91	23.80	6540565	366618624.00
2008/01/29	23.87	24.91	22.46	23.50	4271918	235693280.00
2008/01/30	24.05	24.14	21.05	21.57	11176244	571148800.00
2008/01/31	21.14	21.14	19.73	20.56	9387025	453662432.00
2008/02/01	20.41	21.11	19.96	20.84	5056182	244042864.00
2008/02/04	21.64	23.07	21.34	23.07	4755828	248405088.00
2008/02/05	23.12	23.12	21.46	21.86	5130213	265535424.00
2008/02/13	21.11	21.77	20.60	21.23	2653608	130935456.00
2008/02/14	21.09	22.00	21.09	21.26	2865702	144788304.00
2008/02/15	21.28	21.55	20.24	20.26	2261529	109102968.00
2008/02/18	20.43	21.09	20.35	20.67	2599585	126849584.00
2008/02/19	20.73	22.07	20.50	22.02	4650744	236249680.00
2008/02/20	22.33	22.96	21.14	21.32	5902080	302680544.00
2008/02/21	21.59	22.05	21.09	21.87	2499777	127076760.00
2008/02/22	21.75	21.75	20.22	20.43	5018554	244591536.00
2008/02/25	20.64	20.84	18.32	18.37	5107955	230044960.00
2008/02/26	18.91	19.39	17.22	17.68	5865386	250991088.00
2008/02/27	18.18	18.81	17.81	18.77	5639339	245674128.00
2008/02/28	18.82	18.98	18.13	18.67	2325442	102182304.00
2008/02/29	18.62	19.34	18.36	18.98	2392495	107801184.00
2008/03/03	18.62	19.88	18.18	19.72	3452417	157436976.00
2008/03/04	19.72	20.25	18.59	19.47	4304557	197365904.00
2008/03/05	19.04	19.35	18.57	19.17	3978087	176329360.00
2008/03/06	19.05	19.64	18.63	19.01	3790470	171337312.00
2008/03/07	18.82	19.09	17.91	18.11	4591561	199225712.00
2008/03/10	17.68	17.95	16.68	17.54	7752057	319024096.00
2008/03/11	17.54	18.86	17.24	18.74	8817737	378184448.00
2008/03/12	19.18	20.04	19.18	19.73	10986829	511995744.00
2008/03/13	19.75	21.50	19.14	20.60	13184556	637264320.00
2008/03/14	20.63	21.01	19.60	19.92	6853233	325550464.00
2008/03/17	19.55	19.91	18.17	18.26	3535868	160228672.00
2008/03/18	17.78	18.70	16.29	16.86	4502249	187433568.00
2008/03/19	17.40	18.57	17.12	17.94	7322551	309954912.00
2008/03/20	17.52	18.13	16.00	17.20	12622725	502742304.00
2008/03/21	17.13	17.50	16.45	17.40	10189775	412327392.00
2008/03/24	17.68	17.95	16.90	17.02	8270528	341563648.00
2008/03/25	16.39	17.36	16.22	17.19	3798452	154655136.00
2008/03/26	17.19	18.04	16.94	17.46	3717014	156223824.00
2008/03/27	17.46	18.09	16.31	17.31	4776819	199355280.00
2008/03/28	17.13	17.94	16.77	17.84	6224169	258790720.00
2008/03/31	17.40	18.50	17.23	18.12	4457420	191570304.00
2008/04/01	18.22	18.82	17.50	17.91	7200597	311027296.00
2008/04/02	17.86	18.25	16.36	16.64	4794193	197507712.00
2008/04/03	16.79	17.41	16.22	17.04	5220816	211239424.00
2008/04/07	16.74	18.44	16.74	17.96	5090969	216061072.00
2008/04/08	18.54	19.52	18.32	18.77	8622499	386548736.00
2008/04/09	18.54	19.43	18.36	18.64	6676986	300655936.00
2008/04/10	18.59	20.59	18.46	20.39	9700369	452843840.00
2008/04/11	20.41	20.86	19.64	19.88	5958316	280891808.00
2008/04/14	19.47	19.85	18.50	18.64	8217376	369025728.00
2008/04/15	18.58	19.13	18.38	19.09	4993286	222405664.00
2008/04/16	19.18	20.00	18.99	19.14	8961527	411278432.00
2008/04/17	19.20	19.64	17.13	17.86	8261080	355274112.00
2008/04/18	17.66	17.66	16.29	16.36	8290817	331111872.00
2008/04/21	18.09	18.09	16.24	16.41	12194259	486987584.00
2008/04/22	15.85	16.52	14.63	14.91	13038184	469956768.00
2008/04/23	15.15	16.54	14.72	16.54	11917675	451090752.00
2008/04/24	18.27	18.34	17.46	18.34	16625823	712255936.00
2008/04/25	18.32	19.13	17.69	18.52	12421227	540246272.00
2008/04/28	17.91	18.68	17.72	18.26	4847565	210348640.00
2008/04/29	18.12	19.16	18.12	18.80	7209722	321581024.00
2008/04/30	18.82	19.49	18.43	19.35	10489537	468778144.00
2008/05/05	19.58	19.79	19.20	19.75	5927494	272360256.00
2008/05/06	19.63	20.89	19.28	19.95	10336572	495639168.00
2008/05/07	19.86	20.80	19.70	19.72	8213984	392381152.00
2008/05/08	19.50	21.78	19.45	21.77	12955556	638603712.00
2008/05/09	21.96	23.27	21.13	22.63	10928504	568931456.00
2008/05/12	22.46	23.60	21.59	21.82	9738209	513695808.00
2008/05/13	21.23	22.72	21.08	22.30	9351661	485344512.00
2008/05/14	22.23	23.37	22.23	23.03	5216898	281083040.00
2008/05/15	23.28	23.37	22.37	22.38	6258237	333012448.00
2008/05/16	22.23	22.62	21.49	21.89	4733957	242671280.00
2008/05/20	22.68	22.89	20.77	21.02	7042569	361754016.00
2008/05/21	20.64	22.00	20.45	21.96	6129671	306313088.00
2008/05/22	21.96	22.89	21.77	22.21	7203654	378230304.00
2008/05/23	22.09	22.54	21.27	21.60	3390782	172649872.00
2008/05/26	21.50	21.50	19.73	19.80	5299424	255019136.00
2008/05/27	19.71	20.22	18.86	19.38	6376305	289857120.00
2008/05/28	19.41	20.41	19.10	20.11	2995021	139565712.00
2008/05/29	20.13	20.67	19.41	19.50	4354742	207440752.00
2008/05/30	19.71	19.91	18.73	19.20	5075406	228561328.00
2008/06/02	19.20	19.81	19.18	19.49	2775513	127991216.00
2008/06/03	19.59	20.17	19.59	19.79	3377253	158102272.00
2008/06/04	19.90	19.90	18.59	18.63	3350342	150505520.00
2008/06/05	18.53	18.53	17.18	17.21	8130603	337038560.00
2008/06/06	17.51	17.80	17.04	17.27	3261435	135112256.00
2008/06/10	16.81	17.72	16.13	16.77	6522330	262683056.00
2008/06/11	16.77	17.40	16.36	17.29	4453930	182214320.00
2008/06/12	17.46	17.72	16.54	16.92	3303983	135899824.00
2008/06/13	16.77	17.35	16.27	16.54	2528665	101171552.00
2008/06/16	16.61	16.86	14.84	15.28	4354860	164193232.00
2008/06/17	15.40	15.81	14.04	14.66	3972851	140892864.00
2008/06/18	14.42	16.27	14.26	16.24	4776830	177340176.00
2008/06/19	16.70	17.21	15.35	15.41	5770194	226152992.00
2008/06/20	15.77	16.46	14.04	15.69	9288843	344629792.00
2008/06/23	15.08	15.92	14.56	14.89	4914332	178965552.00
2008/06/24	14.94	15.47	14.72	15.38	4282700	156262096.00
2008/06/25	15.42	16.59	15.16	16.58	4333937	164902480.00
2008/06/26	16.54	17.39	16.26	17.06	3576183	142664000.00
2008/06/27	16.54	17.14	15.97	16.13	5223238	202551888.00
2008/06/30	15.91	16.49	15.27	15.84	2219426	83276336.00
2008/07/01	15.84	16.13	15.27	15.45	1839751	67836880.00
2008/07/02	15.51	15.79	15.34	15.60	2595192	95714056.00
2008/07/03	15.41	16.08	14.18	15.40	14478571	514835968.00
2008/07/04	15.00	15.17	13.74	13.90	14800710	498356416.00
2008/07/07	13.81	14.50	13.63	14.20	9827274	331271104.00
2008/07/08	14.63	15.31	14.45	14.71	14148818	499028704.00
2008/07/09	14.59	15.10	13.81	15.09	16695967	572374208.00
2008/07/10	14.68	15.50	14.50	14.74	12372736	442584160.00
2008/07/11	14.70	15.09	14.68	14.96	7104902	250420048.00
2008/07/14	15.01	15.38	14.92	15.19	7032053	252634864.00
2008/07/15	15.25	15.38	14.04	14.32	8224348	285776928.00
2008/07/16	14.04	14.22	13.36	13.57	6943571	227773168.00
2008/07/17	13.64	13.94	12.81	12.95	6197806	198155632.00
2008/07/18	12.95	13.26	11.76	12.44	11966509	355403840.00
2008/07/21	12.54	13.22	11.93	13.20	12007809	363390336.00
2008/07/22	12.95	13.36	12.95	13.08	7321163	231396432.00
2008/07/23	13.09	13.18	12.22	12.33	13901207	419461248.00
2008/07/24	12.22	12.58	12.01	12.40	13702407	404176608.00
2008/07/25	12.39	12.39	11.86	11.92	13380911	387629088.00
2008/07/28	11.99	12.23	11.92	12.08	8530525	249004016.00
2008/07/29	11.95	12.58	11.76	12.52	12551985	371360192.00
2008/07/30	12.45	12.51	11.91	12.00	7797493	229533648.00
2008/07/31	12.19	12.23	10.88	11.02	14091500	389303392.00
2008/08/01	10.81	10.81	10.04	10.32	19890522	503858464.00
2008/08/04	10.22	10.22	9.58	9.61	12107717	294732032.00
2008/08/05	9.53	9.78	9.26	9.44	14834344	349027488.00
2008/08/06	9.49	9.58	9.09	9.32	8591399	199222032.00
2008/08/07	9.32	9.48	9.22	9.43	6663404	154592912.00
2008/08/08	9.44	9.71	8.67	8.74	10610213	245235168.00
2008/08/11	8.51	8.51	7.75	7.75	11445162	233068640.00
2008/08/12	7.64	8.28	7.55	8.19	11351033	228392960.00
2008/08/13	8.07	8.51	7.81	8.35	9558899	198432640.00
2008/08/14	8.20	8.73	8.20	8.40	8686932	185425456.00
2008/08/15	8.35	8.43	8.08	8.22	5443600	113136816.00
2008/08/18	8.18	8.18	7.35	7.35	6945055	135599376.00
2008/08/19	7.21	7.65	7.13	7.64	8638575	164628048.00
2008/08/20	7.64	8.52	7.60	8.52	14402936	299079840.00
2008/08/21	8.39	8.70	8.22	8.28	10546023	222639216.00
2008/08/22	8.35	8.56	8.04	8.35	6967929	146635200.00
2008/08/25	8.19	8.31	7.73	8.01	4204691	85716976.00
2008/08/26	7.77	7.92	7.34	7.43	5525234	106967176.00
2008/08/27	7.39	7.58	7.13	7.42	3584094	67629720.00
2008/08/28	7.48	7.67	7.35	7.60	3074212	59180792.00
2008/08/29	7.62	8.08	7.49	7.80	6428037	126909288.00
2008/09/01	7.75	7.80	7.35	7.37	4134788	79390336.00
2008/09/02	7.24	7.37	7.13	7.19	3405005	62875372.00
2008/09/03	7.00	7.11	6.35	6.39	9554530	164000016.00
2008/09/04	6.39	6.54	6.20	6.39	6925165	115143800.00
2008/09/05	6.22	6.53	6.13	6.24	8836800	145749648.00
2008/09/09	6.12	6.18	5.77	6.08	7806010	123489440.00
2008/09/10	5.92	6.17	5.88	5.95	4914272	77860192.00
2008/09/11	6.00	6.17	5.67	5.69	5649060	88997912.00
2008/09/12	5.69	5.86	5.64	5.73	4752464	72677008.00
2008/09/16	5.53	5.54	5.16	5.26	5749308	83638240.00
2008/09/17	5.32	5.49	5.26	5.41	4754543	68780944.00
2008/09/18	5.29	5.62	5.08	5.47	7307263	105264448.00
2008/09/19	6.14	6.14	5.98	6.14	9209182	147971168.00
2008/09/22	6.88	6.88	6.53	6.88	31152546	547706368.00
2008/09/23	6.67	7.28	6.54	6.65	22771825	407614112.00
2008/09/24	6.43	6.64	6.08	6.63	9579550	157674336.00
2008/09/25	6.53	7.16	6.48	7.00	19465874	345430368.00
2008/09/26	7.05	7.14	6.69	6.85	9275339	165302880.00
2008/10/06	6.39	6.39	6.05	6.05	7873255	126553832.00
2008/10/07	5.60	5.78	5.32	5.53	13228348	193028528.00
2008/10/08	5.31	5.46	5.21	5.31	6143612	88255800.00
2008/10/09	5.40	5.41	4.90	4.99	7459143	103540008.00
2008/10/10	4.62	4.62	4.37	4.37	9577900	117770600.00
2008/10/13	4.11	4.32	3.81	4.31	17725345	203946048.00
2008/10/14	4.55	4.60	4.09	4.13	20095123	249924624.00
2008/10/15	3.97	3.97	3.71	3.81	12646862	139616544.00
2008/10/16	3.49	3.60	3.39	3.39	12942604	133872528.00
2008/10/17	3.47	3.70	3.42	3.67	9951078	104308104.00
2008/10/20	3.61	4.11	3.56	4.09	12614697	140527248.00
2008/10/21	4.09	4.38	4.09	4.13	18159369	217153616.00
2008/10/22	3.98	4.39	3.96	4.18	14318869	170892640.00
2008/10/23	4.03	4.50	3.99	4.48	12233827	149027600.00
2008/10/24	4.43	4.73	4.37	4.47	14241014	180018960.00
2008/10/27	4.30	4.44	3.90	3.90	12102351	140141360.00
2008/10/28	3.72	4.29	3.72	4.28	9166919	106772016.00
2008/10/29	4.37	4.42	3.91	3.93	11338530	133320440.00
2008/10/30	4.00	4.25	3.87	4.21	13942427	164584560.00
2008/10/31	4.14	4.14	3.94	4.00	6114076	70347888.00
2008/11/03	3.93	4.05	3.80	3.89	4801616	54415008.00
2008/11/04	3.84	3.84	3.44	3.44	10499394	109596632.00
2008/11/05	3.62	3.82	3.59	3.64	8545698	91888720.00
2008/11/06	3.46	3.57	3.40	3.52	6725533	69131048.00
2008/11/07	3.39	3.64	3.34	3.59	6779384	70638448.00
2008/11/10	3.70	4.08	3.69	4.08	17849512	200472720.00
2008/11/11	4.02	4.37	3.94	4.15	21460551	253909232.00
2008/11/12	4.01	4.25	3.99	4.24	12622634	148254448.00
2008/11/13	4.11	4.78	4.05	4.78	27032890	341530464.00
2008/11/14	4.89	5.15	4.79	5.14	30425457	412636800.00
2008/11/18	5.08	5.08	4.51	4.51	25806070	337587392.00
2008/11/19	4.39	4.91	4.26	4.85	19756634	252737920.00
2008/11/20	4.62	4.93	4.48	4.81	21983393	285532512.00
2008/11/21	4.64	4.98	4.29	4.65	19387358	246752416.00
2008/11/24	4.65	4.75	4.34	4.48	14162973	179367824.00
2008/11/25	4.63	4.67	4.05	4.39	19112815	235152016.00
2008/11/26	4.25	4.35	4.12	4.29	9282182	111321696.00
2008/11/27	4.69	4.76	4.40	4.46	21321510	272000864.00
2008/11/28	4.38	4.51	4.22	4.43	12928666	157331792.00
2008/12/01	4.40	4.67	4.36	4.66	24277237	305488992.00
2008/12/02	4.47	4.70	4.39	4.57	16715217	211593216.00
2008/12/03	4.62	5.15	4.56	5.15	35508779	477275424.00
2008/12/04	5.27	5.75	5.21	5.22	46040094	673247040.00
2008/12/05	5.16	5.43	5.11	5.37	16733832	239276016.00
2008/12/08	5.53	5.85	5.39	5.82	23156671	346347648.00
2008/12/09	5.84	6.23	5.72	5.84	35276942	552016576.00
2008/12/10	5.73	5.89	5.53	5.84	14896910	227048144.00
2008/12/11	5.85	6.14	5.57	5.59	19366646	303839040.00
2008/12/12	5.53	5.58	4.98	5.08	15779705	223899328.00
2008/12/15	5.17	5.30	4.95	5.07	8326917	115684960.00
2008/12/16	5.01	5.34	4.70	5.28	15065237	204262160.00
2008/12/17	5.32	5.47	5.23	5.26	15251553	219254512.00
2008/12/18	5.16	5.69	5.06	5.62	15362059	223190960.00
2008/12/19	5.63	5.82	5.57	5.62	14770769	224430432.00
2008/12/22	5.63	5.71	5.34	5.49	9763665	143427024.00
2008/12/23	5.48	5.48	5.05	5.06	10335557	146534992.00
2008/12/24	4.98	5.05	4.88	4.97	6612631	89496400.00
2008/12/25	4.98	5.05	4.71	4.82	7738612	103345128.00
2008/12/26	4.82	4.92	4.76	4.79	5018513	66649588.00
2008/12/29	4.71	4.80	4.53	4.65	6102087	78270112.00
2008/12/30	4.67	4.74	4.48	4.56	8168110	104526176.00
2008/12/31	4.56	4.60	4.39	4.47	4673636	58655492.00
2011/10/10	13.78	14.25	13.62	13.92	65988602	949999424.00
2011/10/11	14.27	14.42	12.69	13.05	84570356	1181143168.00
2011/10/12	12.72	13.75	12.66	13.74	57746297	787896960.00
2011/10/13	13.57	14.07	13.30	13.86	63380620	894304320.00
2011/10/14	13.74	14.04	13.39	13.53	43764998	619414528.00
2011/10/17	13.55	13.55	13.15	13.33	41760632	574000064.00
2011/10/18	13.17	13.34	12.75	12.82	33801309	456966688.00
2011/10/19	12.90	13.00	12.51	12.74	25743940	339176032.00
2011/10/20	12.69	12.99	12.37	12.45	31673869	413606944.00
2011/10/21	12.47	12.58	11.68	11.84	31916802	398108320.00
2011/10/24	11.88	12.37	11.70	12.33	27967216	349207232.00
2011/10/25	12.35	13.44	12.10	13.02	53566876	711008704.00
2011/10/26	12.89	13.37	12.85	13.16	47470902	640739520.00
2011/10/27	13.12	13.22	12.88	12.95	27510664	370121952.00
2011/10/28	13.30	13.74	13.19	13.46	66461575	922569792.00
2011/10/31	13.28	13.46	13.17	13.33	26826500	368847520.00
2011/11/01	13.17	13.73	13.13	13.47	39045170	543078208.00
2011/11/02	13.12	13.65	12.97	13.58	38052358	522096416.00
2011/11/03	13.57	13.92	13.41	13.52	56047615	789349952.00
2011/11/04	13.80	13.87	13.40	13.56	34760285	487235680.00
2011/11/07	13.48	13.86	13.34	13.66	48567238	684868480.00
2011/11/08	13.69	14.07	13.65	13.81	51751058	739683840.00
2011/11/09	13.91	13.97	13.52	13.83	38941866	552573056.00
2011/11/10	13.59	13.69	13.32	13.39	34981525	486834304.00
2011/11/11	13.53	13.65	13.29	13.38	23011060	320544640.00
2011/11/14	13.58	13.85	13.50	13.81	40349719	571205056.00
2011/11/15	13.79	13.84	13.60	13.67	23634473	333567200.00
2011/11/16	13.75	13.75	13.07	13.16	27554578	379489920.00
2011/11/17	13.23	13.35	13.06	13.07	18563774	253006816.00
2011/11/18	12.91	12.96	12.48	12.65	23046988	303390112.00
2011/11/21	12.65	12.74	12.30	12.55	14454936	187112784.00
2011/11/22	12.38	12.52	12.21	12.51	11621849	149108736.00
2011/11/23	12.52	12.56	12.31	12.32	9451794	121692280.00
2011/11/24	12.21	12.45	12.08	12.28	12109510	153537520.00
2011/11/25	12.29	12.42	12.10	12.19	8804337	111521440.00
2011/11/28	12.26	12.39	12.14	12.23	10919388	138642768.00
2011/11/29	12.39	12.56	12.29	12.55	16967685	218138768.00
2011/11/30	12.49	12.50	11.83	11.94	16260042	204134384.00
2011/12/01	12.41	12.53	12.21	12.22	23615167	302293792.00
2011/12/02	12.17	12.17	11.77	11.90	13267962	164062272.00
2011/12/05	11.89	12.00	11.59	11.94	11782221	144841360.00
2011/12/06	11.87	12.02	11.77	11.91	6569284	80987112.00
2011/12/07	11.86	11.95	11.79	11.91	5536707	68135832.00
2011/12/08	11.92	12.11	11.66	11.89	9760047	120041856.00
2011/12/09	11.80	11.94	11.70	11.80	6060088	74257472.00
2011/12/12	11.84	11.85	11.58	11.59	5805801	70512272.00
2011/12/13	11.53	11.53	11.07	11.09	12944343	150667712.00
2011/12/14	11.08	11.21	10.70	10.74	7934241	90478544.00
2011/12/15	10.66	10.66	9.95	9.98	16659580	178058752.00
2011/12/16	9.98	10.32	9.80	10.29	14887588	155880496.00
2011/12/19	10.15	10.26	9.83	10.16	10550517	110102512.00
2011/12/20	10.12	10.40	10.05	10.15	9002182	95868328.00
2011/12/21	10.32	10.36	9.88	9.89	8743783	92629896.00
2011/12/22	9.75	10.21	9.52	9.98	14521039	148729168.00
2011/12/23	9.91	10.24	9.85	10.05	9842672	103320240.00
2011/12/26	9.94	10.23	9.89	9.97	6868605	72119984.00
2011/12/27	9.93	10.07	9.73	9.76	7916695	81768992.00
2011/12/28	9.68	9.88	9.59	9.85	6591250	67073704.00
2011/12/29	9.75	9.99	9.72	9.88	7195556	74401448.00
2011/12/30	9.97	10.18	9.92	10.14	9658557	101518136.00
2012/01/04	10.28	10.35	9.89	9.90	9152343	96897352.00
2012/01/05	9.83	10.04	9.77	9.81	7578899	78170512.00
2012/01/06	9.83	10.37	9.78	10.21	16328036	171943072.00
2012/01/09	10.21	11.16	10.09	11.03	26998987	301484544.00
2012/01/10	10.97	11.55	10.92	11.37	42897732	501364000.00
2012/01/11	11.27	11.47	11.09	11.19	23596199	275761760.00
2012/01/12	11.07	11.32	11.01	11.17	15398900	178417264.00
2012/01/13	11.12	11.32	10.84	10.92	19328859	222253728.00
2012/01/16	11.02	11.63	10.77	10.88	23212271	270334432.00
2012/01/17	11.08	11.74	10.59	11.66	36122338	423019168.00
2012/01/18	11.58	11.74	11.22	11.30	29184782	347394752.00
2012/01/19	11.31	11.56	11.23	11.46	16924770	201061184.00
2012/01/20	11.53	11.55	11.35	11.40	14060331	166734672.00
2012/01/30	11.47	11.48	11.19	11.21	11372688	133675928.00
2012/01/31	11.17	11.32	11.06	11.22	8559643	99316560.00
2012/02/01	11.16	11.31	10.89	10.96	10717613	123469096.00
2012/02/02	11.06	11.39	10.97	11.33	14070371	164006848.00
2012/02/03	11.23	11.57	11.22	11.46	15099038	178842672.00
2012/02/06	11.55	11.68	11.36	11.43	15177018	181263616.00
2012/02/07	11.35	11.35	11.07	11.17	10611471	123102408.00
2012/02/08	11.16	11.78	11.11	11.68	20770240	248647920.00
2012/02/09	11.60	11.82	11.56	11.62	22137712	268545024.00
2012/02/10	11.62	11.81	11.49	11.59	16311913	196812688.00
2012/02/13	11.47	11.66	11.39	11.57	14803900	177070672.00
2012/02/14	11.57	11.85	11.48	11.85	27982044	339753248.00
2012/02/15	11.84	12.48	11.79	12.17	41784001	524958336.00
2012/02/16	12.18	12.25	12.03	12.18	19806023	248790544.00
2012/02/17	12.32	12.42	12.07	12.12	12165904	153697984.00
2012/02/20	12.37	12.52	12.11	12.16	22919762	292332128.00
2012/02/21	12.19	12.47	12.09	12.45	21205773	270079488.00
2012/02/22	12.47	12.62	12.38	12.60	22486934	290732288.00
2012/02/23	12.64	13.08	12.58	12.83	36104149	480458304.00
2012/02/24	12.77	13.13	12.68	13.01	31696143	425008224.00
2012/02/27	13.10	13.15	12.83	12.86	27507261	369082688.00
2012/02/28	12.82	12.90	12.50	12.63	27188548	355431584.00
2012/02/29	12.58	12.77	12.39	12.48	15590765	202372352.00
2012/03/01	12.42	12.64	12.41	12.51	9802242	127219088.00
2012/03/02	12.62	12.90	12.62	12.74	17221613	226919776.00
2012/03/05	12.72	12.87	12.50	12.55	18064905	236527712.00
2012/03/06	12.49	12.55	12.09	12.16	25100635	317949952.00
2012/03/07	12.03	12.20	11.87	11.94	14381360	178901472.00
2012/03/08	11.99	12.21	11.99	12.11	11643513	145972976.00
2012/03/09	12.24	12.60	12.16	12.49	21080730	270636128.00
2012/03/12	12.47	12.59	12.16	12.31	15068562	192502848.00
2012/03/13	12.26	12.57	12.19	12.48	16657097	213205120.00
2012/03/14	12.58	12.62	11.84	11.92	27835568	353298560.00
2012/03/15	11.93	12.02	11.60	11.72	17827375	217995600.00
2012/03/16	11.72	11.92	11.49	11.85	13174767	160311488.00
2012/03/19	11.79	11.95	11.62	11.94	19619292	239479264.00
2012/03/20	11.93	12.09	11.69	11.71	16980164	209248544.00
2012/03/21	11.78	12.16	11.63	11.94	20728044	256099088.00
2012/03/22	11.96	12.03	11.83	11.85	13865432	171509824.00
2012/03/23	11.81	11.81	11.52	11.61	14850717	179091136.00
2012/03/26	11.56	11.69	11.54	11.68	8498669	102241840.00
2012/03/27	11.68	11.84	11.62	11.68	7738982	94220248.00
2012/03/28	11.62	11.62	11.07	11.11	17742507	208653248.00
2012/03/29	11.07	11.11	10.74	10.80	9115748	103764896.00
2012/03/30	10.75	10.91	10.74	10.85	7473084	84139208.00
2012/04/05	10.82	11.27	10.73	11.18	11404524	130377920.00
2012/04/06	11.13	11.31	11.04	11.15	9583013	111110624.00
2012/04/09	11.06	11.10	10.80	10.88	9247171	105061000.00
2012/04/10	10.86	11.09	10.64	11.07	10412750	117539864.00
2012/04/11	10.87	11.18	10.82	11.01	7706441	88078224.00
2012/04/12	11.12	11.47	11.08	11.36	18179237	213646256.00
2012/04/13	11.37	11.52	11.28	11.41	14457273	171522640.00
2012/04/16	11.27	11.43	11.22	11.34	7189287	84624872.00
2012/04/17	11.35	11.42	11.17	11.19	7160208	83762472.00
2012/04/18	11.28	11.63	11.24	11.56	14798965	176530256.00
2012/04/20	11.47	11.69	11.39	11.64	16127516	193248400.00
2012/04/23	11.63	11.66	11.38	11.46	10801220	128994704.00
2012/04/24	11.37	11.63	11.17	11.45	12209126	144324304.00
2012/04/25	11.43	11.75	11.35	11.65	16430713	197306176.00
2012/04/26	11.74	11.92	11.60	11.66	17661481	215044032.00
2012/04/27	11.64	11.72	11.57	11.62	10270577	123964688.00
2012/05/02	11.87	12.30	11.65	12.10	28489012	354858944.00
2012/05/03	12.02	12.20	11.98	12.11	15973818	200403088.00
2012/05/04	12.07	12.20	11.96	12.08	17414051	218413456.00
2012/05/07	11.99	12.26	11.95	12.25	17655341	220861792.00
2012/05/08	12.26	12.26	11.94	12.15	13959313	174911200.00
2012/05/09	12.00	12.00	11.67	11.70	17313214	211367216.00
2012/05/10	11.67	11.83	11.67	11.73	7723301	94125760.00
2012/05/11	11.69	11.93	11.68	11.71	8983202	109622568.00
2012/05/14	11.80	11.85	11.47	11.50	13711411	165866288.00
2012/05/15	11.37	11.38	11.14	11.34	10743467	125606848.00
2012/05/16	11.29	11.34	11.07	11.09	8321135	96976312.00
2012/05/17	11.11	11.45	11.03	11.35	9365945	109608088.00
2012/05/18	11.18	11.28	11.03	11.09	8015940	92802784.00
2012/05/21	11.07	11.35	11.03	11.23	7768179	90266496.00
2012/05/22	11.28	11.55	11.25	11.52	10824476	127771840.00
2012/05/23	11.39	11.49	11.20	11.30	7423326	87336664.00
2012/05/24	11.20	11.42	11.18	11.22	5669299	66436920.00
2012/05/25	11.22	11.27	11.00	11.05	5672596	65467784.00
2012/05/28	11.04	11.22	10.77	11.21	9845633	112474856.00
2012/05/29	11.22	11.49	11.18	11.37	12804929	150963728.00
2012/05/30	11.36	11.38	11.23	11.29	7281138	85246296.00
2012/05/31	11.16	11.30	11.12	11.23	6144026	71394968.00
2012/06/01	11.23	11.32	11.09	11.15	7554648	87879736.00
2012/06/04	10.92	10.92	10.67	10.68	12907759	144861824.00
2012/06/05	10.67	10.77	10.62	10.67	7364266	81856832.00
2012/06/06	10.77	10.79	10.46	10.52	6241975	67612568.00
2012/06/07	10.67	10.70	10.26	10.34	7871665	84373440.00
2012/06/08	10.47	10.53	10.10	10.16	9162268	96710952.00
2012/06/11	10.26	10.55	10.16	10.44	8001609	84594320.00
2012/06/12	10.35	10.35	10.14	10.16	6883725	71925824.00
2012/06/13	10.22	10.30	10.09	10.27	6669729	69618160.00
2012/06/14	10.24	10.42	10.20	10.25	7712312	81276368.00
2012/06/18	10.34	10.60	10.29	10.44	10550388	112744200.00
2012/06/19	10.45	10.46	10.30	10.43	5076922	53805384.00
2012/06/20	10.49	10.52	10.34	10.37	5268620	56102944.00
2012/06/21	10.34	10.34	10.10	10.16	8595330	89321616.00
2012/06/25	10.17	10.20	9.86	9.95	9786789	100435056.00
2012/06/26	9.92	10.06	9.92	10.02	5853453	59947724.00
2012/06/27	10.00	10.09	9.89	9.98	4972988	50929372.00
2012/06/28	10.00	10.05	9.78	9.80	5786502	58535440.00
2012/06/29	9.74	9.92	9.67	9.89	5517634	55349368.00
2012/07/02	10.04	10.09	9.81	9.85	6664005	67967680.00
2012/07/03	9.86	9.97	9.79	9.87	5033791	50936284.00
2012/07/04	9.97	10.03	9.89	9.93	6533631	66549196.00
2012/07/05	9.81	9.87	9.69	9.74	5904908	58830052.00
2012/07/06	9.80	9.83	9.45	9.76	11107576	109811768.00
2012/07/09	9.62	9.65	9.06	9.09	13852156	132774144.00
2012/07/10	9.07	9.15	9.03	9.04	6304049	58673240.00
2012/07/11	9.02	9.15	9.02	9.08	7029945	65412524.00
2012/07/12	9.05	9.56	8.92	9.43	17882908	170860256.00
2012/07/13	9.37	9.46	9.21	9.24	9803716	93560592.00
2012/07/16	9.29	9.29	8.96	9.00	8767689	81407544.00
2012/07/17	8.79	9.16	8.79	9.07	5509667	51159944.00
2012/07/18	9.03	9.15	8.93	9.14	5401160	50217736.00
2012/07/19	9.13	9.30	9.08	9.15	7983426	75279136.00
2012/07/20	9.16	9.19	9.02	9.05	4720022	44029360.00
2012/07/23	9.00	9.10	8.89	8.96	5075934	46826992.00
2012/07/24	8.89	9.12	8.87	9.00	4666868	43034580.00
2012/07/25	8.99	9.04	8.86	8.88	4018915	36801692.00
2012/07/26	8.88	9.04	8.85	8.89	3828466	35094024.00
2012/07/27	8.95	9.04	8.91	8.98	5713181	52631824.00
2012/07/30	8.99	9.07	8.94	8.99	5360057	49499328.00
2012/07/31	9.00	9.01	8.68	8.73	7627554	68525296.00
2012/08/01	8.72	8.91	8.71	8.81	8006160	72467680.00
2012/08/02	8.80	8.82	8.66	8.71	5255345	47045684.00
2012/08/03	8.74	8.84	8.61	8.84	4443919	39968580.00
2012/08/06	8.83	9.09	8.80	9.05	9591854	88239296.00
2012/08/07	9.02	9.14	9.00	9.08	8422843	78338752.00
2012/08/08	9.09	9.33	9.03	9.12	11506859	108275360.00
2012/08/09	9.09	9.22	9.01	9.17	7490532	69941248.00
2012/08/10	9.22	9.22	9.03	9.07	5350410	49858360.00
2012/08/13	9.07	9.07	8.82	8.85	7826653	71534896.00
2012/08/14	8.88	9.00	8.67	8.95	6049779	54700608.00
2012/08/15	8.91	8.95	8.75	8.77	3996016	36107500.00
2012/08/16	8.79	8.85	8.72	8.75	3170393	28561146.00
2012/08/17	8.76	8.82	8.70	8.80	3370801	30261112.00
2012/08/20	8.67	8.80	8.65	8.74	3338095	29786292.00
2012/08/21	8.75	8.85	8.70	8.81	4949735	44671244.00
2012/08/22	8.79	8.84	8.67	8.69	4825228	43163644.00
2012/08/23	8.70	8.82	8.70	8.81	4759690	42853720.00
2012/08/24	8.75	8.77	8.56	8.57	6809091	60362708.00
2012/08/27	8.57	8.58	8.11	8.15	8486165	72436280.00
2012/08/28	8.14	8.31	8.10	8.20	3970694	33428230.00
2012/08/29	8.17	8.19	7.93	7.95	4852492	40183960.00
2012/08/30	7.96	8.01	7.82	7.92	4966370	40535280.00
2012/08/31	7.92	7.98	7.86	7.92	3094155	25199892.00
2012/09/03	7.91	8.05	7.88	7.99	5838090	47907556.00
2012/09/04	7.97	8.02	7.83	7.85	6727913	54870000.00
2012/09/05	7.81	7.83	7.68	7.77	5934631	47397736.00
2012/09/06	7.80	7.89	7.78	7.86	4458045	35930168.00
2012/09/07	7.92	8.53	7.88	8.38	23342564	198912112.00
2012/09/10	8.39	8.48	8.25	8.40	14595737	125485760.00
2012/09/11	8.35	8.35	8.22	8.33	7703120	65531756.00
2012/09/12	8.42	8.57	8.30	8.44	12337465	107164056.00
2012/09/13	8.41	8.45	8.26	8.27	6903076	59350024.00
2012/09/14	8.45	8.57	8.35	8.41	11652929	101078632.00
2012/09/17	8.41	8.41	8.06	8.07	7875656	66842124.00
2012/09/18	8.04	8.05	7.87	7.92	5678286	46489784.00
2012/09/19	7.90	8.08	7.87	8.00	4969896	40684232.00
2012/09/20	7.97	7.97	7.71	7.72	8117356	65349808.00
2012/09/21	7.69	8.01	7.69	7.83	6543198	53067472.00
2012/09/24	7.76	8.06	7.70	7.99	8111442	65971864.00
2012/09/25	7.94	8.01	7.84	7.89	4790435	38972204.00
2012/09/26	7.89	7.95	7.77	7.80	4974794	40139396.00
2012/09/27	7.84	8.27	7.78	8.13	12282387	102544424.00
2012/09/28	8.07	8.30	8.03	8.28	11846019	99756192.00
2012/10/08	8.25	8.29	8.00	8.09	8174431	68184656.00
2012/10/09	8.12	8.43	8.12	8.31	12290825	104800408.00
2012/10/10	8.28	8.42	8.24	8.37	9791540	83905960.00
2012/10/11	8.37	8.37	8.19	8.20	7116332	60496820.00
2012/10/12	8.24	8.37	8.15	8.31	7497744	63658024.00
2012/10/15	8.27	8.29	8.03	8.15	8079970	67587432.00
2012/10/16	8.15	8.26	8.07	8.10	6361016	53414472.00
2012/10/17	8.16	8.23	8.02	8.12	6860553	57167720.00
2012/10/18	8.18	8.35	8.15	8.29	9553122	81190880.00
2012/10/19	8.31	8.36	8.23	8.30	5884075	50099736.00
2012/10/22	8.23	8.33	8.20	8.32	5565620	47277304.00
2012/10/23	8.25	8.29	8.12	8.16	7536562	63491732.00
2012/10/24	8.10	8.14	8.03	8.07	5458255	45356876.00
2012/10/25	8.07	8.15	8.01	8.03	5682634	47164960.00
2012/10/26	8.03	8.05	7.84	7.85	5759732	46879568.00
2012/10/29	7.85	7.86	7.79	7.83	3545821	28584424.00
2012/10/30	7.85	8.01	7.84	7.88	3913265	31778228.00
2012/10/31	7.88	7.96	7.83	7.95	4307835	34982076.00
2012/11/01	7.96	8.13	7.92	8.12	8601790	71294392.00
2012/11/02	8.12	8.16	8.07	8.13	5765519	48120760.00
2012/11/05	8.13	8.32	8.09	8.24	10588116	89792232.00
2012/11/06	8.24	8.24	8.00	8.12	6681292	55541864.00
2012/11/07	8.11	8.22	8.05	8.19	4388529	36650944.00
2012/11/08	8.11	8.11	7.89	7.90	6479464	53278808.00
2012/11/09	7.87	7.93	7.87	7.91	3324790	27040142.00
2012/11/12	7.96	7.97	7.89	7.94	3009412	24563194.00
2012/11/13	7.94	7.94	7.81	7.83	3944619	31858312.00
2012/11/14	7.83	7.90	7.82	7.89	3461056	27979464.00
2012/11/15	7.85	7.86	7.72	7.73	3689561	29593804.00
2012/11/16	7.73	7.76	7.56	7.60	5081218	39904592.00
2012/11/19	7.59	7.64	7.52	7.64	3282153	25625318.00
2012/11/20	7.67	7.69	7.57	7.58	2613866	20559152.00
2012/11/21	7.64	7.76	7.58	7.75	5948093	47032608.00
2012/11/22	7.70	7.78	7.62	7.66	3314275	26257426.00
2012/11/23	7.74	7.78	7.66	7.71	3202373	25468418.00
2012/11/26	7.69	7.72	7.57	7.58	3084740	24196900.00
2012/11/27	7.55	7.57	7.37	7.39	5307095	40735480.00
2012/11/28	7.28	7.41	7.28	7.38	4589655	34849500.00
2012/11/29	7.38	7.46	7.32	7.33	2554472	19479368.00
2012/11/30	7.33	7.43	7.31	7.40	2975987	22646988.00
2012/12/03	7.42	7.44	7.10	7.11	3633862	27304494.00
2012/12/04	7.08	7.21	7.04	7.16	4691444	34434488.00
2012/12/05	7.16	7.54	7.11	7.46	8619411	65720492.00
2012/12/06	7.46	7.52	7.38	7.48	6207435	47710768.00
2012/12/07	7.48	7.82	7.42	7.68	10616590	83927304.00
2012/12/10	7.72	7.78	7.63	7.73	8430188	66955936.00
2012/12/11	7.65	7.89	7.63	7.75	8772436	70098760.00
2012/12/12	7.74	7.79	7.61	7.68	4945947	39098016.00
2012/12/13	7.63	7.66	7.52	7.53	4975151	38903984.00
2012/12/14	7.53	7.89	7.53	7.87	15897277	127423064.00
2012/12/17	7.83	8.35	7.83	8.03	23052958	192311984.00
2012/12/18	7.99	8.20	7.90	8.05	14172877	117394136.00
2012/12/19	8.05	8.19	8.04	8.10	10914087	91188112.00
2012/12/20	8.07	8.17	7.93	8.15	9911976	82052872.00
2012/12/21	8.19	8.53	8.02	8.08	29671147	252181616.00
2012/12/24	8.09	8.20	8.00	8.10	13186867	109790120.00
2012/12/25	8.08	8.33	7.94	8.27	22789273	192135776.00
2012/12/26	8.26	8.30	8.19	8.29	13668138	115902208.00
2012/12/27	8.37	8.46	8.11	8.13	21518069	182812048.00
2012/12/28	8.11	8.17	8.00	8.15	18881447	156968960.00
2012/12/31	8.17	8.39	8.08	8.31	20911762	177379760.00
2013/01/04	8.44	8.49	8.16	8.25	20081593	171286528.00
2013/01/07	8.26	8.39	8.22	8.30	14258052	121563680.00
2013/01/08	8.31	8.34	8.15	8.25	16222142	137012816.00
2013/01/09	8.22	8.47	8.15	8.46	28315320	241763488.00
2013/01/10	8.43	8.54	8.28	8.41	27641384	239092608.00
2013/01/11	8.40	8.43	8.05	8.13	16133260	136493520.00
2013/01/14	8.08	8.37	8.05	8.33	19296444	163389072.00
2013/01/15	8.36	8.59	8.31	8.55	34234030	297645504.00
2013/01/16	8.55	8.74	8.38	8.47	31494080	276780352.00
2013/01/17	8.47	8.50	8.29	8.33	17187911	147655552.00
2013/01/18	8.45	8.58	8.37	8.52	19573095	170472112.00
2013/01/21	8.58	8.73	8.48	8.64	32331311	286502752.00
2013/01/22	8.59	8.64	8.38	8.41	21548382	188235168.00
2013/01/23	8.43	8.46	8.22	8.39	15409309	131957608.00
2013/01/24	8.37	8.52	8.09	8.13	21037320	179597888.00
2013/01/25	8.14	8.24	8.12	8.14	7840954	65884880.00
2013/01/28	8.19	8.36	8.17	8.34	11295573	95872248.00
2013/01/29	8.34	8.50	8.33	8.42	19018135	164727232.00
2013/01/30	8.47	8.55	8.38	8.43	14609028	126964880.00
2013/01/31	8.43	8.65	8.38	8.53	20163613	176533744.00
2013/02/01	8.52	8.63	8.42	8.62	20076901	176056976.00
2013/02/04	8.62	9.33	8.62	9.08	54315566	499562368.00
2013/02/05	9.02	9.42	8.97	9.18	41343485	390896864.00
2013/02/06	9.19	9.19	8.98	9.02	21155788	196233792.00
2013/02/07	9.05	9.08	8.85	8.90	16988059	155573568.00
2013/02/08	8.92	9.04	8.90	8.97	11213324	103445088.00
2013/02/18	8.99	9.03	8.77	8.78	13939034	126659856.00
2013/02/19	8.81	8.85	8.49	8.52	17117538	151453328.00
2013/02/20	8.49	8.63	8.48	8.60	11553221	101523744.00
2013/02/21	8.47	8.49	8.14	8.18	22906821	194119424.00
2013/02/22	8.17	8.23	8.13	8.19	9988975	84035920.00
2013/02/25	8.23	8.28	8.17	8.20	7056057	59570776.00
2013/02/26	8.17	8.17	7.96	7.99	12498172	103931792.00
2013/02/27	8.03	8.12	7.95	8.05	9175764	75827480.00
2013/02/28	8.11	8.26	8.02	8.26	11699327	98261576.00
2013/03/01	8.24	8.25	8.05	8.18	11041744	92580000.00
2013/03/04	8.09	8.09	7.70	7.75	17070471	137689776.00
2013/03/05	7.77	7.87	7.73	7.86	8052320	64757280.00
2013/03/06	7.92	7.95	7.80	7.88	12011625	97101104.00
2013/03/07	7.83	8.18	7.75	8.00	25483899	209135456.00
2013/03/08	7.95	8.05	7.87	7.92	9381441	76597728.00
2013/03/11	7.88	7.91	7.79	7.85	6670500	53784608.00
2013/03/12	7.84	7.96	7.60	7.70	11005459	87807912.00
2013/03/13	7.67	7.75	7.60	7.68	7208112	57070496.00
2013/03/14	7.65	7.78	7.61	7.71	7463985	59202152.00
2013/03/15	7.73	7.85	7.57	7.60	9627630	76488480.00
2013/03/18	7.58	7.66	7.47	7.48	7312640	56787096.00
2013/03/19	7.54	7.58	7.48	7.55	4491914	34822864.00
2013/03/20	7.56	7.74	7.53	7.73	9091495	71813040.00
2013/03/21	7.73	7.85	7.67	7.74	9635317	76874576.00
2013/03/22	7.74	7.79	7.70	7.75	4500389	35871748.00
2013/03/25	7.76	7.81	7.72	7.77	5198265	41549648.00
2013/03/26	7.72	7.76	7.53	7.58	7214151	56425488.00
2013/03/27	7.57	7.67	7.50	7.52	5217711	40743180.00
2013/03/28	7.50	7.50	7.25	7.30	10645543	80522384.00
2013/03/29	7.31	7.37	7.24	7.27	5486527	41229548.00
2013/04/01	7.25	7.30	7.21	7.25	5414851	40496056.00
2013/04/02	7.27	7.35	7.25	7.31	5121564	38527476.00
2013/04/03	7.34	7.39	7.29	7.33	5780778	43721584.00
2013/04/08	7.22	7.27	7.15	7.26	6218463	46230324.00
2013/04/09	7.29	7.43	7.27	7.39	8038794	61022240.00
2013/04/10	7.38	7.49	7.31	7.48	10159598	77585392.00
2013/04/11	7.50	7.51	7.29	7.34	7867975	59829928.00
2013/04/12	7.32	7.35	7.20	7.22	5826290	43732068.00
2013/04/15	7.17	7.20	7.00	7.05	8044339	58642136.00
2013/04/16	6.96	7.09	6.92	7.06	7770574	56107960.00
2013/04/17	7.06	7.15	6.94	7.00	8026601	58112576.00
2013/04/18	6.91	7.03	6.89	6.95	6997253	50225504.00
2013/04/19	6.95	7.14	6.95	7.10	13062905	95277048.00
2013/04/22	7.05	7.09	6.98	7.01	8491101	61528492.00
2013/04/23	7.01	7.03	6.75	6.76	12447906	87953000.00
2013/04/24	6.76	6.86	6.73	6.84	12169961	85607144.00
2013/04/25	6.82	6.84	6.65	6.66	11918223	82731192.00
2013/04/26	6.66	6.70	6.43	6.49	10393334	70634864.00
2013/05/02	6.46	6.46	6.30	6.35	9057783	59625548.00
2013/05/03	6.37	6.53	6.36	6.43	9010259	60257036.00
2013/05/06	6.48	6.54	6.45	6.50	8992676	60549480.00
2013/05/07	6.51	6.63	6.43	6.58	10470523	71022720.00
2013/05/08	6.58	6.65	6.50	6.52	8948216	60795952.00
2013/05/09	6.54	6.55	6.28	6.35	12115873	79958848.00
2013/05/10	6.32	6.49	6.30	6.48	10939173	72527400.00
2013/05/13	6.48	6.53	6.43	6.49	8134416	54640084.00
2013/05/14	6.49	6.51	6.32	6.38	6170238	40848536.00
2013/05/15	6.36	6.43	6.35	6.37	5207260	34436588.00
2013/05/16	6.39	6.50	6.31	6.49	8818159	58685760.00
2013/05/17	6.48	6.84	6.46	6.76	22914756	157864544.00
2013/05/20	6.72	6.77	6.65	6.71	15087253	104692840.00
2013/05/21	6.73	6.83	6.68	6.77	11884782	83048768.00
2013/05/22	6.77	6.80	6.68	6.72	9300224	64722200.00
2013/05/23	6.68	6.70	6.56	6.56	11590227	79356328.00
2013/05/24	6.54	6.63	6.53	6.58	6771395	46110284.00
2013/05/27	6.57	6.60	6.49	6.50	7278517	49196912.00
2013/05/28	6.49	6.72	6.46	6.70	15599897	106430160.00
2013/05/29	6.68	6.71	6.60	6.62	9773095	67287712.00
2013/05/30	6.61	6.69	6.58	6.63	7033005	48314568.00
2013/05/31	6.66	6.70	6.52	6.53	9369012	64283352.00
2013/06/03	6.51	6.63	6.49	6.55	8222416	55790624.00
2013/06/04	6.54	6.54	6.38	6.40	8074929	53753632.00
2013/06/05	6.38	6.43	6.35	6.41	5184815	34347664.00
2013/06/06	6.39	6.48	6.36	6.38	6324731	42063776.00
2013/06/07	6.42	6.42	6.17	6.19	10203623	66192816.00
2013/06/13	6.15	6.15	5.79	5.86	10194897	62393580.00
2013/06/14	5.89	5.92	5.84	5.87	7023044	42822984.00
2013/06/17	5.89	6.05	5.89	6.00	13051414	80982376.00
2013/06/18	6.00	6.15	6.00	6.11	9763622	61873800.00
2013/06/19	6.09	6.36	5.93	6.27	12334805	78207032.00
2013/06/20	6.28	6.42	6.09	6.10	14566021	92860992.00
2013/06/21	6.02	6.24	5.94	6.14	8312723	51540560.00
2013/06/24	6.09	6.14	5.52	5.55	12104291	71436896.00
2013/06/25	5.55	5.66	5.00	5.35	15380680	82510592.00
2013/06/26	5.32	5.34	5.09	5.19	13287304	70130320.00
2013/06/27	5.20	5.32	5.07	5.10	11237507	59150056.00
2013/06/28	5.02	5.29	5.00	5.12	12763016	66416032.00
2013/07/01	5.10	5.18	4.98	5.08	9181209	47233616.00
2013/07/02	5.09	5.11	4.98	5.06	6748767	34470072.00
2013/07/03	5.04	5.08	4.98	5.02	7283973	37098256.00
2013/07/04	5.00	5.27	4.86	5.17	19945701	102986984.00
2013/07/05	5.12	5.22	5.09	5.15	11307922	59135364.00
2013/07/08	5.06	5.06	4.90	4.92	8472558	42706220.00
2013/07/09	4.94	5.04	4.90	4.96	6217369	31374646.00
2013/07/10	4.95	5.18	4.94	5.17	11953267	61697884.00
2013/07/11	5.17	5.43	5.15	5.33	21385343	115244072.00
2013/07/12	5.30	5.33	5.15	5.15	12403681	65874800.00
2013/07/15	5.15	5.26	5.12	5.19	11156343	58667400.00
2013/07/16	5.16	5.20	5.04	5.14	11402831	59219568.00
2013/07/17	5.12	5.31	5.09	5.15	14751235	78062128.00
2013/07/18	5.11	5.15	5.00	5.01	10165602	52114156.00
2013/07/19	5.00	5.08	4.90	4.91	10445320	52903808.00
2013/07/22	4.89	4.95	4.87	4.94	6309970	31473552.00
2013/07/23	4.93	5.10	4.93	5.04	10421634	53397080.00
2013/07/24	5.00	5.07	4.91	4.97	9019471	45493144.00
2013/07/25	4.98	5.10	4.93	4.98	11059917	56350212.00
2013/07/26	4.96	4.97	4.91	4.92	7843152	39301592.00
2013/07/29	4.89	4.89	4.76	4.76	7687281	37578668.00
2013/07/30	4.78	4.88	4.77	4.83	7896680	38651448.00
2013/07/31	4.82	4.93	4.82	4.93	9125830	45184200.00
2013/08/01	4.93	5.09	4.92	5.02	14213484	72367808.00
2013/08/02	5.06	5.12	4.97	5.06	15946230	82021928.00
2013/08/05	5.03	5.29	5.00	5.19	15959768	83229136.00
2013/08/06	5.13	5.61	5.08	5.48	33464060	181901424.00
2013/08/07	5.37	5.50	5.32	5.33	31572379	172375440.00
2013/08/08	5.31	5.31	5.21	5.24	13508703	71945544.00
2013/08/09	5.27	5.36	5.20	5.30	15060780	80716680.00
2013/08/12	5.33	5.77	5.29	5.73	40460178	227664864.00
2013/08/13	5.73	5.73	5.55	5.57	22577076	128355640.00
2013/08/14	5.54	5.74	5.51	5.54	21396886	121811240.00
2013/08/15	5.56	5.59	5.42	5.44	11577262	64554784.00
2013/08/16	5.42	5.71	5.35	5.37	20263232	112634528.00
2013/08/19	5.32	5.47	5.29	5.40	9696110	52938640.00
2013/08/20	5.42	5.47	5.25	5.31	10502290	57120772.00
2013/08/21	5.37	5.43	5.31	5.39	9619853	52467380.00
2013/08/22	5.36	5.43	5.33	5.35	6805719	37143660.00
2013/08/23	5.40	5.45	5.17	5.30	10250126	55327768.00
2013/08/26	5.33	5.43	5.30	5.42	11736245	64062420.00
2013/08/27	5.42	5.46	5.38	5.44	7441855	40926504.00
2013/08/28	5.40	5.57	5.35	5.51	18103516	100840064.00
2013/08/29	5.48	5.49	5.37	5.40	10733025	58990444.00
2013/08/30	5.38	5.43	5.33	5.35	9126087	49765236.00
2013/09/02	5.37	5.43	5.28	5.41	7964567	43324112.00
2013/09/03	5.42	5.50	5.38	5.49	11666063	64666220.00
2013/09/04	5.50	5.59	5.44	5.50	13686764	76436928.00
2013/09/05	5.48	5.48	5.39	5.41	8063113	44505296.00
2013/09/06	5.41	5.46	5.38	5.43	6699864	36829736.00
2013/09/09	5.44	5.57	5.42	5.53	14227821	79667904.00
2013/09/10	5.54	5.69	5.52	5.65	19917588	113543040.00
2013/09/11	5.67	6.07	5.64	5.86	42318971	252384240.00
2013/09/12	5.82	5.89	5.75	5.83	16144088	95130544.00
2013/09/13	5.86	5.86	5.66	5.69	13762747	80083536.00
2013/09/16	5.69	5.74	5.64	5.65	6684778	38539496.00
2013/09/17	5.63	5.66	5.44	5.46	12035466	67385200.00
2013/09/18	5.44	5.53	5.40	5.47	7451747	41214000.00
2013/09/23	5.50	5.54	5.47	5.52	10699720	59777704.00
2013/09/24	5.51	5.51	5.43	5.45	7874017	43626044.00
2013/09/25	5.43	5.51	5.43	5.44	6542174	36285156.00
2013/09/26	5.42	5.49	5.34	5.34	6599329	36172428.00
2013/09/27	5.34	5.53	5.34	5.47	9286960	51421568.00
2013/09/30	5.49	5.51	5.43	5.47	4914995	27291948.00
2013/10/08	5.42	5.54	5.38	5.52	6120742	34061092.00
2013/10/09	5.52	5.52	5.44	5.49	6664186	37042680.00
2013/10/10	5.51	5.52	5.38	5.42	8767785	48343968.00
2013/10/11	5.44	5.51	5.43	5.48	7252139	40309652.00
2013/10/14	5.48	5.55	5.46	5.51	9209196	51572096.00
2013/10/15	5.53	5.55	5.45	5.49	7537082	41985120.00
2013/10/16	5.49	5.49	5.35	5.36	7249619	39659624.00
2013/10/17	5.39	5.60	5.35	5.45	15969550	89034304.00
2013/10/18	5.42	5.46	5.38	5.42	5631373	30980744.00
2013/10/21	5.42	5.52	5.35	5.50	12056291	66715412.00
2013/10/22	5.48	5.60	5.42	5.55	17908073	100382184.00
2013/10/23	5.53	5.62	5.47	5.51	14468454	81415808.00
2013/10/24	5.54	5.54	5.40	5.42	7471407	41300328.00
2013/10/25	5.42	5.47	5.25	5.30	7414605	40295812.00
2013/10/28	5.31	5.32	5.09	5.12	7679351	40335556.00
2013/10/29	5.18	5.22	4.96	5.06	9066670	46848904.00
2013/10/30	5.05	5.20	5.02	5.16	6651956	34581328.00
2013/10/31	5.16	5.18	5.12	5.14	5465595	28592884.00
2013/11/01	5.18	5.20	5.13	5.17	4733952	24870500.00
2013/11/04	5.21	5.24	5.14	5.17	3823418	20084316.00
2013/11/05	5.14	5.16	5.07	5.14	5384480	27915458.00
2013/11/06	5.12	5.27	5.09	5.16	7100567	37315868.00
2013/11/07	5.16	5.23	5.12	5.16	6576314	34607028.00
2013/11/08	5.18	5.18	5.06	5.09	4647771	24142274.00
2013/11/11	5.09	5.13	5.05	5.11	2921753	15111891.00
2013/11/12	5.11	5.25	5.09	5.21	8582412	45177416.00
2013/11/13	5.18	5.18	5.08	5.09	4997046	25967430.00
2013/11/14	5.10	5.19	5.10	5.14	5285371	27625312.00
2013/11/15	5.15	5.25	5.13	5.21	9465873	50064636.00
2013/11/18	5.20	5.32	5.20	5.31	11344901	60736824.00
2013/11/19	5.33	5.33	5.25	5.28	7180338	38475004.00
2013/11/20	5.32	5.33	5.25	5.29	6297054	33744064.00
2013/11/21	5.28	5.42	5.27	5.37	17298901	94342016.00
2013/11/22	5.42	5.59	5.37	5.47	19705239	109919400.00
2013/11/25	5.48	5.57	5.43	5.48	11904921	66070824.00
2013/11/26	5.48	5.48	5.34	5.35	7026045	38463388.00
2013/11/27	5.39	5.46	5.31	5.45	13313906	72686968.00
2013/11/28	5.51	5.66	5.51	5.51	20285559	114738288.00
2013/11/29	5.51	5.52	5.45	5.47	8303353	46128872.00
2013/12/02	5.37	5.45	5.28	5.34	11161322	60599472.00
2013/12/03	5.33	5.44	5.32	5.42	9285389	50828128.00
2013/12/04	5.41	5.55	5.39	5.54	14218629	79392488.00
2013/12/05	5.54	5.65	5.49	5.50	13436013	75889344.00
2013/12/06	5.48	5.50	5.45	5.50	7645031	42451708.00
2013/12/09	5.50	5.55	5.47	5.50	6072004	33837888.00
2013/12/10	5.51	5.56	5.44	5.46	6917401	38507928.00
2013/12/11	5.43	5.45	5.29	5.33	8156438	44297016.00
2013/12/12	5.32	5.35	5.27	5.33	6024007	32461552.00
2013/12/13	5.27	5.33	5.26	5.29	4664948	25088916.00
2013/12/16	5.29	5.30	5.16	5.16	6463398	34226200.00
2013/12/17	5.16	5.17	5.04	5.10	6201972	32191056.00
2013/12/18	5.12	5.12	5.05	5.07	5209122	26859340.00
2013/12/19	5.08	5.17	5.07	5.08	5224182	27096254.00
2013/12/20	5.08	5.13	4.94	4.98	7031819	35854080.00
2013/12/23	5.00	5.03	4.87	4.94	3975528	19944160.00
2013/12/24	4.94	5.24	4.94	5.14	11459175	59174308.00
2013/12/25	5.11	5.16	5.03	5.14	7319282	37755544.00
2013/12/26	5.08	5.21	5.00	5.18	11118163	57606516.00
2013/12/27	5.13	5.22	5.10	5.19	7263880	38004440.00
2013/12/30	5.17	5.19	5.10	5.13	4715885	24582620.00
2013/12/31	5.08	5.27	5.08	5.18	7737505	40697660.00
2014/01/02	5.16	5.17	4.99	5.02	9753509	50010824.00
2014/01/03	4.98	4.99	4.93	4.95	5578240	28050988.00
2014/01/06	4.92	4.94	4.79	4.80	6384043	31375500.00
2014/01/07	4.80	4.84	4.74	4.78	3349186	16289984.00
2014/01/08	4.79	4.81	4.66	4.68	7790713	37550300.00
2014/01/09	4.68	4.74	4.56	4.57	11041786	52063576.00
2014/01/10	4.54	4.57	4.43	4.47	13313020	60681712.00
2014/01/13	4.47	4.53	4.44	4.46	7336074	33388240.00
2014/01/14	4.44	4.46	4.36	4.46	11624286	52177668.00
2014/01/15	4.45	4.45	4.37	4.40	5046445	22616756.00
2014/01/16	4.41	4.49	4.35	4.44	8027683	36168472.00
2014/01/17	4.41	4.43	4.25	4.27	7207997	31863092.00
2014/01/20	4.26	4.27	4.18	4.20	5965125	25628824.00
2014/01/21	4.21	4.27	4.20	4.24	4877926	21084932.00
2014/01/22	4.25	4.37	4.22	4.36	6960113	30660504.00
2014/01/23	4.37	4.37	4.31	4.32	5116852	22537004.00
2014/01/24	4.30	4.42	4.29	4.39	6259565	27916394.00
2014/01/27	4.35	4.40	4.31	4.38	5909583	26227634.00
2014/01/28	4.36	4.40	4.34	4.34	3588922	15942232.00
2014/01/29	4.34	4.37	4.32	4.32	3687071	16281630.00
2014/01/30	4.32	4.34	4.21	4.22	3899956	16938140.00
2014/02/07	4.22	4.30	4.20	4.29	4762315	20694768.00
2014/02/10	4.28	4.39	4.28	4.38	7964680	35349464.00
2014/02/11	4.37	4.61	4.30	4.49	16197446	73266720.00
2014/02/12	4.45	4.47	4.42	4.45	8261938	37340792.00
2014/02/13	4.45	4.52	4.32	4.44	9263654	41866172.00
2014/02/14	4.44	4.47	4.38	4.44	8105257	36458416.00
2014/02/17	4.46	4.51	4.42	4.48	12943568	58720688.00
2014/02/18	4.47	4.48	4.35	4.39	8843447	39705792.00
2014/02/19	4.39	4.44	4.35	4.41	7264039	32519012.00
2014/02/20	4.42	4.50	4.41	4.43	14882827	67487104.00
2014/02/21	4.44	4.44	4.30	4.32	8891015	39377400.00
2014/02/24	4.26	4.27	4.11	4.13	12249003	51966208.00
2014/02/25	4.13	4.15	4.00	4.01	7936966	33119716.00
2014/02/26	4.00	4.04	3.92	4.02	10133451	41181860.00
2014/02/27	4.02	4.03	3.92	3.92	8846724	35731660.00
2014/02/28	3.92	3.95	3.86	3.94	8143854	32514630.00
2014/03/03	3.92	4.01	3.91	3.93	8133030	32704656.00
2014/03/04	3.92	3.93	3.85	3.90	8355163	33187796.00
2014/03/05	3.90	4.00	3.88	3.95	12117559	48697340.00
2014/03/06	3.93	3.94	3.85	3.91	6480029	25750716.00
2014/03/07	3.90	3.93	3.86	3.86	6628912	26330232.00
2014/03/10	3.81	3.82	3.66	3.68	10409166	39607584.00
2014/03/11	3.67	3.77	3.65	3.72	6817611	25833444.00
2014/03/12	3.70	3.79	3.68	3.77	8897743	34028252.00
2014/03/13	3.77	3.89	3.73	3.84	11987356	46713912.00
2014/03/14	3.78	3.82	3.74	3.76	6206985	23961938.00
2014/03/17	3.76	3.86	3.76	3.83	6694783	26149140.00
2014/03/18	3.82	3.85	3.80	3.81	4518035	17613726.00
2014/03/19	3.80	3.81	3.70	3.80	8426466	32348740.00
2014/03/20	3.78	3.80	3.70	3.72	7136627	27468644.00
2014/03/21	3.71	3.98	3.69	3.95	24082155	95095896.00
2014/03/24	3.98	4.04	3.90	4.00	17724704	71731600.00
2014/03/25	3.96	4.04	3.94	3.98	12009982	48852632.00
2014/03/26	3.99	4.02	3.94	3.96	6777246	27427080.00
2014/03/27	3.95	4.04	3.92	3.97	9414951	38331208.00
2014/03/28	3.97	4.01	3.93	3.95	8066322	32704032.00
2014/03/31	3.96	3.97	3.85	3.88	7419115	29592932.00
2014/04/01	3.87	3.93	3.86	3.91	4906181	19527648.00
2014/04/02	3.92	4.04	3.89	3.98	11769172	47716440.00
2014/04/03	4.00	4.02	3.92	3.93	8038172	32553210.00
2014/04/04	3.90	3.95	3.88	3.95	7042850	28160892.00
2014/04/08	3.93	4.12	3.93	4.07	16942802	69840464.00
2014/04/09	4.05	4.07	4.02	4.04	6974724	28774012.00
2014/04/10	4.05	4.17	4.00	4.12	17589162	73385936.00
2014/04/11	4.09	4.12	4.07	4.09	7838812	32714480.00
2014/04/14	4.08	4.14	4.08	4.10	7864989	32889436.00
2014/04/15	4.10	4.10	4.00	4.01	6899909	28431880.00
2014/04/16	3.99	4.06	3.99	4.01	3852844	15781740.00
2014/04/17	4.01	4.04	3.97	3.98	5496011	22377730.00
2014/04/18	3.96	4.01	3.92	3.95	6717771	27161068.00
2014/04/21	3.92	3.96	3.81	3.85	9570036	37972064.00
2014/04/22	3.83	3.87	3.82	3.86	5017538	19674176.00
2014/04/23	3.85	3.89	3.82	3.84	6311252	24813264.00
2014/04/24	3.83	3.87	3.82	3.83	5315812	20873896.00
2014/04/25	3.85	3.85	3.74	3.75	4534114	17562092.00
2014/04/28	3.74	3.83	3.67	3.71	9082311	34774036.00
2014/04/29	3.71	3.83	3.70	3.82	7703598	29716304.00
2014/04/30	3.82	3.83	3.77	3.78	4930065	19111864.00
2014/05/05	3.78	3.79	3.70	3.78	5325005	20349852.00
2014/05/06	3.76	3.80	3.74	3.76	4071171	15673301.00
2014/05/07	3.75	3.77	3.71	3.72	3843795	14668213.00
2014/05/08	3.72	3.90	3.71	3.82	12162964	47439512.00
2014/05/09	3.81	3.91	3.78	3.90	13325622	52536240.00
2014/05/12	3.91	4.30	3.87	4.30	51962512	222939248.00
2014/05/13	4.32	4.40	4.08	4.15	42756856	183290224.00
2014/05/14	4.10	4.19	4.05	4.10	18377347	77078368.00
2014/05/15	4.09	4.10	3.97	4.00	14572738	59630804.00
2014/05/16	3.98	4.02	3.95	4.02	8594610	34960964.00
2014/05/19	3.99	4.00	3.90	3.95	7640675	30706672.00
2014/05/20	3.96	3.99	3.91	3.92	5298200	21305644.00
2014/05/21	3.92	4.06	3.90	4.01	12105458	49459928.00
2014/05/22	4.00	4.05	3.95	3.97	6701845	27345968.00
2014/05/23	3.95	3.99	3.94	3.97	3796612	15351754.00
2014/05/26	4.02	4.02	3.97	4.01	3879531	15801933.00
2014/05/27	4.01	4.01	3.96	3.96	3219986	13084512.00
2014/05/28	3.97	4.03	3.95	4.02	6641223	27167636.00
2014/05/29	4.02	4.02	3.93	3.94	5288116	21412968.00
2014/05/30	3.94	3.98	3.92	3.93	4487160	18094680.00
2014/06/03	3.93	3.98	3.93	3.94	3299643	13310262.00
2014/06/04	3.94	3.96	3.89	3.91	3534690	14126280.00
2014/06/05	3.91	3.93	3.87	3.91	2927773	11653750.00
2014/06/06	3.92	3.93	3.82	3.86	4040410	15965089.00
2014/06/09	3.86	3.92	3.83	3.87	4257284	16881910.00
2014/06/10	3.88	3.92	3.87	3.91	5727958	22806876.00
2014/06/11	3.90	3.94	3.89	3.92	3839885	15326210.00
2014/06/12	3.90	3.95	3.89	3.90	4510622	18028432.00
2014/06/13	3.90	4.10	3.90	4.07	22876871	94413400.00
2014/06/16	4.10	4.10	4.02	4.02	8180105	33834792.00
2014/06/17	4.01	4.02	3.95	3.96	7722699	31318568.00
2014/06/18	3.99	4.03	3.95	4.01	7344013	29889628.00
2014/06/19	4.00	4.01	3.86	3.89	7591386	30448908.00
2014/06/20	3.90	3.97	3.89	3.92	3204940	12831802.00
2014/06/23	3.91	4.00	3.90	3.95	3607367	14523124.00
2014/06/24	3.93	4.00	3.93	3.97	3858242	15617887.00
2014/06/25	3.98	4.04	3.87	3.96	10041933	40690076.00
2014/06/26	3.95	3.99	3.93	3.97	4084563	16518094.00
2014/06/27	3.96	4.00	3.93	3.97	6826673	27614048.00
2014/06/30	3.97	3.99	3.93	3.96	6428006	25963764.00
2014/07/01	3.97	4.00	3.93	3.96	7155744	28939206.00
2014/07/02	3.97	4.04	3.93	4.01	12890655	52464916.00
2014/07/03	3.99	4.03	3.98	4.01	9395747	38395240.00
2014/07/04	4.01	4.02	3.97	4.00	6357138	25881208.00
2014/07/07	3.99	4.01	3.96	3.99	11779676	47848108.00
2014/07/08	3.98	3.99	3.95	3.96	6440131	26046442.00
2014/07/09	3.96	3.99	3.92	3.94	9439361	38038336.00
2014/07/10	3.94	3.97	3.91	3.95	8398975	33774952.00
2014/07/11	3.96	3.98	3.94	3.95	9530236	37752200.00
2014/07/14	3.95	3.99	3.93	3.99	5926888	23514892.00
2014/07/15	3.99	4.04	3.96	4.02	20824042	83318168.00
2014/07/16	4.00	4.02	3.97	4.00	14695993	58727732.00
2014/07/17	4.00	4.01	3.95	3.96	9056191	35978312.00
2014/07/18	3.97	4.01	3.95	3.99	8895843	35447580.00
2014/07/21	3.98	3.99	3.94	3.95	6975544	27619328.00
2014/07/22	3.95	4.04	3.95	4.02	21124324	84809496.00
2014/07/23	4.02	4.09	4.02	4.05	20334665	82442448.00
2014/07/24	4.05	4.18	4.05	4.14	35531953	146446224.00
2014/07/25	4.14	4.23	4.10	4.19	28405595	118349176.00
2014/07/28	4.21	4.40	4.18	4.30	39759107	171139408.00
2014/07/29	4.30	4.35	4.25	4.27	21576853	92441808.00
2014/07/30	4.26	4.36	4.24	4.26	22610453	97203568.00
2014/07/31	4.25	4.35	4.24	4.34	23382915	100521984.00
2014/08/01	4.31	4.47	4.29	4.31	36635257	159821232.00
2014/08/04	4.32	4.46	4.28	4.45	32383833	142169072.00
2014/08/05	4.46	4.62	4.43	4.49	41413023	186982416.00
2014/08/06	4.48	4.54	4.40	4.53	26772546	119608384.00
2014/08/07	4.53	4.59	4.40	4.43	26736867	119998816.00
2014/08/08	4.40	4.47	4.36	4.40	25035901	109867128.00
2014/08/11	4.41	4.46	4.38	4.44	32700974	144306688.00
2014/08/12	4.43	4.44	4.36	4.43	27828208	122339016.00
2014/08/13	4.41	4.54	4.36	4.53	45141360	201660416.00
2014/08/14	4.50	4.52	4.38	4.40	25909035	115441712.00
2014/08/15	4.41	4.48	4.37	4.44	17963601	79502168.00
2014/08/18	4.44	4.49	4.43	4.45	18771542	83528416.00
2014/08/19	4.45	4.55	4.43	4.47	30974723	139140752.00
2014/08/20	4.46	4.47	4.40	4.43	14525808	64354824.00
2014/08/21	4.43	4.44	4.36	4.38	14757575	64820112.00
2014/08/22	4.39	4.42	4.36	4.40	12533347	55029996.00
2014/08/25	4.40	4.41	4.29	4.31	15083569	65334872.00
2014/08/26	4.30	4.35	4.18	4.19	20162060	85645712.00
2014/08/27	4.20	4.22	4.17	4.18	15692577	65785096.00
2014/08/28	4.20	4.26	4.18	4.21	14522128	61302504.00
2014/08/29	4.19	4.24	4.17	4.23	9719329	40867540.00
2014/09/01	4.23	4.29	4.21	4.28	19780124	83965136.00
2014/09/02	4.28	4.35	4.25	4.34	23321702	100089680.00
2014/09/03	4.32	4.42	4.32	4.38	27214355	119215232.00
2014/09/04	4.39	4.40	4.35	4.39	15666593	68505456.00
2014/09/05	4.39	4.45	4.37	4.43	23461374	103577728.00
2014/09/09	4.43	4.48	4.41	4.47	24259750	107818840.00
2014/09/10	4.46	4.46	4.41	4.43	14018545	62037256.00
2014/09/11	4.43	4.48	4.38	4.39	24488361	108488184.00
2014/09/12	4.39	4.44	4.35	4.44	21020292	92352160.00
2014/09/15	4.44	4.53	4.42	4.52	35887528	161531696.00
2014/09/16	4.52	4.63	4.44	4.44	48098296	218097936.00
2014/09/17	4.42	4.50	4.40	4.47	23255998	103407560.00
2014/09/18	4.48	4.62	4.45	4.57	38287898	173748576.00
2014/09/19	4.56	4.61	4.52	4.58	31114452	142424496.00
2014/09/22	4.58	4.59	4.51	4.53	32310073	146701104.00
2014/09/23	4.51	4.57	4.51	4.55	17549592	79766296.00
2014/09/24	4.54	4.72	4.53	4.68	50895832	235395408.00
2014/09/25	4.71	4.77	4.66	4.72	59058433	278414784.00
2014/09/26	4.68	4.75	4.65	4.70	20684961	97456088.00
2014/09/29	4.72	4.84	4.69	4.83	35837282	170506000.00
2014/09/30	4.93	5.03	4.86	4.88	67176004	331613472.00
2014/10/08	4.91	4.92	4.83	4.90	30273378	147805856.00
2014/10/09	4.87	5.00	4.81	4.97	41155971	202216416.00
2014/10/10	5.01	5.07	4.90	4.93	32796296	163029952.00
2014/10/13	4.94	5.05	4.86	5.03	36405686	180679136.00
2014/10/14	5.03	5.03	4.88	4.91	27632367	136873952.00
2014/10/15	4.92	4.93	4.82	4.87	19857956	96701328.00
2014/10/16	4.83	4.91	4.78	4.79	21066505	102205384.00
2014/10/17	4.77	4.83	4.66	4.69	33177109	156265744.00
2014/10/20	4.70	4.74	4.68	4.73	14643886	68938672.00
2014/10/21	4.71	4.75	4.67	4.68	14343922	67496552.00
2014/10/22	4.69	4.71	4.61	4.62	13105598	61108140.00
2014/10/23	4.61	4.63	4.49	4.54	16540911	75352304.00
2014/10/24	4.53	4.56	4.49	4.51	10971482	49680364.00
2014/10/27	4.50	4.53	4.45	4.51	8524021	38340280.00
2014/10/28	4.51	4.63	4.50	4.62	14842409	67982976.00
2014/10/29	4.64	4.74	4.60	4.70	19465084	91041736.00
2014/10/30	4.70	4.80	4.65	4.77	21621819	102337424.00
2014/10/31	4.80	4.92	4.71	4.85	41359662	199579360.00
2014/11/03	4.85	4.95	4.83	4.92	36959943	180572192.00
2014/11/04	4.90	5.15	4.84	5.10	73192079	367304640.00
2014/11/05	5.04	5.07	4.90	4.95	45586257	226465152.00
2014/11/06	4.94	4.99	4.88	4.97	28301651	139450992.00
2014/11/07	4.95	5.05	4.92	4.98	41234368	204869376.00
2014/11/10	4.96	5.11	4.93	5.10	41578977	209593856.00
2014/11/11	5.08	5.25	4.85	5.01	65249544	332001568.00
2014/11/12	4.99	5.14	4.94	5.09	41339293	209813968.00
2014/11/13	5.12	5.20	4.94	5.10	38596626	195848192.00
2014/11/14	5.10	5.16	5.02	5.13	34553668	175888320.00
2014/11/17	5.18	5.19	5.01	5.05	24602141	125041120.00
2014/11/18	5.02	5.04	4.89	4.93	21780702	107592720.00
2014/11/19	4.92	4.96	4.90	4.94	10810198	53238776.00
2014/11/20	4.94	4.98	4.93	4.93	12515449	61935080.00
2014/11/21	4.93	5.01	4.91	4.98	19373617	96164744.00
2014/11/24	5.02	5.14	4.96	5.05	51332354	259682096.00
2014/11/25	5.06	5.19	5.05	5.18	64608581	331262080.00
2014/11/26	5.18	5.19	5.07	5.15	49363514	252993168.00
2014/11/27	5.17	5.28	5.13	5.21	65605791	342147040.00
2014/11/28	5.20	5.21	5.06	5.16	56164223	287808352.00
2014/12/01	5.16	5.43	5.13	5.27	81519974	431452736.00
2014/12/02	5.25	5.39	5.22	5.32	53848456	285406528.00
2014/12/03	5.33	5.58	5.33	5.55	95518959	521396288.00
2014/12/04	5.57	5.98	5.57	5.84	142602893	829454336.00
2014/12/05	5.82	5.84	5.27	5.52	108048095	606507584.00
2014/12/08	5.45	5.86	5.37	5.73	81107164	456449056.00
2014/12/09	5.65	5.98	5.40	5.50	112196805	646410880.00
2014/12/10	5.49	5.63	5.35	5.62	54130776	298288288.00
2014/12/11	5.56	5.69	5.48	5.64	51944432	289706240.00
2014/12/12	5.65	5.79	5.62	5.67	57688743	328786112.00
2014/12/15	5.65	5.65	5.46	5.58	43316763	239754704.00
2014/12/16	5.56	5.79	5.53	5.76	73947238	419764192.00
2014/12/17	5.75	5.80	5.52	5.62	53390304	302386336.00
2014/12/18	5.61	5.73	5.57	5.59	41971258	237537312.00
2014/12/19	5.52	5.85	5.51	5.82	98937960	567672320.00
2014/12/22	5.85	6.40	5.85	6.17	140977155	863741952.00
2014/12/23	6.02	6.07	5.76	5.81	70361283	416676192.00
2014/12/24	5.81	6.10	5.65	5.76	47796862	278087456.00
2014/12/25	5.80	5.96	5.77	5.95	47118620	276696736.00
2014/12/26	5.98	6.15	5.92	6.10	70072305	424236704.00
2014/12/29	6.10	6.24	5.92	5.98	68636180	418545376.00
2014/12/30	6.00	6.13	5.80	5.94	61563052	366567136.00
2014/12/31	5.96	6.06	5.83	6.03	49500659	295098016.00
2015/01/05	6.03	6.63	6.00	6.63	129272218	831261824.00
2015/01/06	6.66	6.85	6.35	6.44	125726633	827604416.00
2015/01/07	6.33	6.53	6.28	6.50	57331146	368089120.00
2015/01/08	6.50	6.68	6.33	6.38	61799199	402061696.00
2015/01/09	6.30	6.49	6.24	6.26	51693038	327628064.00
2015/01/12	6.18	6.21	5.95	5.98	52737758	319411392.00
2015/01/13	5.97	6.04	5.91	5.95	25006505	149044080.00
2015/01/14	5.96	6.01	5.74	5.79	30123125	176664416.00
2015/01/15	5.82	5.98	5.68	5.97	43639949	253865984.00
2015/01/16	5.95	6.06	5.89	5.96	36711379	219463136.00
2015/01/19	5.65	5.78	5.36	5.36	54138894	299988064.00
2015/01/20	5.41	5.50	5.34	5.46	33905428	184006384.00
2015/01/21	5.46	5.68	5.42	5.65	39302865	218779104.00
2015/01/22	5.65	5.82	5.60	5.75	38622576	221567792.00
2015/01/23	5.75	5.92	5.70	5.75	32504058	188265376.00
2015/01/26	5.73	5.84	5.67	5.83	23532593	135862560.00
2015/01/27	5.84	5.93	5.68	5.80	31372446	181702080.00
2015/01/28	5.76	5.76	5.65	5.67	24708311	140848384.00
2015/01/29	5.62	5.74	5.59	5.67	22064386	125223872.00
2015/01/30	5.68	5.70	5.51	5.53	17297761	97153200.00
2015/02/02	5.49	5.52	5.38	5.40	16599607	90252352.00
2015/02/03	5.45	5.53	5.43	5.52	16210062	88814728.00
2015/02/04	5.57	5.69	5.52	5.55	26307235	147411296.00
2015/02/05	5.61	5.65	5.39	5.40	18973055	104887152.00
2015/02/06	5.40	5.47	5.18	5.26	19658509	104813792.00
2015/02/09	5.23	5.34	5.23	5.30	11445207	60532228.00
2015/02/10	5.29	5.37	5.27	5.36	10368320	55379736.00
2015/02/11	5.38	5.42	5.34	5.35	9025043	48470684.00
2015/02/12	5.36	5.42	5.28	5.37	13167003	70341320.00
2015/02/13	5.41	5.51	5.39	5.41	21618638	117674560.00
2015/02/16	5.42	5.48	5.42	5.46	12984024	70749264.00
2015/02/17	5.50	5.52	5.46	5.48	12898060	70745720.00
2015/02/25	5.49	5.49	5.40	5.44	15679178	85318616.00
2015/02/26	5.44	5.60	5.42	5.60	25993700	143588768.00
2015/02/27	5.56	5.62	5.55	5.57	20183903	112648688.00
2015/03/02	5.62	5.71	5.55	5.67	34210912	192874736.00
2015/03/03	5.62	5.67	5.56	5.59	25231700	141376128.00
2015/03/04	5.58	5.68	5.54	5.66	23886689	134513824.00
2015/03/05	5.66	5.66	5.50	5.53	22602105	125728704.00
2015/03/06	5.53	5.65	5.52	5.58	25368400	141814208.00
2015/03/09	5.54	5.67	5.48	5.64	28453600	158458080.00
2015/03/10	5.61	5.74	5.60	5.70	34105326	194152352.00
2015/03/11	5.69	5.73	5.61	5.66	20992748	119088848.00
2015/03/12	5.65	5.79	5.65	5.75	45662813	261385552.00
2015/03/13	5.74	6.05	5.73	5.87	97750822	575882944.00
2015/03/16	5.87	5.95	5.82	5.95	47368273	279502880.00
2015/03/17	5.95	6.04	5.90	5.99	48419233	289063808.00
2015/03/18	5.99	6.17	5.96	6.16	55016989	335918560.00
2015/03/19	6.18	6.26	6.06	6.11	80298540	494226144.00
2015/03/20	6.12	6.14	6.05	6.10	49315043	299978560.00
2015/03/23	6.13	6.22	6.12	6.22	65602571	405328288.00
2015/03/24	6.22	6.28	6.02	6.19	63532998	391951008.00
2015/03/25	6.18	6.23	6.05	6.08	45466772	278620384.00
2015/03/26	6.09	6.23	6.03	6.21	59411648	365545568.00
2015/03/27	6.21	6.33	6.19	6.22	57917372	362450656.00
2015/03/30	6.22	6.36	6.20	6.36	68453389	431287680.00
2015/03/31	6.36	6.48	6.20	6.23	72448428	458760736.00
2015/04/01	6.23	6.33	6.21	6.32	47477655	298232096.00
2015/04/02	6.33	6.44	6.30	6.42	66131222	421405856.00
2015/04/03	6.38	6.56	6.35	6.51	76196159	493295904.00
2015/04/07	6.56	6.76	6.51	6.73	83635391	556974080.00
2015/04/08	6.69	6.69	6.48	6.57	81357630	535760768.00
2015/04/09	6.54	6.70	6.28	6.67	103447340	671740160.00
2015/04/10	6.63	6.85	6.57	6.78	76711294	517161792.00
2015/04/13	6.74	6.89	6.74	6.86	70357577	480210272.00
2015/04/14	6.88	7.05	6.81	6.86	70862199	490256192.00
2015/04/15	6.81	6.87	6.54	6.65	66747340	447901792.00
2015/04/16	6.56	6.82	6.49	6.79	57930467	387001952.00
2015/04/17	6.83	7.20	6.80	6.93	156723116	1098424704.00
2015/04/20	6.84	7.18	6.74	6.82	127244194	886987392.00
2015/04/21	6.75	7.09	6.72	7.05	84421807	584582592.00
2015/04/22	7.10	7.39	7.03	7.26	110215531	795645504.00
2015/04/23	7.28	7.76	7.19	7.54	134591537	1000982464.00
2015/04/24	7.38	7.78	7.34	7.48	103298649	780537024.00
2015/04/27	7.52	7.84	7.50	7.82	109344598	844151104.00
2015/04/28	7.84	8.18	7.41	7.49	134945098	1050679040.00
2015/04/29	7.51	7.81	7.33	7.74	76188895	579455424.00
2015/04/30	7.77	7.80	7.48	7.49	66297185	503732352.00
2015/05/04	7.48	7.59	7.37	7.53	49949402	373581440.00
2015/05/05	7.50	7.65	7.03	7.10	66895535	488889024.00
2015/05/06	7.14	7.18	6.67	6.76	63126418	439316576.00
2015/05/07	6.64	6.75	6.39	6.46	49299482	324246176.00
2015/05/08	6.52	6.65	6.40	6.64	45306493	297163744.00
2015/05/11	6.71	6.85	6.63	6.83	49211226	331882976.00
2015/05/12	6.83	6.87	6.73	6.82	50563635	343836288.00
2015/05/13	6.79	6.89	6.70	6.81	59391733	402513632.00
2015/05/14	6.78	6.82	6.68	6.80	48162167	325532256.00
2015/05/15	6.79	6.79	6.55	6.60	42797396	284909920.00
2015/05/18	6.51	6.67	6.46	6.61	36838874	242307280.00
2015/05/19	6.62	6.85	6.60	6.82	51341289	347154112.00
2015/05/20	6.82	6.92	6.76	6.79	62042636	425230016.00
2015/05/21	6.77	6.94	6.73	6.92	54465509	371373856.00
2015/05/22	6.98	7.20	6.93	7.19	80005127	564540672.00
2015/05/25	7.19	7.50	7.14	7.47	86823185	636968896.00
2015/05/26	7.57	7.73	7.37	7.67	105493355	792892288.00
2015/05/27	7.63	8.05	7.51	7.91	112636265	876025664.00
2015/05/28	7.80	8.10	7.16	7.20	135311405	1048655424.00
2015/05/29	7.20	7.80	6.84	7.39	84455436	613896000.00
2015/06/01	7.40	8.13	7.36	8.13	150357098	1186870272.00
2015/06/02	8.23	8.41	7.91	8.14	187498452	1532079232.00
2015/06/03	8.15	8.25	7.83	8.00	120576093	970440320.00
2015/06/04	8.00	8.64	7.62	8.58	166906086	1361836416.00
2015/06/05	8.60	9.02	8.41	8.70	187895524	1636436352.00
2015/06/08	8.65	8.96	8.55	8.88	142088804	1245894528.00
2015/06/09	8.87	9.40	8.60	9.06	147276955	1328175360.00
2015/06/10	8.80	9.14	8.69	8.85	96872730	863035264.00
2015/06/11	8.77	8.85	8.60	8.77	80738971	703278464.00
2015/06/12	8.76	9.06	8.73	8.94	91591263	816331776.00
2015/06/15	8.92	9.20	8.81	8.95	98254131	883631168.00
2015/06/16	8.87	9.05	8.50	8.61	96960981	854955072.00
2015/06/17	8.54	8.85	8.23	8.80	76754354	655386432.00
2015/06/18	8.72	8.90	8.51	8.53	70446360	617660608.00
:
