2004/04/20	2.88	2.98	2.85	2.98	46995100	677228544.00
2004/04/21	2.96	2.98	2.92	2.96	10758800	158831520.00
2004/04/22	2.95	2.96	2.88	2.89	8790600	125456056.00
2004/04/23	2.89	2.92	2.85	2.90	4445100	62311596.00
2004/04/26	2.92	2.94	2.87	2.91	3375100	48020636.00
2004/04/27	2.90	2.90	2.84	2.85	4689500	64032112.00
2004/04/28	2.90	2.94	2.88	2.88	7181200	102383776.00
2004/04/29	2.89	2.89	2.82	2.83	4602500	62953460.00
2004/04/30	2.83	2.92	2.83	2.88	5015900	69790336.00
2004/05/10	2.89	2.91	2.86	2.86	3130700	43637248.00
2004/05/11	2.86	2.92	2.86	2.91	4685000	66079032.00
2004/05/12	2.91	2.95	2.90	2.94	5731500	82490808.00
2004/05/13	2.93	2.98	2.92	2.95	6543800	95851680.00
2004/05/14	2.95	2.95	2.91	2.92	3993300	57359568.00
2004/05/17	2.91	2.94	2.91	2.93	3374400	48731256.00
2004/05/18	2.93	2.97	2.92	2.93	4169200	60602616.00
2004/05/19	2.93	2.94	2.87	2.88	4744500	67374768.00
2004/05/20	2.88	2.89	2.85	2.87	2763300	37949300.00
2004/05/21	2.86	2.88	2.85	2.87	1234200	16974142.00
2004/05/24	2.87	2.88	2.85	2.85	1652500	22582892.00
2004/05/25	2.85	2.87	2.82	2.84	1211200	16385389.00
2004/05/26	2.84	2.87	2.84	2.86	702400	9565469.00
2004/05/27	2.87	2.92	2.85	2.91	2939900	41307812.00
2004/05/28	2.90	2.91	2.88	2.88	1598100	22575916.00
2004/05/31	2.88	2.91	2.88	2.91	2099100	29711200.00
2004/06/01	2.91	3.02	2.91	3.00	9855200	147131360.00
2004/06/02	3.00	3.03	2.97	3.00	9242200	140636816.00
2004/06/03	3.00	3.01	2.96	2.97	4585700	68897384.00
2004/06/04	2.97	2.97	2.93	2.95	2658700	39121920.00
2004/06/07	2.94	2.97	2.94	2.96	1679300	24693088.00
2004/06/08	2.96	2.96	2.89	2.91	2382800	34176648.00
2004/06/09	2.89	2.92	2.86	2.87	2118100	29606516.00
2004/06/10	2.86	2.88	2.82	2.83	3385900	45585896.00
2004/06/11	2.84	2.90	2.84	2.86	1851200	25494172.00
2004/06/14	2.85	2.88	2.83	2.85	1189500	16042667.00
2004/06/15	2.85	2.87	2.83	2.87	2077100	28363308.00
2004/06/16	2.86	2.88	2.86	2.86	982500	13538057.00
2004/06/17	2.86	2.88	2.84	2.84	1321100	17925888.00
2004/06/18	2.84	2.86	2.75	2.76	5016800	64710456.00
2004/06/21	2.75	2.81	2.71	2.81	3621900	45315248.00
2004/06/22	2.82	2.83	2.80	2.82	4431500	58330432.00
2004/06/23	2.82	2.82	2.75	2.80	2050800	26224048.00
2004/06/24	2.78	2.80	2.76	2.76	1410300	17960704.00
2004/06/25	2.75	2.77	2.71	2.71	2159400	26393896.00
2004/06/28	2.70	2.70	2.65	2.66	2333200	27080868.00
2004/06/29	2.65	2.69	2.64	2.68	1142100	13176494.00
2004/06/30	2.68	2.69	2.66	2.68	1255300	14686871.00
2004/07/01	2.67	2.73	2.67	2.72	2464500	29522456.00
2004/07/02	2.71	2.73	2.71	2.72	1418200	17117808.00
2004/07/05	2.71	2.72	2.69	2.72	502700	5991498.00
2004/07/06	2.72	2.74	2.71	2.73	1002100	12260638.00
2004/07/07	2.72	2.72	2.70	2.72	751900	9008454.00
2004/07/08	2.72	2.74	2.71	2.73	542432	6602954.00
2004/07/09	2.73	2.73	2.70	2.70	454400	5505825.00
2004/07/12	2.70	2.70	2.68	2.69	897418	10581372.00
2004/07/13	2.68	2.71	2.67	2.71	437429	5201169.00
2004/07/14	2.71	2.71	2.68	2.71	578120	6838568.00
2004/07/15	2.71	2.73	2.70	2.72	830086	10053242.00
2004/07/16	2.73	2.77	2.73	2.76	1931677	24314680.00
2004/07/19	2.76	2.77	2.75	2.77	847665	10693449.00
2004/07/20	2.77	2.78	2.75	2.75	1394474	17498444.00
2004/07/21	2.75	2.76	2.74	2.74	761542	9452683.00
2004/07/22	2.74	2.75	2.70	2.70	1375231	16714791.00
2004/07/23	2.70	2.71	2.69	2.71	925907	11041794.00
2004/07/26	2.71	2.71	2.69	2.71	704812	8383889.00
2004/07/27	2.71	2.71	2.69	2.70	407940	4837518.00
2004/07/28	2.71	2.71	2.68	2.69	350031	4140478.00
2004/07/29	2.69	2.73	2.69	2.72	457353	5486122.00
2004/07/30	2.73	2.73	2.72	2.72	1072182	13073771.00
2004/08/02	2.72	2.72	2.70	2.71	266148	3197500.00
2004/08/03	2.71	2.73	2.71	2.72	370321	4479317.00
2004/08/04	2.72	2.76	2.72	2.74	712748	8826858.00
2004/08/05	2.74	2.74	2.73	2.74	866095	10628894.00
2004/08/06	2.73	2.75	2.73	2.73	466752	5714260.00
2004/08/09	2.73	2.73	2.71	2.73	256490	3112725.00
2004/08/10	2.73	2.75	2.73	2.74	212314	2616738.00
2004/08/11	2.74	2.74	2.72	2.73	1090232	13299622.00
2004/08/12	2.72	2.73	2.71	2.73	839227	10173875.00
2004/08/13	2.73	2.73	2.72	2.72	252200	3062493.00
2004/08/16	2.72	2.72	2.63	2.63	1389309	15667358.00
2004/08/17	2.63	2.64	2.59	2.60	1288159	14034187.00
2004/08/18	2.60	2.60	2.55	2.58	1255553	13118609.00
2004/08/19	2.58	2.58	2.56	2.58	622325	6487814.00
2004/08/20	2.56	2.59	2.56	2.59	624182	6659027.00
2004/08/23	2.59	2.59	2.50	2.55	983912	10134681.00
2004/08/24	2.54	2.56	2.54	2.55	860995	8823373.00
2004/08/25	2.57	2.57	2.55	2.56	202360	2079253.00
2004/08/26	2.56	2.56	2.55	2.56	215950	2223132.00
2004/08/27	2.55	2.56	2.54	2.55	275743	2819819.00
2004/08/30	2.55	2.57	2.53	2.57	271740	2808381.00
2004/08/31	2.59	2.62	2.58	2.58	819700	8751780.00
2004/09/01	2.58	2.58	2.56	2.56	697128	7228194.00
2004/09/02	2.56	2.56	2.53	2.54	538433	5478036.00
2004/09/03	2.54	2.55	2.53	2.53	444053	4476672.00
2004/09/06	2.52	2.54	2.51	2.53	201073	2009795.00
2004/09/07	2.54	2.55	2.53	2.55	306322	3097958.00
2004/09/08	2.55	2.55	2.54	2.54	116200	1179263.00
2004/09/09	2.54	2.54	2.51	2.52	347650	3463624.00
2004/09/10	2.50	2.53	2.50	2.53	149882	1485050.00
2004/09/13	2.52	2.53	2.50	2.50	453700	4412391.00
2004/09/14	2.50	2.54	2.50	2.53	687483	6852414.00
2004/09/15	2.53	2.61	2.52	2.58	954415	10142375.00
2004/09/16	2.58	2.64	2.57	2.63	1177154	12747735.00
2004/09/17	2.62	2.68	2.60	2.68	1594643	18108442.00
2004/09/20	2.68	2.73	2.66	2.73	2038254	24128800.00
2004/09/21	2.73	2.75	2.68	2.71	1239359	15058993.00
2004/09/22	2.70	2.72	2.69	2.71	1263898	15066224.00
2004/09/23	2.70	2.80	2.70	2.77	1134391	13879492.00
2004/09/27	2.75	2.77	2.72	2.76	1340466	16584823.00
2004/09/28	2.75	2.76	2.71	2.74	623759	7665826.00
2004/09/29	2.74	2.77	2.72	2.75	657131	8172098.00
2004/09/30	2.74	2.75	2.70	2.72	639100	7773370.00
2004/10/08	2.71	2.75	2.68	2.75	644351	7802488.00
2004/10/11	2.75	2.80	2.73	2.76	1227253	15594125.00
2004/10/12	2.75	2.79	2.74	2.77	1756670	22211488.00
2004/10/13	2.77	2.78	2.73	2.77	967970	12086569.00
2004/10/14	2.75	2.75	2.66	2.70	1423835	16841380.00
2004/10/15	2.66	2.71	2.64	2.68	1087022	12623127.00
2004/10/18	2.69	2.69	2.66	2.67	266700	3088388.00
2004/10/19	2.69	2.69	2.67	2.67	939513	10992220.00
2004/10/20	2.67	2.67	2.62	2.66	365421	4132160.00
2004/10/21	2.66	2.67	2.62	2.64	500000	5644865.00
2004/10/22	2.64	2.64	2.61	2.63	583813	6460173.00
2004/10/25	2.64	2.67	2.64	2.67	770841	8822644.00
2004/10/26	2.67	2.73	2.66	2.73	1758625	20815732.00
2004/10/27	2.73	2.76	2.72	2.75	1552359	19111556.00
2004/10/28	2.74	2.75	2.72	2.72	973586	11929757.00
2004/10/29	2.70	2.72	2.66	2.71	1445835	17116332.00
2004/11/01	2.70	2.70	2.67	2.67	578990	6819779.00
2004/11/02	2.66	2.67	2.64	2.65	729541	8302736.00
2004/11/03	2.64	2.68	2.64	2.67	766470	8830175.00
2004/11/04	2.68	2.70	2.65	2.66	795574	9301036.00
2004/11/05	2.67	2.70	2.64	2.66	1272198	14506635.00
2004/11/08	2.66	2.66	2.64	2.64	843739	9529038.00
2004/11/09	2.65	2.67	2.63	2.66	874539	9943934.00
2004/11/10	2.64	2.72	2.64	2.71	1856481	21957770.00
2004/11/11	2.71	2.71	2.68	2.68	3037162	36231996.00
2004/11/12	2.68	2.70	2.67	2.68	884600	10349968.00
2004/11/15	2.69	2.73	2.69	2.73	1487618	17845498.00
2004/11/16	2.73	2.75	2.73	2.73	2808119	34553380.00
2004/11/17	2.73	2.75	2.71	2.72	1737131	21284596.00
2004/11/18	2.71	2.74	2.71	2.74	1427525	17383760.00
2004/11/19	2.74	2.75	2.73	2.75	1354391	16768827.00
2004/11/22	2.75	2.75	2.74	2.74	988584	12225533.00
2004/11/23	2.74	2.74	2.71	2.71	1070269	12989135.00
2004/11/24	2.70	2.73	2.70	2.71	770333	9295217.00
2004/11/25	2.70	2.71	2.69	2.70	522931	6222399.00
2004/11/26	2.70	2.71	2.69	2.70	304500	3634549.00
2004/11/29	2.70	2.70	2.67	2.67	579498	6756988.00
2004/11/30	2.68	2.69	2.67	2.69	324161	3799683.00
2004/12/01	2.69	2.70	2.68	2.70	329883	3898840.00
2004/12/02	2.69	2.70	2.67	2.69	294511	3458469.00
2004/12/03	2.70	2.70	2.68	2.69	781230	9204051.00
2004/12/06	2.69	2.69	2.66	2.67	569970	6580040.00
2004/12/07	2.67	2.67	2.64	2.64	584232	6628882.00
2004/12/08	2.66	2.66	2.64	2.65	282641	3194857.00
2004/12/09	2.65	2.68	2.64	2.67	585750	6753583.00
2004/12/10	2.67	2.67	2.64	2.64	355426	4024311.00
2004/12/13	2.63	2.65	2.62	2.64	243900	2710820.00
2004/12/15	2.64	2.65	2.64	2.65	313782	3547750.00
2004/12/16	2.64	2.65	2.59	2.63	224663	2503046.00
2004/12/17	2.63	2.63	2.61	2.61	300088	3275424.00
2004/12/20	2.60	2.61	2.59	2.59	252381	2703787.00
2004/12/21	2.59	2.62	2.59	2.59	175898	1891672.00
2004/12/22	2.60	2.63	2.59	2.62	755651	8221328.00
2004/12/23	2.62	2.62	2.59	2.59	284099	3066891.00
2004/12/24	2.59	2.60	2.58	2.59	233822	2500796.00
2004/12/27	2.57	2.58	2.56	2.58	285818	2997824.00
2004/12/28	2.57	2.59	2.57	2.59	215231	2271559.00
2004/12/29	2.58	2.59	2.58	2.59	186658	1983585.00
2004/12/30	2.59	2.62	2.58	2.61	505343	5448565.00
2004/12/31	2.61	2.62	2.60	2.60	159600	1733644.00
2005/01/04	2.59	2.59	2.56	2.56	274602	2880020.00
2005/01/05	2.57	2.58	2.55	2.57	209251	2181504.00
2005/01/06	2.56	2.57	2.55	2.56	252100	2608448.00
2005/01/07	2.56	2.57	2.55	2.55	295760	3043320.00
2005/01/10	2.55	2.55	2.53	2.55	318161	3220026.00
2005/01/11	2.55	2.56	2.55	2.55	320360	3289523.00
2005/01/12	2.55	2.55	2.54	2.54	252690	2558972.00
2005/01/13	2.54	2.56	2.53	2.55	197704	2013118.00
2005/01/14	2.54	2.56	2.54	2.54	218800	2221008.00
2005/01/17	2.53	2.53	2.50	2.50	413600	4041997.00
2005/01/18	2.51	2.54	2.50	2.53	321531	3163938.00
2005/01/19	2.53	2.53	2.52	2.53	288999	2875345.00
2005/01/20	2.50	2.53	2.50	2.53	263906	2598276.00
2005/01/21	2.53	2.56	2.51	2.55	613543	6182673.00
2005/01/24	2.57	2.58	2.55	2.55	787019	8089721.00
2005/01/25	2.55	2.55	2.53	2.55	313180	3160888.00
2005/01/26	2.54	2.55	2.52	2.52	242700	2433683.00
2005/01/27	2.52	2.53	2.51	2.51	299440	2966345.00
2005/01/28	2.51	2.53	2.51	2.52	215676	2123547.00
2005/01/31	2.51	2.52	2.50	2.51	263986	2575816.00
2005/02/01	2.51	2.52	2.50	2.51	411140	4022010.00
2005/02/02	2.51	2.54	2.44	2.53	3250189	31069006.00
2005/02/03	2.53	2.53	2.47	2.48	1754993	16846300.00
2005/02/04	2.47	2.49	2.46	2.48	696335	6588833.00
2005/02/16	2.49	2.51	2.49	2.50	796726	7708304.00
2005/02/17	2.50	2.51	2.49	2.51	1036747	10074337.00
2005/02/18	2.51	2.52	2.50	2.50	1656706	16180621.00
2005/02/21	2.50	2.52	2.49	2.52	2053949	19935436.00
2005/02/22	2.52	2.60	2.52	2.58	4516728	46863604.00
2005/02/23	2.58	2.61	2.58	2.59	3173431	33946116.00
2005/02/24	2.59	2.60	2.57	2.60	1901504	20244872.00
2005/02/25	2.59	2.62	2.58	2.62	3700087	40120520.00
2005/02/28	2.62	2.66	2.61	2.62	3888177	43587944.00
2005/03/01	2.62	2.65	2.60	2.62	2927833	32243584.00
2005/03/02	2.62	2.63	2.58	2.58	2278829	24495672.00
2005/03/03	2.58	2.61	2.58	2.61	1431444	15394100.00
2005/03/04	2.62	2.62	2.60	2.60	733118	7947611.00
2005/03/07	2.61	2.65	2.60	2.65	3719314	41449160.00
2005/03/08	2.65	2.69	2.64	2.67	3489915	40186172.00
2005/03/09	2.67	2.70	2.66	2.67	3458886	40333144.00
2005/03/10	2.67	2.69	2.64	2.65	2594948	30005802.00
2005/03/11	2.65	2.71	2.64	2.70	4659411	54850856.00
2005/03/14	2.71	2.75	2.69	2.72	5488697	66417268.00
2005/03/15	2.72	2.72	2.66	2.68	3233327	38067576.00
2005/03/16	2.67	2.69	2.63	2.65	2985887	34164928.00
2005/03/17	2.65	2.66	2.60	2.61	2801854	30899840.00
2005/03/18	2.58	2.60	2.56	2.56	2012573	21235990.00
2005/03/21	2.56	2.59	2.56	2.58	1197413	12572069.00
2005/03/22	2.58	2.58	2.53	2.55	1481092	15120880.00
2005/03/23	2.55	2.58	2.53	2.56	1672841	17273276.00
2005/03/24	2.55	2.56	2.53	2.56	1296431	13177793.00
2005/03/25	2.56	2.58	2.54	2.57	1328391	13777457.00
2005/03/28	2.57	2.57	2.54	2.56	715670	7347788.00
2005/03/29	2.56	2.57	2.53	2.53	861798	8812714.00
2005/03/30	2.53	2.53	2.48	2.48	1450220	14065813.00
2005/03/31	2.48	2.50	2.48	2.49	562849	5395141.00
2005/04/01	2.49	2.57	2.49	2.56	1463532	14653096.00
2005/04/04	2.55	2.55	2.52	2.52	2270901	22736100.00
2005/04/05	2.52	2.54	2.52	2.53	759263	7603775.00
2005/04/06	2.53	2.59	2.53	2.58	2425873	25134364.00
2005/04/07	2.57	2.62	2.57	2.57	2077354	22271598.00
2005/04/08	2.57	2.60	2.57	2.60	1975174	21126998.00
2005/04/11	2.60	2.61	2.58	2.58	1218726	13034251.00
2005/04/12	2.58	2.59	2.55	2.55	1129612	11753707.00
2005/04/13	2.57	2.60	2.56	2.60	2665932	28220564.00
2005/04/14	2.59	2.60	2.57	2.57	2073661	21956772.00
2005/04/15	2.56	2.58	2.56	2.57	1139019	11875031.00
2005/04/18	2.56	2.56	2.53	2.54	1033580	10520820.00
2005/04/19	2.54	2.55	2.54	2.55	719950	7312821.00
2005/04/20	2.55	2.55	2.50	2.52	1617390	15947026.00
2005/04/21	2.52	2.53	2.50	2.52	824410	8115949.00
2005/04/22	2.52	2.55	2.51	2.53	964307	9617714.00
2005/04/25	2.54	2.55	2.53	2.55	2039598	20777488.00
2005/04/26	2.55	2.58	2.55	2.56	1346594	14032873.00
2005/04/27	2.57	2.58	2.54	2.55	1331970	13648687.00
2005/04/28	2.55	2.58	2.53	2.58	2275489	23511588.00
2005/05/09	2.59	2.61	2.56	2.57	2450785	25943962.00
2005/05/10	2.58	2.59	2.55	2.59	1907739	19906050.00
2005/05/11	2.59	2.59	2.56	2.56	1287710	13485723.00
2005/05/12	2.56	2.56	2.53	2.54	1408006	14309466.00
2005/05/13	2.53	2.55	2.52	2.54	736289	7417366.00
2005/05/16	2.54	2.54	2.48	2.48	2389984	23047828.00
2005/05/17	2.47	2.50	2.47	2.50	1268794	12146645.00
2005/05/18	2.50	2.51	2.48	2.49	953736	9129627.00
2005/05/19	2.49	2.50	2.47	2.49	907324	8603054.00
2005/05/20	2.49	2.50	2.48	2.49	612061	5872296.00
2005/05/23	2.49	2.49	2.46	2.46	856512	8020248.00
2005/05/24	2.46	2.49	2.46	2.48	729541	6836797.00
2005/05/25	2.47	2.50	2.47	2.48	457000	4341087.00
2005/05/26	2.47	2.49	2.46	2.47	402273	3755824.00
2005/05/27	2.46	2.48	2.45	2.45	737419	6803123.00
2005/05/30	2.45	2.47	2.45	2.47	353461	3247888.00
2005/05/31	2.47	2.48	2.46	2.47	445468	4165421.00
2005/06/01	2.47	2.47	2.45	2.45	550590	5030002.00
2005/06/02	2.45	2.45	2.39	2.40	1491208	12816433.00
2005/06/03	2.40	2.40	2.38	2.39	533494	4518118.00
2005/06/06	2.39	2.42	2.38	2.42	845714	7279701.00
2005/06/07	2.42	2.45	2.42	2.42	1368895	12201331.00
2005/06/08	2.42	2.49	2.42	2.49	3317797	30930678.00
2005/06/09	2.49	2.51	2.48	2.49	3775834	36066856.00
2005/06/10	2.49	2.49	2.47	2.47	1584279	14896148.00
2005/06/13	2.47	2.48	2.46	2.47	1150810	10688640.00
2005/06/14	2.48	2.48	2.45	2.45	872639	8092793.00
2005/06/15	2.45	2.45	2.43	2.43	966387	8755156.00
2005/06/16	2.43	2.44	2.42	2.44	780194	6951799.00
2005/06/17	2.45	2.46	2.44	2.44	545400	4927350.00
2005/06/20	2.44	2.48	2.43	2.48	1527316	14243818.00
2005/06/21	2.48	2.49	2.47	2.48	1378427	13064403.00
2005/06/22	2.48	2.48	2.47	2.48	932947	8756373.00
2005/06/23	2.48	2.48	2.46	2.46	639329	5789905.00
2005/06/24	2.47	2.47	2.46	2.47	373749	3351233.00
2005/06/27	2.48	2.52	2.48	2.51	2086684	19654542.00
2005/06/28	2.50	2.50	2.49	2.49	1098099	10187331.00
2005/06/29	2.49	2.54	2.49	2.51	4179121	40174836.00
2005/06/30	2.51	2.54	2.51	2.51	3233418	31156376.00
2005/07/01	2.52	2.52	2.49	2.52	2353631	22349316.00
2005/07/04	2.51	2.52	2.49	2.51	1620778	15244431.00
2005/07/05	2.51	2.54	2.51	2.54	3493019	34031932.00
2005/07/06	2.54	2.55	2.53	2.54	3225698	31811534.00
2005/07/07	2.54	2.55	2.53	2.54	1386258	13550721.00
2005/07/08	2.53	2.54	2.49	2.50	2078142	19644820.00
2005/07/11	2.51	2.55	2.51	2.52	2611143	25215160.00
2005/07/12	2.51	2.57	2.51	2.57	3560077	35292664.00
2005/07/13	2.56	2.57	2.55	2.55	2007361	20042912.00
2005/07/14	2.55	2.57	2.54	2.55	1531518	15324756.00
2005/07/15	2.55	2.57	2.54	2.55	1339404	13332655.00
2005/07/18	2.55	2.57	2.54	2.57	1586379	15928271.00
2005/07/19	2.57	2.57	2.54	2.55	1800617	17869406.00
2005/07/20	2.55	2.55	2.53	2.55	1346943	13250566.00
2005/07/21	2.55	2.55	2.52	2.53	1390502	13537015.00
2005/07/22	2.53	2.55	2.52	2.54	2837118	27759220.00
2005/07/25	2.54	2.54	2.45	2.45	4972527	45484284.00
2005/07/26	2.43	2.48	2.39	2.45	8950152	76811976.00
2005/07/27	2.46	2.48	2.39	2.47	5817436	52202380.00
2005/07/28	2.47	2.47	2.45	2.45	3834847	34149468.00
2005/07/29	2.45	2.45	2.43	2.44	3001769	26045410.00
2005/08/01	2.44	2.47	2.43	2.47	2802136	24913808.00
2005/08/02	2.46	2.48	2.46	2.48	3309345	29827212.00
2005/08/03	2.48	2.49	2.47	2.47	3598425	32833536.00
2005/08/04	2.47	2.47	2.45	2.45	2060555	18383244.00
2005/08/05	2.45	2.48	2.45	2.48	2468626	22302160.00
2005/08/08	2.48	2.50	2.48	2.49	3529072	32612768.00
2005/08/09	2.49	2.50	2.48	2.49	2097473	19442030.00
2005/08/10	2.49	2.52	2.49	2.52	3556940	33602916.00
2005/08/11	2.52	2.52	2.51	2.52	3195652	30440296.00
2005/08/12	2.52	2.54	2.49	2.50	3648012	34649896.00
2005/08/15	2.49	2.52	2.49	2.52	2139042	20239528.00
2005/08/16	2.52	2.53	2.51	2.51	2305843	22014456.00
2005/08/17	2.51	2.51	2.48	2.51	2300665	21427112.00
2005/08/18	2.51	2.52	2.47	2.47	2525182	23539436.00
2005/08/19	2.47	2.48	2.45	2.46	2012195	17950304.00
2005/08/22	2.45	2.48	2.45	2.47	1024425	9260808.00
2005/08/23	2.47	2.47	2.45	2.46	728925	6518857.00
2005/08/24	2.46	2.47	2.46	2.47	772005	6948465.00
2005/08/25	2.47	2.47	2.45	2.46	725807	6511865.00
2005/08/26	2.46	2.46	2.44	2.45	1592230	14048982.00
2005/08/29	2.45	2.46	2.45	2.46	1095114	9722048.00
2005/08/30	2.46	2.48	2.46	2.48	1929624	17471556.00
2005/08/31	2.48	2.49	2.47	2.49	1453732	13299571.00
2005/09/01	2.48	2.50	2.48	2.49	1750518	16157433.00
2005/09/02	2.49	2.49	2.48	2.49	1395628	12836416.00
2005/09/05	2.49	2.50	2.48	2.50	1945341	18110784.00
2005/09/06	2.50	2.52	2.48	2.48	2433546	22892808.00
2005/09/07	2.48	2.52	2.48	2.51	2360957	22122476.00
2005/09/08	2.52	2.54	2.51	2.52	4794088	46359228.00
2005/09/09	2.52	2.55	2.52	2.53	3440489	33570024.00
2005/09/12	2.53	2.55	2.53	2.54	2406564	23748908.00
2005/09/13	2.54	2.56	2.53	2.56	3271095	32451196.00
2005/09/14	2.56	2.56	2.54	2.56	2729279	27187358.00
2005/09/15	2.56	2.59	2.55	2.58	3323771	33921920.00
2005/09/16	2.58	2.60	2.57	2.57	2641449	27173578.00
2005/09/19	2.57	2.62	2.57	2.61	3364917	35271872.00
2005/09/20	2.61	2.62	2.59	2.60	2912665	30649862.00
2005/09/21	2.60	2.60	2.57	2.57	3197157	32722004.00
2005/09/22	2.57	2.58	2.54	2.55	2928689	29428944.00
2005/09/23	2.55	2.56	2.54	2.54	1603650	15879521.00
2005/09/26	2.54	2.58	2.54	2.58	2025198	20400636.00
2005/09/27	2.58	2.59	2.57	2.57	1425405	14556729.00
2005/09/28	2.57	2.58	2.57	2.57	883396	9024961.00
2005/09/29	2.58	2.60	2.57	2.60	2120240	21968018.00
2005/09/30	2.60	2.60	2.58	2.59	1365769	14228741.00
2005/10/10	2.59	2.60	2.58	2.59	762566	7852851.00
2005/10/11	2.59	2.63	2.59	2.63	2947874	31368634.00
2005/10/12	2.63	2.65	2.62	2.63	4029539	44238228.00
2005/10/13	2.63	2.63	2.62	2.63	1734142	18640604.00
2005/10/14	2.62	2.63	2.61	2.61	1242949	13309329.00
2005/10/17	2.61	2.67	2.61	2.65	2500174	27542632.00
2005/10/18	2.65	2.69	2.65	2.68	2777366	31467684.00
2005/10/19	2.68	2.68	2.65	2.66	2117323	23821604.00
2005/10/20	2.66	2.68	2.65	2.68	2286015	25767740.00
2005/10/21	2.68	2.69	2.66	2.68	1359691	15430382.00
2005/10/24	2.68	2.71	2.67	2.71	2918103	33772876.00
2005/10/25	2.72	2.72	2.69	2.69	1529628	17751722.00
2005/10/26	2.69	2.71	2.65	2.65	2571174	29016808.00
2005/10/27	2.65	2.65	2.63	2.64	1987041	21809264.00
2005/10/28	2.64	2.66	2.61	2.63	2450183	26460420.00
2005/10/31	2.63	2.64	2.61	2.62	1436671	15408899.00
2005/11/01	2.62	2.63	2.57	2.59	2511858	26253788.00
2005/11/02	2.59	2.66	2.59	2.65	3665586	40015416.00
2005/11/03	2.65	2.66	2.63	2.65	2189157	24142132.00
2005/11/04	2.65	2.65	2.63	2.64	1040285	11315538.00
2005/11/07	2.64	2.64	2.61	2.64	958514	10355345.00
2005/11/08	2.64	2.64	2.62	2.63	1508889	16289439.00
2005/11/09	2.63	2.64	2.62	2.62	1067051	11481838.00
2005/11/10	2.61	2.62	2.57	2.58	2259585	23361328.00
2005/11/11	2.57	2.60	2.57	2.57	1077595	11099587.00
2005/11/14	2.57	2.58	2.56	2.57	1025340	10376151.00
2005/11/15	2.57	2.58	2.56	2.56	852823	8616170.00
2005/11/16	2.56	2.59	2.55	2.59	961432	9752692.00
2005/11/17	2.59	2.59	2.57	2.58	781489	7998050.00
2005/11/18	2.58	2.62	2.57	2.60	1901228	19953408.00
2005/11/21	2.60	2.60	2.58	2.59	1385883	14367094.00
2005/11/22	2.58	2.60	2.56	2.56	1078440	11048027.00
2005/11/23	2.56	2.58	2.56	2.58	469121	4765136.00
2005/11/24	2.58	2.58	2.57	2.58	830526	8455643.00
2005/11/25	2.58	2.59	2.57	2.59	1538891	15874946.00
2005/11/28	2.59	2.60	2.57	2.57	992704	10235808.00
2005/11/29	2.57	2.57	2.57	2.57	617166	6266271.00
2005/11/30	2.57	2.57	2.56	2.57	804027	8124250.00
2005/12/01	2.57	2.58	2.56	2.57	471100	4776676.00
2005/12/02	2.56	2.60	2.56	2.57	1433426	14687081.00
2005/12/05	2.58	2.59	2.55	2.55	998200	10080618.00
2005/12/06	2.55	2.56	2.53	2.53	1609729	15921517.00
2005/12/07	2.53	2.54	2.52	2.53	1188851	11529704.00
2005/12/08	2.54	2.54	2.53	2.54	621684	6084352.00
2005/12/09	2.53	2.56	2.53	2.55	995298	9822667.00
2005/12/12	2.56	2.59	2.55	2.58	2273825	23249186.00
2005/12/13	2.58	2.61	2.58	2.59	2764390	28790760.00
2005/12/14	2.59	2.61	2.59	2.61	2048605	21565320.00
2005/12/15	2.61	2.61	2.59	2.59	1805480	18889596.00
2005/12/16	2.59	2.66	2.59	2.65	4227229	45871176.00
2005/12/19	2.64	2.65	2.64	2.64	1422300	15623172.00
2005/12/20	2.64	2.65	2.63	2.64	1281500	14041645.00
2005/12/21	2.64	2.67	2.64	2.67	2369433	26409994.00
2005/12/22	2.67	2.67	2.66	2.67	1795262	20126736.00
2005/12/23	2.67	2.67	2.66	2.67	1931118	21670842.00
2005/12/26	2.67	2.69	2.67	2.68	2133861	24261004.00
2005/12/27	2.68	2.71	2.68	2.69	3396215	39320876.00
2005/12/28	2.69	2.72	2.69	2.71	2667724	31203916.00
2005/12/29	2.71	2.73	2.70	2.73	3491822	41168312.00
2005/12/30	2.73	2.73	2.70	2.72	2730361	32191484.00
2006/01/04	2.72	2.80	2.72	2.78	7056514	86956312.00
2006/01/05	2.78	2.79	2.76	2.78	4565443	56994096.00
2006/01/06	2.79	2.84	2.77	2.83	4485356	57835240.00
2006/01/09	2.83	2.88	2.83	2.87	5282920	71009952.00
2006/01/10	2.86	2.88	2.84	2.87	3513244	46854332.00
2006/01/11	2.87	2.99	2.85	2.93	9915410	141645280.00
2006/01/12	2.92	2.98	2.91	2.98	5160376	74545312.00
2006/01/13	2.98	3.00	2.94	2.96	2709117	39665228.00
2006/01/16	2.96	3.05	2.96	3.01	5010480	76068624.00
2006/01/17	3.00	3.02	2.98	3.00	3020172	45067600.00
2006/01/18	3.00	3.05	2.98	3.01	3439222	52273544.00
2006/01/19	3.02	3.09	3.01	3.09	3442224	53684864.00
2006/01/20	3.09	3.23	3.09	3.23	5800934	98541320.00
2006/01/23	3.26	3.39	3.26	3.38	4588283	85603752.00
2006/01/24	3.39	3.45	3.27	3.32	6086839	114657888.00
2006/01/25	3.32	3.44	3.32	3.38	5975237	114331616.00
2006/02/06	3.55	3.56	3.47	3.56	3415069	70947880.00
2006/02/07	3.56	3.67	3.52	3.54	5593545	119281360.00
2006/02/08	3.47	3.51	3.38	3.45	7667826	153345408.00
2006/02/09	3.44	3.59	3.44	3.56	4590786	94844208.00
2006/02/10	3.57	3.63	3.44	3.49	5163248	106982024.00
2006/02/13	3.40	3.40	3.30	3.32	7668074	143113344.00
2006/02/14	3.29	3.38	3.27	3.35	4022075	75197848.00
2006/02/15	3.35	3.45	3.35	3.41	4908308	95925744.00
2006/02/16	3.35	3.44	3.28	3.40	3908078	74776520.00
2006/02/17	3.39	3.43	3.34	3.34	2612222	50061452.00
2006/02/20	3.34	3.40	3.33	3.34	2419684	45888668.00
2006/02/21	3.36	3.40	3.33	3.39	2915013	55408448.00
2006/02/22	3.41	3.43	3.36	3.39	2658471	51434824.00
2006/02/23	3.37	3.39	3.27	3.30	3635135	66949480.00
2006/02/24	3.28	3.39	3.28	3.35	3675549	68479672.00
2006/04/25	3.52	3.52	3.52	3.52	37787	784836.00
2006/04/26	3.71	3.71	3.71	3.71	16446	375791.00
2006/04/27	3.91	3.91	3.91	3.91	23912	601148.00
2006/04/28	4.14	4.14	4.14	4.14	84453	2335125.00
2006/05/08	4.39	4.39	4.39	4.39	181344	5516484.00
2006/06/12	5.30	5.98	5.09	5.39	18301359	628837120.00
2006/06/13	5.25	5.47	5.21	5.43	7295928	235250112.00
2006/06/14	5.06	5.06	5.06	5.06	1147000	34215008.00
2006/06/15	4.78	5.00	4.78	4.82	9048965	253595760.00
2006/06/16	5.02	5.02	4.82	4.88	5967034	169524704.00
2006/06/19	4.85	5.21	4.81	5.21	6486632	197152416.00
2006/06/20	5.20	5.56	5.13	5.48	8373122	271882080.00
2006/06/21	5.36	5.86	5.36	5.65	8406035	295793312.00
2006/06/22	5.65	5.78	5.58	5.70	5056113	179309328.00
2006/06/23	5.68	5.75	5.59	5.68	2962462	104342144.00
2006/06/26	5.64	5.70	5.38	5.42	4934374	168098704.00
2006/06/27	5.44	5.50	5.33	5.40	3992645	131912264.00
2006/06/28	5.39	5.42	5.35	5.38	2176591	71332080.00
2006/06/30	5.64	5.75	5.52	5.63	6519989	227851808.00
2006/07/03	5.68	5.78	5.56	5.75	4744795	167759584.00
2006/07/04	5.75	6.06	5.70	5.88	6966917	259979744.00
2006/07/05	5.88	6.04	5.76	5.96	3960552	148814576.00
2006/07/06	5.93	6.01	5.87	5.90	3367560	126137424.00
2006/07/07	6.06	6.06	5.91	5.93	3541342	134344576.00
2006/07/10	5.91	5.91	5.71	5.83	3199547	115606920.00
2006/07/11	5.80	6.01	5.73	5.99	2428906	89514296.00
2006/07/12	6.04	6.43	5.93	6.24	6323395	253894320.00
2006/07/13	6.19	6.26	5.84	5.85	6007318	229914688.00
2006/07/14	5.77	6.04	5.77	5.96	3338016	124690992.00
2006/07/17	5.96	6.02	5.83	5.94	2010406	75531856.00
2006/07/18	5.70	5.87	5.69	5.86	3143751	113453904.00
2006/07/19	5.79	5.81	5.51	5.51	3577984	124078432.00
2006/07/20	5.55	5.65	5.52	5.53	2528991	87062560.00
2006/07/21	5.41	5.52	5.36	5.47	2516688	83159920.00
2006/07/24	5.37	5.45	5.36	5.44	1804630	59418360.00
2006/07/25	5.47	5.62	5.47	5.58	1531425	52464404.00
2006/07/26	5.63	5.64	5.53	5.53	1497479	51718504.00
2006/07/27	5.53	5.58	5.42	5.47	1656351	55616940.00
2006/07/28	5.47	5.80	5.42	5.75	3076388	107109848.00
2006/07/31	5.77	5.95	5.70	5.77	3844419	140713536.00
2006/08/01	6.15	6.18	5.81	5.95	6594856	250075952.00
2006/08/02	5.96	5.98	5.73	5.73	3094500	113129192.00
2006/08/03	5.76	5.78	5.50	5.55	2848302	98611760.00
2006/08/04	5.53	5.57	5.42	5.46	2749926	92285344.00
2006/08/07	5.43	5.84	5.43	5.69	4268628	150048272.00
2006/08/08	5.71	5.78	5.66	5.75	1871800	67006968.00
2006/08/09	5.73	5.87	5.67	5.84	3292625	118087128.00
2006/08/10	5.90	5.94	5.85	5.90	3048783	113737664.00
2006/08/11	5.82	5.85	5.73	5.79	2091719	75851392.00
2006/08/14	5.69	5.76	5.56	5.56	2547669	89160880.00
2006/08/15	5.56	5.72	5.55	5.68	1564500	54870552.00
2006/08/16	5.68	5.80	5.64	5.75	2038812	73154072.00
2006/08/17	5.76	5.81	5.72	5.76	1613232	58094156.00
2006/08/18	5.64	5.70	5.59	5.64	2531248	88389880.00
2006/08/21	5.54	5.78	5.53	5.76	2002819	70914144.00
2006/08/22	5.80	5.96	5.77	5.90	3109924	115161304.00
2006/08/23	5.88	6.02	5.85	5.92	3606870	135480896.00
2006/08/24	5.93	6.03	5.84	6.03	3070305	114092200.00
2006/08/25	6.04	6.04	5.83	5.83	4555989	167696640.00
2006/08/28	5.85	5.91	5.72	5.88	3356133	121279856.00
2006/08/29	5.89	5.99	5.84	5.84	3651211	134467024.00
2006/08/30	5.81	5.83	5.76	5.82	2077457	74363792.00
2006/08/31	5.85	5.95	5.84	5.90	2582504	94666872.00
2006/09/01	5.93	6.01	5.87	5.89	3726009	138328704.00
2006/09/04	5.87	5.92	5.83	5.89	2001657	73185968.00
2006/09/05	5.89	5.92	5.82	5.83	1835551	66918632.00
2006/09/06	5.92	5.97	5.85	5.93	3967329	146423312.00
2006/09/07	6.00	6.17	5.94	6.02	7628545	291216160.00
2006/09/08	6.01	6.03	5.93	5.98	2406856	90064312.00
2006/09/11	5.87	5.90	5.65	5.68	7995484	282951296.00
2006/09/12	5.56	5.70	5.54	5.67	3371828	115875288.00
2006/09/13	5.64	5.72	5.59	5.60	2080744	71496208.00
2006/09/14	5.60	5.67	5.60	5.64	1366564	46916848.00
2006/09/15	5.62	5.63	5.55	5.61	3197428	108242472.00
2006/09/18	5.61	5.61	5.47	5.57	4403770	147249728.00
2006/09/19	5.63	5.63	5.55	5.57	2230288	75586752.00
2006/09/20	5.54	5.56	5.49	5.51	2533728	84610464.00
2006/09/21	5.54	5.64	5.51	5.60	3753265	127124904.00
2006/09/22	5.62	5.62	5.51	5.51	2023920	68186216.00
2006/09/25	5.50	5.51	5.29	5.31	4270260	137719120.00
2006/09/26	5.32	5.35	5.14	5.17	3775786	115375728.00
2006/09/27	5.17	5.27	5.12	5.24	3058994	93243032.00
2006/09/28	5.23	5.36	5.23	5.33	3191478	100787592.00
2006/09/29	5.32	5.32	5.24	5.29	2846260	88835840.00
2006/10/09	5.36	5.39	5.26	5.35	3248586	102868672.00
2006/10/10	5.38	5.46	5.31	5.45	2751641	89280928.00
2006/10/11	5.42	5.54	5.40	5.45	2520458	83393192.00
2006/10/13	5.51	5.60	5.46	5.50	2865152	96234032.00
2006/10/16	5.48	5.51	5.39	5.39	1625711	53282192.00
2006/10/17	5.51	5.61	5.51	5.58	4892105	165207744.00
2006/10/18	5.51	5.55	5.48	5.54	1763294	59017168.00
2006/10/19	5.55	5.55	5.47	5.49	1813173	60275628.00
2006/10/20	5.51	5.53	5.45	5.50	1925340	63865872.00
2006/10/23	5.52	5.61	5.47	5.51	2544571	85615416.00
2006/10/24	5.50	5.60	5.49	5.58	2163811	73344912.00
2006/10/25	5.58	5.93	5.58	5.86	7420274	261819024.00
2006/10/26	5.93	5.97	5.73	5.75	6654112	239849440.00
2006/10/27	5.71	5.77	5.53	5.58	3710814	127688336.00
2006/10/30	5.59	5.87	5.55	5.81	3926367	137580912.00
2006/10/31	5.84	6.13	5.81	5.98	8322282	312093440.00
2006/11/01	6.00	6.40	6.00	6.40	13874939	556213376.00
2006/11/02	6.42	6.84	6.41	6.73	10774666	463072000.00
2006/11/03	6.75	6.92	6.61	6.70	6779554	299731136.00
2006/11/06	6.63	7.20	6.63	7.20	7568998	355331712.00
2006/11/07	7.41	7.69	7.27	7.41	9799075	494306240.00
2006/11/08	7.41	7.63	7.36	7.39	5083919	256613696.00
2006/11/09	7.27	7.69	7.04	7.61	10588634	518917152.00
2006/11/10	7.81	7.91	7.58	7.65	8023843	424882848.00
2006/11/13	7.38	7.52	7.18	7.22	7841593	389318944.00
2006/11/14	7.12	7.41	7.05	7.40	6988267	336231712.00
2006/11/15	7.28	7.35	7.15	7.23	4700165	227919024.00
2006/11/16	7.30	7.40	7.12	7.23	5197520	252898496.00
2006/11/17	7.12	7.29	7.12	7.15	4535124	217879200.00
2006/11/20	7.00	7.04	6.84	6.93	6745110	310390272.00
2006/11/21	7.01	7.13	6.99	7.02	3715320	174198288.00
2006/11/22	7.17	7.21	7.03	7.06	4073861	193580992.00
2006/11/23	7.09	7.18	6.99	7.15	3254595	153364144.00
2006/11/24	7.21	7.69	7.19	7.69	9009823	463364608.00
2006/11/27	7.92	8.28	7.81	7.99	7305826	407209536.00
2006/11/28	7.92	8.11	7.79	7.98	4028466	220908928.00
2006/11/29	7.80	8.58	7.80	8.54	5312008	304200256.00
2006/11/30	8.60	8.86	8.48	8.55	5706362	348409888.00
2006/12/01	8.58	8.94	8.57	8.67	4415418	271732288.00
2006/12/04	8.88	9.05	8.64	8.80	4752927	296483392.00
2006/12/05	8.86	8.93	8.57	8.78	4598895	282350304.00
2006/12/06	8.77	8.77	8.20	8.40	7125251	422294336.00
2006/12/07	8.20	8.42	7.99	8.02	7754813	440025344.00
2006/12/08	7.79	8.51	7.76	8.16	6795795	384668608.00
2006/12/11	8.16	8.34	8.05	8.30	3477849	198360736.00
2006/12/12	8.30	8.37	8.15	8.29	2484674	143432448.00
2006/12/13	8.32	8.67	8.20	8.54	4251663	252459008.00
2006/12/14	8.52	8.52	8.30	8.37	3633456	212256464.00
2006/12/15	8.44	8.68	8.44	8.52	3131472	187799968.00
2006/12/18	8.59	8.72	8.48	8.57	3512826	212061104.00
2006/12/19	8.60	8.67	8.28	8.41	4921000	288667040.00
2006/12/20	8.36	8.52	8.27	8.34	2726614	158931184.00
2006/12/21	8.26	8.37	8.12	8.17	3780257	215663376.00
2006/12/22	8.08	8.25	8.01	8.22	2546981	144242368.00
2006/12/25	8.15	8.32	8.15	8.17	2478091	141342032.00
2006/12/26	8.19	8.24	7.89	7.91	3835088	211784688.00
2006/12/27	7.93	8.12	7.93	7.99	2468586	136593440.00
2006/12/28	8.04	8.14	7.89	7.96	2915980	161721168.00
2006/12/29	8.03	8.29	7.95	8.15	3787502	213374784.00
2007/01/04	8.01	8.09	7.84	7.88	5801418	316015488.00
2007/01/05	7.89	8.02	7.78	7.99	2865519	155290240.00
2007/01/08	7.80	8.03	7.79	7.98	4092982	222101168.00
2007/01/09	7.97	8.60	7.85	8.43	6677078	382878208.00
2007/01/10	8.27	8.64	8.20	8.53	5237706	311272224.00
2007/01/11	8.65	8.77	8.34	8.34	4473831	268893344.00
2007/01/12	8.32	8.48	8.01	8.02	4094419	232881280.00
2007/01/15	8.02	8.28	8.02	8.26	3265129	185083552.00
2007/01/16	8.33	8.91	8.33	8.87	7682357	470415040.00
2007/01/17	8.87	8.87	8.27	8.39	6763877	408057600.00
2007/01/18	8.36	8.74	8.35	8.66	4041723	242598592.00
2007/01/19	8.66	9.35	8.66	9.35	9432674	625589568.00
2007/01/22	9.58	9.86	9.46	9.65	6964191	485802720.00
2007/01/23	9.67	10.42	9.35	10.31	6493882	463041184.00
2007/01/24	10.31	10.78	10.14	10.31	5115775	389374240.00
2007/01/25	10.17	10.25	9.80	9.80	4568322	334349376.00
2007/01/26	10.22	10.61	10.02	10.61	11011052	852694592.00
2007/01/29	11.12	11.28	10.81	11.25	7663922	627610304.00
2007/01/30	10.99	11.39	10.89	11.12	4912140	403679168.00
2007/01/31	10.94	11.11	10.23	10.35	5888147	464648128.00
2007/02/01	10.24	10.77	10.23	10.60	4941383	383720800.00
2007/02/02	10.59	10.59	9.91	9.94	5200874	388694688.00
2007/02/05	9.68	9.85	9.20	9.45	5536874	380705472.00
2007/02/06	9.54	9.77	9.49	9.67	3086004	213881296.00
2007/02/07	9.89	10.23	9.80	9.90	3912549	283734848.00
2007/02/08	9.90	10.05	9.74	9.91	2285079	164034096.00
2007/02/09	9.91	9.97	9.80	9.90	1855691	133124080.00
2007/02/12	9.90	10.27	9.87	10.26	2717535	201614544.00
2007/02/13	10.38	10.65	10.31	10.51	2089752	161471184.00
2007/02/14	10.63	10.70	10.54	10.59	1913191	149417264.00
2007/02/15	10.80	11.04	10.71	11.00	2788017	224173536.00
2007/02/16	11.05	11.20	10.99	11.12	3110552	256715392.00
2007/02/26	11.39	11.75	11.16	11.75	3318925	286644320.00
2007/02/27	11.56	12.02	10.74	10.74	5366921	449633568.00
2007/02/28	10.50	11.52	10.46	11.40	4764422	387555616.00
2007/03/01	11.30	11.34	10.79	10.90	4149762	338578112.00
2007/03/02	10.90	11.79	10.82	11.58	4958506	425304864.00
2007/03/05	11.48	12.07	11.38	11.97	5313363	471190624.00
2007/03/06	11.95	12.17	11.67	11.95	2971448	266722640.00
2007/03/07	12.01	12.22	11.96	12.14	2532178	231063536.00
2007/03/08	12.30	13.09	12.24	13.00	5018785	488183584.00
2007/03/09	14.01	14.13	13.04	13.14	11508989	1182805760.00
2007/03/12	13.15	13.15	12.66	12.83	5035592	493246816.00
2007/03/13	12.81	12.81	12.53	12.59	4026309	385719392.00
2007/03/14	12.41	12.87	12.23	12.55	4290019	411537344.00
2007/03/15	12.42	12.64	12.42	12.53	2722040	258596928.00
2007/03/16	12.70	12.76	12.36	12.44	2711144	257683168.00
2007/03/19	12.19	12.62	12.13	12.45	2490702	234210624.00
2007/03/20	12.47	12.85	12.42	12.65	2442590	234957760.00
2007/03/21	12.70	12.75	12.51	12.59	1769817	168775840.00
2007/03/22	12.59	12.66	12.49	12.53	2210433	210891328.00
2007/03/23	12.54	12.72	12.39	12.70	3359272	320586272.00
2007/03/26	12.78	12.78	12.61	12.71	2332618	224508304.00
2007/03/27	12.74	13.65	12.66	13.50	4601823	461224960.00
2007/03/28	13.41	13.61	12.86	13.28	3295047	332870816.00
2007/03/29	13.30	13.61	13.21	13.45	3293015	338521280.00
2007/04/02	13.55	13.63	13.29	13.45	2177008	223939872.00
2007/04/03	13.38	13.44	13.10	13.42	2953166	299898336.00
2007/04/04	13.42	13.65	13.34	13.55	2539282	263200912.00
2007/04/05	13.67	13.79	13.58	13.78	2375716	250747344.00
2007/04/06	13.89	14.98	13.89	14.98	4762988	544250880.00
2007/04/09	15.83	16.31	15.83	16.31	8146558	1033160000.00
2007/04/10	16.51	17.77	16.51	17.77	6394069	875709760.00
2007/04/11	18.79	19.24	17.76	18.50	8315207	1234489728.00
2007/04/12	19.01	20.14	19.01	20.14	13873261	1089412608.00
2007/04/13	20.98	21.44	18.87	19.16	25753709	2030948480.00
2007/04/16	18.85	19.79	18.10	19.29	14927532	1097612416.00
2007/04/17	19.08	19.54	18.55	19.01	10873538	808323968.00
2007/04/18	19.26	19.54	18.81	18.91	8705540	649513664.00
2007/04/19	18.90	18.90	17.26	17.68	13936193	980787840.00
2007/04/20	17.84	18.45	17.84	18.41	8305207	589748416.00
2007/04/23	18.40	18.40	17.92	18.10	10222510	721018944.00
2007/04/24	18.15	19.70	18.15	19.44	14035743	1054677952.00
2007/04/25	19.24	19.24	18.55	18.91	7436750	548373888.00
2007/04/26	18.93	19.35	18.54	18.66	6933552	507458208.00
2007/04/27	17.99	18.42	17.74	18.25	14946145	1044503744.00
2007/04/30	18.10	18.10	17.69	17.99	9786266	680029312.00
2007/05/08	18.68	18.87	18.25	18.26	10720304	774222464.00
2007/05/09	18.25	18.25	17.14	17.87	10241367	706070848.00
2007/05/10	17.81	18.37	17.46	17.85	8106807	564048000.00
2007/05/11	17.52	17.97	17.31	17.52	7781923	526893344.00
2007/05/14	17.31	17.53	17.10	17.14	8944890	594876736.00
2007/05/15	17.06	17.30	16.44	16.46	10179106	662787648.00
2007/05/16	16.39	16.90	16.28	16.87	7738762	494605728.00
2007/05/17	16.81	17.42	16.65	17.18	7124982	473145856.00
2007/05/18	16.94	16.99	16.69	16.76	6396814	414556352.00
2007/05/21	16.28	17.08	16.17	16.91	7530369	487080384.00
2007/05/22	16.99	17.10	16.79	16.88	7068001	461502272.00
2007/05/23	16.84	17.08	16.62	16.92	7211991	468456128.00
2007/05/24	16.92	17.71	16.82	17.67	15490059	1040252288.00
2007/05/25	17.70	18.19	17.69	17.71	12528006	871837888.00
2007/05/28	17.88	18.40	17.53	18.25	13853472	963092864.00
2007/05/29	18.39	18.58	18.04	18.26	11024500	788548608.00
2007/05/30	17.10	17.88	16.64	16.64	14299293	947439808.00
2007/05/31	16.29	17.31	15.45	16.92	12075788	764574016.00
2007/06/01	16.92	18.26	16.74	17.64	15124826	1038635008.00
2007/06/04	17.97	17.97	16.40	16.56	8857847	579255808.00
2007/06/05	16.56	17.31	15.94	17.31	10169718	657852480.00
2007/06/06	17.65	18.10	17.06	18.01	14073749	968125440.00
2007/06/07	18.22	18.60	17.99	18.09	12146866	865577920.00
2007/06/08	18.08	19.69	17.76	19.49	23391255	1716675968.00
2007/06/11	19.59	20.38	19.26	19.60	17583042	1377161728.00
2007/06/12	19.61	21.34	19.36	21.02	17132100	1376240000.00
2007/06/13	21.18	21.33	20.60	20.97	13130235	1088458752.00
2007/06/14	20.70	21.47	20.42	20.91	11110138	923282624.00
2007/06/15	20.61	21.13	20.46	20.60	8752901	719885568.00
2007/06/18	20.73	21.40	20.66	20.81	8011922	665005184.00
2007/06/19	20.83	20.84	20.15	20.20	9217732	741125120.00
2007/06/20	20.21	20.21	19.19	19.34	10860777	840318400.00
2007/06/21	19.24	19.81	19.10	19.41	5766787	440856224.00
2007/06/22	19.47	19.58	18.22	18.67	8132083	602486464.00
2007/06/25	18.75	18.90	17.56	17.67	7374527	520870304.00
2007/06/26	17.23	18.15	17.19	18.08	6558182	454334624.00
2007/06/27	18.13	18.29	17.76	18.10	5073889	357065024.00
2007/06/28	18.11	18.12	17.21	17.23	6665595	454748864.00
2007/06/29	17.02	17.49	16.60	17.09	5783992	378462336.00
2007/07/02	17.10	17.42	16.85	17.33	3574282	237918512.00
2007/07/03	17.56	18.85	17.56	18.84	7809413	552199424.00
2007/07/04	18.95	18.95	17.88	17.97	5489465	391113440.00
2007/07/05	17.74	17.74	17.16	17.18	4398700	296371360.00
2007/07/06	17.18	17.99	17.17	17.91	5269369	358824864.00
2007/07/09	17.99	18.26	17.99	18.06	4384592	309673504.00
2007/07/10	18.17	18.19	17.51	17.58	3934630	270377504.00
2007/07/11	17.53	17.97	17.35	17.74	2197685	151217856.00
2007/07/12	17.74	17.89	17.58	17.64	1843501	126513424.00
2007/07/13	17.69	17.76	17.42	17.54	1440258	97887792.00
2007/07/16	17.54	17.76	17.15	17.15	2440534	163672112.00
2007/07/17	17.09	17.51	17.09	17.35	1755171	117418592.00
2007/07/18	17.03	17.03	16.50	16.85	5844749	378583744.00
2007/07/19	16.85	17.33	16.85	17.04	2561960	169149296.00
2007/07/20	17.05	17.50	17.04	17.32	2682650	179486160.00
2007/07/23	17.42	18.24	17.42	18.07	6022184	420001088.00
2007/07/24	18.19	18.62	17.97	18.07	4843993	345400800.00
2007/07/25	17.99	18.33	17.88	18.26	4030132	285303808.00
2007/07/26	18.56	18.91	18.34	18.72	5358956	390839424.00
2007/07/27	18.67	18.74	18.37	18.55	4334122	313777440.00
2007/07/30	18.56	20.19	18.56	20.19	10734802	836923712.00
2007/07/31	20.38	21.37	20.38	21.14	12612065	1040301760.00
2007/08/01	21.40	21.47	19.76	20.03	10508485	851213184.00
2007/08/02	20.27	20.87	19.81	20.25	11006799	884936128.00
2007/08/03	20.52	21.40	20.52	20.87	11358743	948026752.00
2007/08/06	21.34	22.75	21.04	22.75	15225196	1329824256.00
2007/08/07	22.88	24.70	22.09	23.05	17805274	1661138176.00
2007/08/08	22.54	22.99	21.75	22.13	10258960	910868544.00
2007/08/09	22.06	22.88	21.86	22.24	6704911	597942400.00
2007/08/10	22.27	22.28	20.95	21.63	9702965	834106688.00
2007/08/13	21.52	21.52	20.54	20.66	9267625	766393856.00
2007/08/14	20.49	21.36	20.49	20.90	5260198	436129824.00
2007/08/15	20.92	21.15	20.31	20.72	6128990	499392096.00
2007/08/16	20.69	21.03	20.28	20.90	5942613	484807488.00
2007/08/17	20.72	21.17	20.27	20.56	4926562	406089152.00
2007/08/20	20.88	21.40	20.88	21.36	5282545	445531712.00
2007/08/21	21.61	22.04	21.59	21.74	5564649	484457184.00
2007/08/22	21.35	22.26	21.22	22.00	7527616	649005760.00
2007/08/23	22.09	22.34	21.65	21.81	5300092	461948672.00
2007/08/24	21.82	22.09	21.53	21.79	5661324	491547872.00
2007/08/27	21.97	22.77	21.76	22.22	7862238	696924096.00
2007/08/28	22.23	23.00	21.54	22.61	10772976	966645376.00
2007/08/29	22.54	22.54	21.52	21.62	7481335	652776128.00
2007/08/30	21.54	21.90	21.09	21.44	5893947	499255424.00
2007/08/31	21.45	21.63	21.18	21.43	3501683	297232448.00
2007/09/03	21.47	21.97	21.47	21.62	5060758	437152576.00
2007/09/04	21.65	22.68	21.19	22.12	9249311	809046144.00
2007/09/05	22.15	22.70	21.86	22.05	4848392	430828544.00
2007/09/06	22.03	22.09	21.74	21.80	4342533	377451232.00
2007/09/07	21.72	21.72	21.13	21.15	5822097	493519200.00
2007/09/10	20.94	21.24	20.50	20.99	4043445	332134944.00
2007/09/11	20.92	21.22	19.78	19.92	5351884	434666912.00
2007/09/12	19.83	20.49	19.83	20.22	4269607	339223360.00
2007/09/13	20.27	20.94	20.24	20.51	3677336	298508608.00
2007/09/14	20.72	20.83	20.22	20.55	3468075	280530848.00
2007/09/17	20.27	20.81	20.17	20.57	3542037	287672352.00
2007/09/18	20.61	21.56	20.47	21.27	6767516	567510592.00
2007/09/19	21.40	21.60	20.61	20.72	3524933	292108192.00
2007/09/20	20.79	21.40	20.79	20.97	3674094	306667744.00
2007/09/21	21.10	22.18	20.72	22.15	13302444	1147882368.00
2007/09/24	22.54	24.06	22.54	22.64	16868885	1577562240.00
2007/09/25	22.72	23.34	21.86	22.13	7282973	653030080.00
2007/09/26	21.92	22.37	21.40	21.47	5721785	493121984.00
2007/09/27	21.55	22.03	21.15	21.98	4220915	361701824.00
2007/09/28	22.00	22.77	22.00	22.25	6492306	580681920.00
2007/10/08	22.70	23.22	22.22	22.26	7440149	674528448.00
2007/10/09	22.02	22.42	21.54	22.18	4766906	412842752.00
2007/10/10	22.31	23.11	21.81	22.39	7949944	713096896.00
2007/10/11	22.31	23.11	22.26	22.62	7922712	720102912.00
2007/10/12	22.82	24.67	22.82	24.67	20899948	1996767360.00
2007/10/15	26.00	26.94	25.75	26.94	22174571	2384333056.00
2007/10/16	26.87	26.87	25.33	25.99	10020762	1056953280.00
2007/10/17	25.95	27.74	25.50	26.64	7940265	867410688.00
2007/10/18	26.82	27.09	25.30	26.27	8362343	879539584.00
2007/10/19	26.64	27.77	26.27	27.02	9354014	1030215616.00
2007/10/22	26.41	29.06	26.04	28.00	9131855	1032656064.00
2007/10/23	28.01	28.43	26.18	27.22	7442058	818608000.00
2007/10/24	27.02	27.65	26.30	26.84	6047816	655419520.00
2007/10/25	26.75	28.37	25.64	25.71	12118942	1327128576.00
2007/10/26	25.09	25.71	24.32	24.33	9549418	955362560.00
2007/10/29	24.25	24.83	23.45	24.82	6949571	673380416.00
2007/10/30	24.90	26.13	24.90	25.81	5407351	560575680.00
2007/10/31	26.18	26.41	25.40	25.42	5452519	571252160.00
2007/11/01	25.43	25.64	24.33	24.38	5967329	597049728.00
2007/11/02	23.91	24.13	23.22	23.34	6213013	587733696.00
2007/11/05	23.00	24.11	22.78	23.25	4195801	395198112.00
2007/11/06	23.26	23.68	23.02	23.32	2678503	250295776.00
2007/11/07	23.68	23.82	23.11	23.65	2546221	238583248.00
2007/11/08	23.45	23.45	21.63	21.72	4420140	398120128.00
2007/11/09	21.18	21.81	20.45	20.69	5447854	453100960.00
2007/11/12	20.20	20.20	18.83	19.67	8647249	657466624.00
2007/11/13	19.86	20.26	19.20	19.41	5970978	464428736.00
2007/11/14	19.78	21.14	19.13	20.94	7981316	630385408.00
2007/11/15	20.93	21.52	20.28	20.42	7603670	627335296.00
2007/11/16	19.92	20.08	19.47	19.97	3812332	296311200.00
2007/11/19	19.93	20.15	19.63	19.78	3030159	234928480.00
2007/11/20	19.35	20.12	19.03	19.93	4968963	379716128.00
2007/11/21	19.95	20.15	19.36	19.45	4446552	346396192.00
2007/11/22	19.01	19.04	17.99	18.12	6273567	457773760.00
2007/11/23	17.94	18.14	17.49	18.08	3454458	239329088.00
2007/11/26	18.42	18.63	17.81	17.84	3601255	255852432.00
2007/11/27	17.54	18.27	17.53	17.87	3000945	208425408.00
2007/11/28	17.94	18.10	17.53	17.62	2299635	158911616.00
2007/11/29	17.79	18.47	17.62	18.28	4175655	293229376.00
2007/11/30	18.40	18.40	17.76	17.83	2709005	190501088.00
2007/12/03	17.65	17.97	17.56	17.90	1836767	127025544.00
2007/12/04	17.99	18.42	17.99	18.22	2775944	196958928.00
2007/12/05	18.22	19.11	17.99	18.85	4839843	352746112.00
2007/12/06	19.09	19.12	18.51	18.67	3080311	226758592.00
2007/12/07	18.67	18.98	18.67	18.88	2719189	200027760.00
2007/12/10	18.63	19.47	18.47	19.38	4508000	339174112.00
2007/12/11	19.54	19.58	19.05	19.15	3901427	293904096.00
2007/12/12	19.15	19.15	18.67	18.77	3340350	246046048.00
2007/12/13	18.67	18.74	17.96	18.02	4188708	298970624.00
2007/12/14	17.76	18.33	17.76	18.25	2861188	201158736.00
2007/12/17	18.38	18.38	17.76	17.78	3018696	210186512.00
2007/12/18	17.78	18.00	17.74	17.86	1725349	119722824.00
2007/12/19	18.12	18.35	17.99	18.13	2660678	187912736.00
2007/12/21	18.40	19.73	18.40	19.73	8716873	663699328.00
2007/12/24	20.34	20.61	19.91	19.95	10578035	844122688.00
2007/12/25	19.97	20.38	19.83	19.97	4140362	328425536.00
2007/12/26	19.97	20.35	19.88	20.28	4275094	338910560.00
2007/12/27	20.35	20.92	20.16	20.49	5062316	411104768.00
2007/12/28	20.50	20.51	20.17	20.20	4167893	333660224.00
2008/01/02	20.20	20.24	19.71	19.91	3874146	303057024.00
2008/01/03	19.80	20.15	19.36	20.03	5106714	394247712.00
2008/01/04	20.37	21.01	20.37	20.79	6985727	575388096.00
2008/01/07	20.83	21.06	20.44	20.80	4340498	357884576.00
2008/01/08	20.90	21.59	20.73	21.13	6946398	582146944.00
2008/01/09	21.22	21.63	21.22	21.51	4314177	367912000.00
2008/01/10	21.55	22.04	21.40	21.59	4926653	425687232.00
2008/01/11	21.59	21.63	20.99	21.16	4674031	392974240.00
2008/01/14	20.99	21.40	20.68	21.07	4465945	370934016.00
2008/01/15	21.12	21.40	20.84	21.35	3826657	320643360.00
2008/01/16	21.09	21.09	20.31	20.36	5669040	461975264.00
2008/01/17	20.15	20.60	19.58	19.79	4918217	386047360.00
2008/04/21	18.06	18.06	18.06	18.06	295200	10084032.00
2008/04/22	16.51	16.51	16.51	16.51	168200	5170468.00
2008/04/23	15.11	16.62	15.11	15.75	30599556	865505920.00
2008/04/24	16.23	17.06	16.08	16.69	54152605	1672718592.00
2008/04/25	16.08	16.30	15.31	15.60	35710323	1047740672.00
2008/04/28	14.80	15.21	14.29	14.29	26372535	699623488.00
2008/04/29	13.89	15.35	13.16	15.35	35138281	908312640.00
2008/04/30	14.75	15.56	14.59	15.25	28026744	783908416.00
2008/05/05	15.40	16.51	15.40	16.42	25503252	760580160.00
2008/05/06	16.44	16.85	15.84	16.17	20929576	636252224.00
2008/05/07	16.24	16.52	15.40	15.43	13815980	407341056.00
2008/05/08	15.12	15.66	15.04	15.63	10871608	305772480.00
2008/05/09	15.66	15.80	15.03	15.25	9735847	275203840.00
2008/05/12	15.01	15.33	14.51	15.01	9365490	253713696.00
2008/05/13	14.53	14.99	14.31	14.37	11025738	290951008.00
2008/05/14	14.34	15.56	14.34	15.56	11793203	333009952.00
2008/05/15	16.20	16.77	15.72	15.87	32515686	978830592.00
2008/05/16	15.81	16.39	15.71	15.98	10985449	325178688.00
2008/05/19	16.08	16.08	15.67	15.76	6775996	197984144.00
2008/05/20	15.56	15.93	14.71	14.79	10500099	294405504.00
2008/05/21	14.69	15.44	14.03	15.17	11127948	296660416.00
2008/05/22	15.03	15.13	14.59	14.74	6519741	176332192.00
2008/05/23	14.62	14.96	14.47	14.55	4279004	113871272.00
2008/05/26	14.43	14.43	13.99	14.03	4768192	122133472.00
2008/05/27	13.95	14.28	13.89	14.15	3821435	97534112.00
2008/05/28	14.24	14.58	14.12	14.43	4062600	105299728.00
2008/05/29	14.43	14.43	13.95	13.97	4380161	112140816.00
2008/05/30	13.89	14.12	13.60	13.80	5170334	128132800.00
2008/06/02	13.62	14.04	13.62	13.88	3595417	89829736.00
2008/06/03	13.89	13.96	13.62	13.67	3431288	84458496.00
2008/06/04	13.67	13.69	13.21	13.31	4074863	97159984.00
2008/06/05	13.26	13.44	13.17	13.25	3246258	77023112.00
2008/06/06	13.25	13.57	13.23	13.40	3071113	73489528.00
2008/06/10	12.98	12.98	12.31	12.31	5369870	117131136.00
2008/06/11	11.92	11.92	11.39	11.47	7270442	144523312.00
2008/06/12	11.41	12.05	10.80	11.55	10271662	201050592.00
2008/06/13	11.40	11.48	10.65	10.65	7278764	135723552.00
2008/06/16	10.62	10.83	10.03	10.07	6723041	113902928.00
2008/06/17	10.03	10.06	9.34	9.43	9367241	146064784.00
2008/06/18	9.21	9.98	8.98	9.97	13756841	214918912.00
2008/06/19	9.79	9.82	9.23	9.23	9480449	145552336.00
2008/06/20	9.11	9.57	8.67	9.10	10387854	153014272.00
2008/06/23	8.89	9.36	8.82	9.22	7114293	104428096.00
2008/06/24	9.25	9.41	9.12	9.34	5949221	88893712.00
2008/06/25	9.35	9.89	9.31	9.81	9664857	151703872.00
2008/06/26	9.82	10.37	9.81	10.22	14241494	238849904.00
2008/06/27	9.95	10.24	9.53	9.68	11599513	188499808.00
2008/06/30	9.62	9.84	9.36	9.54	5514856	85741136.00
2008/07/01	9.34	9.34	8.98	9.10	8544809	124300032.00
2008/07/02	9.11	9.22	8.90	9.05	5776463	83193952.00
2008/07/03	8.91	9.49	8.83	9.31	8331508	122836936.00
2008/07/04	9.33	9.43	9.02	9.08	5966099	87346688.00
2008/07/07	9.09	9.59	9.09	9.58	9450947	143146096.00
2008/07/08	9.66	9.98	9.55	9.96	15277063	244876608.00
2008/07/09	10.02	10.71	9.84	10.71	22839834	392996288.00
2008/07/10	10.84	11.53	10.53	10.86	36476467	687819968.00
2008/07/11	10.83	11.39	10.83	11.14	22049741	416860992.00
2008/07/14	11.07	11.10	10.80	10.94	14187979	261761552.00
2008/07/15	10.99	11.21	10.21	10.47	13307306	240071664.00
2008/07/16	10.34	10.34	9.80	9.98	10104988	167474672.00
2008/07/17	10.09	10.17	9.77	9.77	7376062	120720920.00
2008/07/18	9.81	10.11	9.53	10.03	7402153	118905432.00
2008/07/21	10.02	10.73	9.92	10.71	10031874	173052656.00
2008/07/22	10.66	11.10	10.60	10.63	11319731	207453952.00
2008/07/23	10.51	10.73	10.17	10.28	12017134	208045600.00
2008/07/24	10.29	10.46	10.20	10.32	7844545	134890336.00
2008/07/25	10.21	10.32	10.12	10.23	5544035	93590648.00
2008/07/28	10.25	10.47	10.25	10.34	4675654	80827648.00
2008/07/29	10.23	10.23	10.02	10.11	4908105	81968760.00
2008/07/30	10.09	10.30	9.93	10.03	3609138	60050700.00
2008/07/31	10.06	10.16	9.79	9.87	4556336	74184344.00
2008/08/01	9.84	10.01	9.71	9.92	3896510	62833708.00
2008/08/04	9.85	9.88	9.61	9.62	3282867	52147164.00
2008/08/05	9.52	9.70	9.25	9.27	4224407	63546364.00
2008/08/06	9.36	9.42	9.11	9.29	3055793	45292424.00
2008/08/07	9.27	9.36	9.21	9.29	1889971	28108402.00
2008/08/08	9.34	9.36	8.70	8.75	3894506	55656668.00
2008/08/11	8.75	8.80	8.13	8.13	4718085	60303660.00
2008/08/12	7.98	8.19	7.72	7.94	3939539	47230784.00
2008/08/13	7.92	8.42	7.61	8.26	6881999	83276304.00
2008/08/14	8.11	8.27	8.01	8.09	3894295	48024980.00
2008/08/15	8.07	8.25	7.98	8.07	3403718	42040688.00
2008/08/18	8.06	8.16	7.52	7.52	4354318	49993024.00
2008/08/19	7.52	7.85	7.36	7.69	4786160	53559208.00
2008/08/20	7.53	8.18	7.43	8.14	7874678	94124672.00
2008/08/21	7.98	8.23	7.84	7.87	5732714	69292552.00
2008/08/22	7.87	8.02	7.74	7.83	3187789	37417624.00
2008/08/25	7.88	7.92	7.66	7.72	2086509	24223532.00
2008/08/26	7.70	7.82	7.48	7.53	3353076	37317316.00
2008/08/27	7.52	7.69	7.41	7.55	2646984	29314168.00
2008/08/28	7.56	7.60	7.48	7.52	1968581	21711276.00
2008/08/29	7.53	7.73	7.53	7.64	3095165	34819640.00
2008/09/01	7.61	7.64	7.50	7.52	2269767	25057606.00
2008/09/02	7.52	7.57	7.45	7.53	1517618	16706807.00
2008/09/03	7.53	7.57	7.43	7.45	2023209	22081910.00
2008/09/04	7.45	7.95	7.38	7.87	10682625	125192136.00
2008/09/05	7.65	7.69	7.45	7.52	7808512	86545152.00
2008/09/08	7.47	7.56	7.23	7.23	4012238	42589548.00
2008/09/09	7.29	7.37	7.25	7.31	2352591	24753606.00
2008/09/10	7.28	7.41	7.18	7.29	2633048	27785118.00
2008/09/11	7.28	7.33	7.21	7.25	2370712	24719410.00
2008/09/12	7.25	7.52	7.19	7.33	3909878	41865588.00
2008/09/16	7.32	7.33	7.11	7.16	4025376	41594412.00
2008/09/17	7.17	7.27	7.14	7.19	2796447	28816648.00
2008/09/18	7.12	7.26	6.75	7.10	5583817	56039616.00
2008/09/19	7.55	7.56	7.39	7.56	6173422	68077992.00
2008/09/22	7.98	8.07	7.62	7.89	13288701	156575312.00
2008/09/23	7.74	7.74	7.47	7.48	7291480	81123056.00
2008/09/24	7.45	7.45	7.28	7.43	3546971	37752944.00
2008/09/25	7.48	7.69	7.47	7.61	6300908	70216968.00
2008/09/26	7.70	7.94	7.62	7.80	10875122	126392952.00
2008/10/06	7.73	7.73	7.48	7.48	4790022	52967540.00
2008/10/07	7.25	7.44	7.21	7.27	4978968	52294880.00
2008/10/08	7.24	7.38	7.16	7.29	3949842	41423792.00
2008/10/09	7.38	7.43	7.18	7.18	3407728	35599332.00
2008/10/10	6.98	6.98	6.72	6.72	5556865	52165104.00
2008/10/13	6.72	6.72	6.35	6.72	5211016	45557272.00
2008/10/14	6.88	6.93	6.56	6.57	5088908	47733376.00
2008/10/15	6.50	6.52	6.42	6.48	2745276	23775436.00
2008/10/16	6.29	6.29	6.09	6.10	3997480	32431142.00
2008/10/17	6.13	6.21	5.99	6.08	3302229	25939180.00
2008/10/20	6.09	6.24	5.97	6.18	3018972	23826994.00
2008/10/21	6.18	6.47	6.18	6.29	6519882	54482908.00
2008/10/22	6.19	6.24	6.10	6.11	3820416	30692166.00
2008/10/23	5.97	6.11	5.96	6.10	2426903	18872094.00
2008/10/24	6.09	6.14	6.01	6.06	2001737	15642915.00
2008/10/27	6.01	6.01	5.71	5.71	3683287	26959512.00
2008/10/28	5.63	5.79	5.59	5.75	4126967	29094800.00
2008/10/29	5.84	5.87	5.61	5.61	3103535	21918468.00
2008/10/30	5.66	5.75	5.62	5.70	3490678	24500948.00
2008/10/31	5.69	5.72	5.63	5.69	2297325	15988891.00
2008/11/03	5.66	5.75	5.64	5.70	2211004	15579223.00
2008/11/04	5.66	5.75	5.66	5.73	2178604	15261613.00
2008/11/05	5.82	5.94	5.76	5.86	5340545	39405956.00
2008/11/06	5.79	5.81	5.71	5.74	3072115	21846366.00
2008/11/07	5.70	5.81	5.66	5.77	2576427	18344004.00
2008/11/10	5.83	6.09	5.83	6.08	7554494	57361680.00
2008/11/11	6.06	6.23	5.98	6.06	8321401	65682200.00
2008/11/12	6.03	6.10	5.97	6.06	5424627	41948392.00
2008/11/13	6.03	6.33	5.99	6.26	9842750	79658056.00
2008/11/14	6.33	6.61	6.24	6.56	13059409	112114808.00
2008/11/17	6.61	6.86	6.60	6.84	14197999	131970168.00
2008/11/18	6.84	6.92	6.41	6.41	14548643	131879088.00
2008/11/19	6.29	6.68	6.29	6.66	8739569	76281304.00
2008/11/20	6.60	6.91	6.43	6.72	11720655	107977432.00
2008/11/21	6.57	6.72	6.43	6.60	7229574	64649108.00
2008/11/24	6.61	6.72	6.45	6.46	5325417	47557748.00
2008/11/25	6.52	6.63	6.45	6.53	4912420	43565820.00
2008/11/26	6.55	6.67	6.49	6.62	4376524	39103192.00
2008/11/27	6.92	6.96	6.66	6.67	10319971	97558968.00
2008/11/28	6.67	6.67	6.49	6.52	5866840	52035844.00
2008/12/01	6.52	6.77	6.47	6.76	5928809	53432772.00
2008/12/02	6.61	7.01	6.57	6.86	13853739	131331600.00
2008/12/03	6.84	7.28	6.84	7.16	18251350	183931776.00
2008/12/04	7.25	7.51	7.14	7.17	16679275	176611200.00
2008/12/05	7.16	7.37	7.08	7.23	10316679	106296064.00
2008/12/08	7.26	7.66	7.26	7.62	14982289	162118560.00
2008/12/09	7.66	7.99	7.62	7.74	22368210	259115808.00
2008/12/10	7.64	7.75	7.43	7.73	13453475	151612944.00
2008/12/11	7.74	7.88	7.53	7.53	10736398	122944192.00
2008/12/12	7.52	7.52	7.16	7.24	10157141	107458048.00
2008/12/15	7.30	7.43	7.18	7.29	5371632	56618168.00
2008/12/16	7.29	7.34	7.11	7.32	4993481	51701120.00
2008/12/17	7.45	7.56	7.39	7.43	7291301	79465952.00
2008/12/18	7.39	7.56	7.34	7.53	5926009	64187732.00
2008/12/19	7.53	7.59	7.48	7.52	6359895	70332032.00
2008/12/22	7.59	7.59	7.41	7.47	5244530	57427200.00
2008/12/23	7.47	7.51	7.02	7.09	7221588	74909896.00
2008/12/24	7.08	7.10	6.93	6.99	5592723	55282224.00
2008/12/25	7.02	7.08	6.93	6.96	3816647	37525968.00
2008/12/26	6.96	7.06	6.93	6.98	2743042	26979818.00
2008/12/29	6.98	7.10	6.80	7.03	3343873	32216112.00
2008/12/30	7.02	7.16	7.02	7.06	3468472	34781656.00
2008/12/31	7.05	7.11	6.94	7.03	4046767	40088236.00
2011/10/10	15.91	16.03	15.63	15.74	3960871	71769584.00
2011/10/11	16.24	16.33	15.39	15.65	5860869	106590088.00
2011/10/12	15.50	16.15	15.38	16.06	6669985	121582040.00
2011/10/13	16.05	16.39	15.96	16.20	6898432	128100064.00
2011/10/14	16.03	16.19	15.89	16.09	3779569	69460320.00
2011/10/17	16.20	16.23	15.84	15.95	4840718	88810312.00
2011/10/18	15.89	15.89	15.04	15.11	7874280	138667120.00
2011/10/19	15.11	15.27	14.86	14.90	6011529	102448864.00
2011/10/20	14.88	14.88	13.85	14.03	12447026	198159184.00
2011/10/21	14.01	14.02	13.50	13.56	8538050	130464704.00
2011/10/24	13.66	14.01	13.34	13.96	8031777	123527776.00
2011/10/26	14.27	15.16	14.20	14.81	24714568	412061440.00
2011/10/27	14.70	14.93	14.48	14.66	10654045	177396976.00
2011/10/28	15.00	15.53	14.99	15.21	14040922	243168400.00
2011/10/31	15.21	15.39	14.97	15.14	8658040	149319472.00
2011/11/01	14.97	15.18	14.83	15.00	7617761	129700848.00
2011/11/02	14.70	15.09	14.43	15.07	10440762	173962304.00
2011/11/03	15.12	15.70	15.10	15.22	15917486	278327072.00
2011/11/04	15.39	15.87	15.39	15.62	19325235	345525632.00
2011/11/07	15.49	15.61	15.31	15.33	8309137	146228672.00
2011/11/08	15.33	15.54	15.20	15.25	6628701	116044304.00
2011/11/09	15.26	15.48	14.97	15.36	7592989	131482272.00
2011/11/10	15.04	15.13	14.90	14.95	8800705	150255344.00
2011/11/11	14.95	15.12	14.82	14.85	5440340	92501832.00
2011/11/14	15.07	15.26	14.99	15.16	8094467	139388464.00
2011/11/15	15.12	15.24	15.04	15.20	6809883	117430344.00
2011/11/16	15.19	15.23	14.73	14.76	7976854	135254352.00
2011/11/17	14.85	14.92	14.58	14.65	5739884	95663152.00
2011/11/18	14.58	14.58	14.16	14.22	6858579	110682832.00
2011/11/21	14.26	14.90	14.20	14.63	9527314	157161984.00
2011/11/22	14.36	14.46	14.20	14.39	5129868	82810944.00
2011/11/23	14.41	14.50	14.20	14.23	3758486	60533728.00
2011/11/24	14.10	14.19	13.85	14.00	4410567	69349472.00
2011/11/25	13.99	14.52	13.89	14.06	5688293	91152768.00
2011/11/28	14.08	14.50	14.06	14.32	8133790	131003136.00
2011/11/29	14.43	14.50	14.26	14.43	6487817	105305008.00
2011/11/30	14.43	14.43	13.66	13.70	8551500	134294064.00
2011/12/01	14.27	14.85	14.24	14.27	12794367	208632256.00
2011/12/02	14.20	14.20	13.89	13.93	5229148	82342160.00
2011/12/05	14.01	14.04	13.70	13.71	3878349	60158880.00
2011/12/06	13.73	13.89	13.67	13.87	3426470	52983576.00
2011/12/07	13.89	13.96	13.75	13.90	2268252	35310920.00
2011/12/08	13.89	14.03	13.58	13.83	3352972	52069776.00
2011/12/09	13.70	13.85	13.66	13.70	2169201	33377280.00
2011/12/12	13.70	13.82	13.57	13.63	2621814	40259288.00
2011/12/13	13.43	13.58	13.13	13.18	4830340	71846472.00
2011/12/14	13.19	13.23	12.60	12.76	5817048	83140192.00
2011/12/15	12.73	12.73	11.90	11.93	7885185	104781688.00
2011/12/16	12.00	12.40	11.96	12.37	5362847	71498680.00
2011/12/19	12.29	12.30	11.86	12.20	5659572	74852896.00
2011/12/20	12.20	12.33	12.08	12.20	3953889	53180540.00
2011/12/21	12.35	12.43	11.95	11.96	5153615	69317320.00
2011/12/22	11.90	12.23	11.43	11.97	6842353	87903304.00
2011/12/23	11.88	12.20	11.81	12.00	4324804	56880960.00
2011/12/26	11.90	12.13	11.75	11.90	3068278	40242704.00
2011/12/27	11.89	12.03	11.62	11.64	3321537	42777128.00
2011/12/28	11.58	11.74	11.50	11.73	3600952	45550300.00
2011/12/29	11.65	11.79	11.57	11.60	4031904	51279824.00
2011/12/30	11.62	12.00	11.62	11.94	4735192	61561184.00
2012/01/04	12.16	12.19	11.81	11.82	4843427	63610848.00
2012/01/05	11.77	11.91	11.61	11.66	2836878	36400088.00
2012/01/06	11.67	11.89	11.53	11.86	3236471	41342484.00
2012/01/09	11.94	12.56	11.70	12.46	9705611	130656312.00
2012/01/10	12.54	13.42	12.43	13.33	14505720	207602096.00
2012/01/11	13.34	13.41	13.18	13.31	11524760	170936304.00
2012/01/12	13.25	13.76	13.10	13.46	11950996	179637472.00
2012/01/13	13.42	13.70	12.97	13.38	11335755	169298800.00
2012/01/16	13.06	13.33	12.66	12.68	6555728	94816512.00
2012/01/17	12.70	13.76	12.70	13.76	16555856	249735504.00
2012/01/18	14.18	14.43	13.65	13.73	19153009	303148256.00
2012/01/19	13.77	14.49	13.50	14.31	17877582	283447776.00
2012/01/20	14.35	14.40	13.89	14.20	11382413	182158816.00
2012/01/30	14.36	14.40	13.96	13.99	8735382	139466992.00
2012/01/31	13.96	14.16	13.80	14.00	4827807	75692576.00
2012/02/01	13.89	14.03	13.43	13.45	7906721	121495536.00
2012/02/02	13.52	13.78	13.47	13.75	6092225	93110640.00
2012/02/03	13.70	14.10	13.63	13.98	7447365	116236768.00
2012/02/06	14.00	14.14	13.81	13.93	5945981	93415056.00
2012/02/07	13.85	14.23	13.43	14.09	13113485	203540608.00
2012/02/08	13.87	15.03	13.83	14.83	23293573	382107872.00
2012/02/09	14.66	14.92	14.49	14.56	16852921	280366336.00
2012/02/10	14.57	14.76	14.39	14.50	10214284	168490432.00
2012/02/13	14.27	14.63	14.20	14.49	8078967	131973808.00
2012/02/14	14.49	14.50	14.28	14.38	5963751	96679208.00
2012/02/15	14.35	14.87	14.27	14.64	13485057	224034192.00
2012/02/16	14.57	14.63	14.33	14.43	9627504	157645184.00
2012/02/17	14.54	14.58	14.26	14.40	6039026	98283376.00
2012/02/20	14.60	14.80	14.40	14.42	10339681	170809344.00
2012/02/21	14.35	14.52	14.21	14.50	8517143	138193792.00
2012/02/22	14.50	14.68	14.46	14.63	9645835	159296720.00
2012/02/23	14.60	14.85	14.56	14.73	12407799	207123424.00
2012/02/24	14.76	14.93	14.67	14.87	15496572	260571472.00
2012/02/27	14.92	15.23	14.83	14.86	20608488	352979552.00
2012/02/28	14.83	14.83	14.56	14.66	11845501	197013744.00
2012/02/29	14.66	15.09	14.59	14.77	12943462	218133776.00
2012/03/01	14.66	14.80	14.59	14.69	7597621	126451040.00
2012/03/02	14.76	15.07	14.76	14.89	11715282	198415792.00
2012/03/05	14.95	15.20	14.82	14.96	13632562	232875856.00
2012/03/06	14.88	14.96	14.63	14.80	11348021	190111200.00
2012/03/07	14.59	14.73	14.50	14.50	10232987	169249168.00
2012/03/08	14.58	14.87	14.56	14.70	9474661	157647456.00
2012/03/09	14.77	15.09	14.67	14.96	12097909	204945728.00
2012/03/12	15.00	15.46	15.00	15.16	18884699	326702304.00
2012/03/13	15.04	15.20	15.01	15.19	9094799	156283888.00
2012/03/14	15.33	15.50	14.52	14.60	20550334	351380928.00
2012/03/15	14.61	14.70	13.97	14.21	14371091	232152784.00
2012/03/16	14.34	14.73	14.23	14.47	14432631	237027152.00
2012/03/19	14.42	15.06	14.35	15.03	17185637	286952256.00
2012/03/20	14.93	15.00	14.58	14.70	10455396	175091776.00
2012/03/21	14.89	15.50	14.73	15.15	26502336	457410720.00
2012/03/22	15.06	15.12	14.73	14.88	9218885	156188944.00
2012/03/23	14.73	14.95	14.45	14.59	9487326	157669120.00
2012/03/26	14.59	14.86	14.47	14.80	7728910	128694272.00
2012/03/27	14.96	15.10	14.68	14.69	8893635	150671072.00
2012/03/28	14.54	14.58	14.12	14.18	10331965	166841696.00
2012/03/29	14.16	14.16	13.44	13.54	8996827	138895632.00
2012/03/30	13.54	13.75	13.12	13.41	6715079	101005312.00
2012/04/05	13.42	13.80	13.35	13.79	6179550	94221304.00
2012/04/06	13.73	14.00	13.73	13.83	7345407	114279000.00
2012/04/09	13.80	13.94	13.59	13.68	4024218	62067336.00
2012/04/10	13.62	13.83	13.37	13.82	6187576	94260048.00
2012/04/11	13.60	13.89	13.55	13.85	6154606	95225624.00
2012/04/12	13.86	14.13	13.86	14.10	7882406	124658640.00
2012/04/13	14.20	14.58	14.06	14.46	11134609	180334768.00
2012/04/16	14.27	14.43	14.20	14.32	4722936	76318768.00
2012/04/17	14.32	14.51	14.10	14.10	5127405	82591120.00
2012/04/18	14.17	14.56	14.16	14.45	7716251	125680016.00
2012/04/19	14.46	14.54	14.39	14.50	6105589	99846824.00
2012/04/20	14.56	14.92	14.56	14.68	7547973	125846416.00
2012/04/23	14.68	14.76	14.39	14.42	5936081	97698744.00
2012/04/24	14.27	14.54	14.00	14.28	6369834	102219008.00
2012/04/25	14.32	14.70	14.29	14.59	8828363	144733760.00
2012/04/26	14.58	14.90	14.47	14.80	13661309	228665776.00
2012/04/27	14.80	14.91	14.61	14.76	9047516	151792544.00
2012/05/02	14.96	15.50	14.78	15.18	21657455	375579648.00
2012/05/03	15.12	15.27	15.05	15.08	13679748	236015904.00
2012/05/04	15.04	15.23	14.96	15.15	9878192	169829952.00
2012/05/08	15.27	15.41	14.90	14.99	15153651	259387440.00
2012/05/09	14.81	14.81	14.50	14.56	10354442	171504544.00
2012/05/10	14.50	14.69	14.46	14.59	6610100	109113288.00
2012/05/11	14.56	14.86	14.47	14.50	6759254	111939104.00
2012/05/14	14.58	14.72	14.30	14.31	6600307	108034840.00
2012/05/15	14.20	14.20	13.80	14.05	8926689	140473600.00
2012/05/16	14.12	14.26	13.93	13.94	6541361	103699512.00
2012/05/17	13.96	14.20	13.94	14.15	5072552	80544952.00
2012/05/18	14.00	14.12	13.81	13.92	5135326	80535248.00
2012/05/21	13.92	14.18	13.80	14.10	5971726	94170208.00
2012/05/22	14.20	14.26	14.11	14.20	4397559	70307800.00
2012/05/23	14.22	14.25	13.96	14.06	4219697	66849432.00
2012/05/24	14.03	14.04	13.81	13.88	4783592	74846704.00
2012/05/25	13.93	14.01	13.66	13.74	4308096	66665520.00
2012/05/28	13.73	14.00	13.43	13.88	5974262	91916800.00
2012/05/29	13.89	14.50	13.83	14.26	12553982	201958816.00
2012/05/30	14.26	14.41	14.21	14.25	5395829	87003632.00
2012/05/31	14.10	14.36	14.03	14.26	5021365	80394392.00
2012/06/01	14.27	14.40	14.26	14.28	4806327	77687624.00
2012/06/04	14.00	14.12	13.79	13.81	5913975	92762512.00
2012/06/05	13.82	13.92	13.70	13.74	3359129	51968440.00
2012/06/06	13.76	13.93	13.72	13.75	3899939	60505216.00
2012/06/07	13.96	14.04	13.61	13.63	3698857	57159264.00
2012/06/08	13.85	13.85	13.47	13.53	3573596	54542640.00
2012/06/11	13.47	13.83	13.47	13.72	2864920	43913152.00
2012/06/12	13.68	13.68	13.52	13.55	2922992	44402424.00
2012/06/13	13.60	13.75	13.55	13.67	2822815	43175356.00
2012/06/14	13.65	13.75	13.60	13.60	3261848	49932632.00
2012/06/15	13.66	13.78	13.56	13.74	3935081	60403908.00
2012/06/18	13.83	14.03	13.80	13.88	5028970	78681600.00
2012/06/19	13.85	13.87	13.73	13.74	2438099	37703628.00
2012/06/20	13.79	13.91	13.74	13.77	2474120	38387080.00
2012/06/21	13.79	13.79	13.46	13.50	3535881	53062208.00
2012/06/25	13.50	13.50	12.77	12.84	6066931	87590352.00
2012/06/26	12.77	12.96	12.66	12.93	3640801	51096352.00
2012/06/27	12.91	13.06	12.78	12.78	3524795	49964364.00
2012/06/28	12.86	12.96	12.58	12.60	3311396	46210324.00
2012/06/29	12.54	12.87	12.52	12.83	3267021	45556868.00
2012/07/02	13.04	13.21	12.94	12.98	5153497	74288120.00
2012/07/03	12.98	13.15	12.90	12.97	2397754	34405008.00
2012/07/04	13.05	13.13	13.00	13.01	2443043	35093768.00
2012/07/05	12.90	12.99	12.70	12.72	3183054	44595280.00
2012/07/06	12.80	13.12	12.74	13.03	3489270	49522060.00
2012/07/09	12.93	13.33	12.90	12.91	5525440	79852888.00
2012/07/10	12.73	12.89	12.62	12.80	3082553	43183948.00
2012/07/11	12.80	12.96	12.78	12.90	1817308	25651632.00
2012/07/12	12.93	13.16	12.70	13.08	5176896	73955664.00
2012/07/13	13.00	13.14	12.93	12.93	3061893	43804976.00
2012/07/16	12.97	13.04	12.58	12.63	4010062	55956480.00
2012/07/17	12.63	12.81	12.57	12.70	2957153	41200480.00
2012/07/18	12.70	12.76	12.58	12.75	2438138	33814472.00
2012/07/19	12.74	12.97	12.70	12.91	4021606	56854212.00
2012/07/20	12.85	13.00	12.78	12.80	2788576	39478336.00
2012/07/23	12.70	12.70	12.50	12.56	3673626	50619680.00
2012/07/24	12.46	12.61	12.39	12.48	3746462	51017012.00
2012/07/25	12.39	12.53	12.37	12.39	2023686	27422802.00
2012/07/26	12.39	12.54	12.32	12.33	2230063	30236644.00
2012/07/27	12.46	12.57	12.39	12.45	2622643	35715312.00
2012/07/30	12.39	12.54	12.27	12.28	2433972	32888062.00
2012/07/31	12.27	12.39	12.01	12.06	2470433	32498748.00
2012/08/01	12.07	12.30	12.07	12.18	2562485	33936980.00
2012/08/02	12.37	12.46	12.18	12.28	3249800	43622720.00
2012/08/03	12.32	12.47	12.25	12.45	3004983	40493792.00
2012/08/06	12.43	12.93	12.37	12.87	7106630	98810544.00
2012/08/07	12.76	13.06	12.73	12.90	6271163	89203272.00
2012/08/08	12.93	13.35	12.89	12.90	7251540	104786080.00
2012/08/09	12.89	13.10	12.78	13.00	5318412	75668480.00
2012/08/10	13.07	13.30	13.00	13.01	3870920	55841780.00
2012/08/13	12.98	13.05	12.75	12.76	3567711	50472428.00
2012/08/14	12.80	12.91	12.67	12.90	3254681	45580984.00
2012/08/15	12.90	12.93	12.68	12.71	2739940	38278176.00
2012/08/16	12.67	12.78	12.63	12.66	1762209	24498472.00
2012/08/17	12.66	12.72	12.55	12.70	1546017	21406656.00
2012/08/20	12.62	12.67	12.46	12.66	2253622	30900646.00
2012/08/21	12.67	12.84	12.63	12.81	2689731	37620032.00
2012/08/22	12.86	12.90	12.64	12.66	2226965	31108342.00
2012/08/23	12.64	12.87	12.64	12.83	3601447	50531084.00
2012/08/24	12.75	12.77	12.35	12.36	4821855	65991024.00
2012/08/27	12.36	12.48	12.20	12.21	2677127	35910512.00
2012/08/28	12.23	12.36	12.15	12.27	1785784	23847972.00
2012/08/29	12.26	12.34	12.06	12.19	3377669	44791488.00
2012/08/30	12.13	12.23	11.96	12.00	4206198	54969928.00
2012/08/31	11.97	12.07	11.85	11.93	2470218	32003694.00
2012/09/03	11.93	12.10	11.93	12.02	4332343	56435892.00
2012/09/04	12.00	12.23	11.96	11.97	3869360	50641312.00
2012/09/05	11.93	12.04	11.83	11.93	2362107	30484536.00
2012/09/06	11.97	12.12	11.97	12.11	2814023	36718544.00
2012/09/07	12.18	12.85	12.18	12.74	11239252	154372480.00
2012/09/11	12.53	12.63	12.27	12.53	10283857	139543072.00
2012/09/12	12.69	13.09	12.61	12.77	12372438	174063216.00
2012/09/13	12.81	12.85	12.47	12.49	6484749	89730616.00
2012/09/14	12.96	13.07	12.62	12.72	15037496	211667648.00
2012/09/17	12.79	12.98	12.54	12.60	11899195	167264864.00
2012/09/18	12.41	12.53	12.23	12.32	5782926	77909224.00
2012/09/19	12.32	12.61	12.25	12.60	4411523	59844208.00
2012/09/20	12.54	12.54	12.20	12.20	4516066	60900992.00
2012/09/21	12.05	12.50	12.04	12.27	5801798	77954576.00
2012/09/24	12.21	13.08	12.00	12.83	13282117	182896384.00
2012/09/25	12.62	12.70	12.42	12.45	7472935	102359696.00
2012/09/26	12.45	12.52	12.13	12.16	5188813	69118216.00
2012/09/27	12.11	12.62	12.11	12.42	7360648	99584672.00
2012/09/28	12.32	12.84	12.32	12.76	13042972	181286848.00
2012/10/08	12.74	12.83	12.47	12.58	5600301	77255440.00
2012/10/09	12.66	12.89	12.63	12.80	8329792	116602984.00
2012/10/10	12.76	12.86	12.69	12.86	6538085	91425464.00
2012/10/11	12.77	12.92	12.66	12.71	7769518	108838520.00
2012/10/12	12.76	12.86	12.55	12.68	4002697	55655740.00
2012/10/15	12.67	12.70	12.40	12.50	3828800	52193064.00
2012/10/16	12.50	12.62	12.39	12.43	4134862	56387044.00
2012/10/17	12.52	12.54	12.39	12.43	2817627	38310440.00
2012/10/18	12.54	12.68	12.47	12.60	4736447	65293520.00
2012/10/19	12.59	12.72	12.56	12.60	3161209	43674908.00
2012/10/22	12.46	12.66	12.41	12.60	2403779	32979932.00
2012/10/23	12.58	12.70	12.54	12.56	3364156	46432116.00
2012/10/24	12.45	12.57	12.44	12.46	2628192	35814440.00
2012/10/25	12.46	12.57	12.08	12.19	5362301	71814360.00
2012/10/26	12.18	12.24	11.84	11.90	8047329	104617408.00
2012/10/29	11.93	11.95	11.67	11.76	7159772	90702016.00
2012/10/30	11.76	11.91	11.69	11.76	2886553	36676180.00
2012/10/31	11.75	11.87	11.70	11.86	3911549	49702576.00
2012/11/01	11.85	12.07	11.84	12.02	5384555	69912112.00
2012/11/02	12.02	12.05	11.93	12.03	3542554	45968916.00
2012/11/05	11.99	12.06	11.93	11.96	2529955	32827588.00
2012/11/06	11.96	12.04	11.73	11.93	3052591	39044460.00
2012/11/07	11.94	12.10	11.89	12.02	3645363	47385984.00
2012/11/08	11.90	11.92	11.74	11.78	3238998	41369960.00
2012/11/09	11.78	11.84	11.66	11.78	3732964	47231376.00
2012/11/12	12.00	12.11	11.89	11.93	5557887	72001688.00
2012/11/13	11.93	11.94	11.78	11.83	3679640	47122868.00
2012/11/14	11.78	12.03	11.78	11.92	4056219	52408200.00
2012/11/15	11.84	11.95	11.80	11.81	2970467	38080940.00
2012/11/16	11.77	11.88	11.66	11.79	3910335	49592504.00
2012/11/19	11.70	11.88	11.58	11.86	3332930	42176840.00
2012/11/20	11.85	11.90	11.73	11.75	2408298	30757752.00
2012/11/21	11.70	11.94	11.70	11.86	3387028	43337112.00
2012/11/22	11.88	11.88	11.71	11.76	2135102	27129008.00
2012/11/23	11.85	12.26	11.76	11.99	8336376	108375608.00
2012/11/26	11.93	12.07	11.82	11.94	4848581	62726944.00
2012/11/27	11.93	11.97	11.73	11.78	4506559	57583872.00
2012/11/28	11.74	11.74	11.45	11.45	3625878	45217056.00
2012/11/29	11.45	11.57	11.39	11.40	2673662	32876522.00
2012/11/30	11.41	11.73	11.41	11.56	2808293	34990624.00
2012/12/03	11.53	11.70	11.46	11.53	2928866	36527376.00
2012/12/04	11.60	11.76	11.54	11.72	3786862	47526072.00
2012/12/05	11.66	12.22	11.66	12.08	9357530	122122192.00
2012/12/06	12.00	12.13	11.97	12.04	3748450	49000160.00
2012/12/07	12.03	12.26	12.00	12.16	6380040	84189696.00
2012/12/10	12.20	12.29	12.14	12.23	7657139	101563752.00
2012/12/11	12.23	12.27	12.00	12.07	6219214	81799488.00
2012/12/12	12.07	12.22	12.03	12.15	5524839	72847768.00
2012/12/13	12.14	12.14	11.94	11.95	4268090	55566304.00
2012/12/14	11.96	12.38	11.91	12.32	9913834	131977472.00
2012/12/17	12.35	12.66	12.33	12.43	10790029	147047696.00
2012/12/18	12.38	12.62	12.31	12.40	9185049	124869048.00
2012/12/19	12.34	12.53	12.30	12.32	7005243	94598200.00
2012/12/20	12.30	12.93	12.14	12.77	15573767	214018128.00
2012/12/21	12.72	12.80	12.53	12.54	9783874	135230656.00
2012/12/24	12.54	12.66	12.45	12.50	4895409	67047996.00
2012/12/25	12.50	12.77	12.39	12.66	7851471	108578568.00
2012/12/26	12.72	12.93	12.64	12.70	13246899	185687504.00
2012/12/27	12.67	12.84	12.58	12.60	8086660	112572472.00
2012/12/28	12.60	12.85	12.60	12.76	8571385	119731200.00
2012/12/31	12.79	13.04	12.70	12.89	10067043	142359552.00
2013/01/04	13.03	13.43	12.96	13.27	21612733	315265472.00
2013/01/07	13.24	13.24	13.00	13.09	8449577	121831760.00
2013/01/08	13.06	13.19	12.86	13.10	8207232	117478200.00
2013/01/09	13.10	13.13	12.77	12.96	9130663	129888000.00
2013/01/10	12.94	13.12	12.85	12.96	6265447	89255616.00
2013/01/11	12.96	13.08	12.66	12.70	7286757	102914912.00
2013/01/14	12.66	13.13	12.63	13.06	9245131	131214112.00
2013/01/15	13.00	13.20	12.94	13.10	10726711	154423632.00
2013/01/16	13.06	13.63	13.06	13.26	16793443	247099584.00
2013/01/17	13.26	13.35	12.96	12.96	7984732	115262016.00
2013/01/18	13.25	13.29	12.97	13.08	5982806	86507912.00
2013/01/21	13.16	13.19	12.97	13.01	7206600	103295264.00
2013/01/22	13.02	13.17	12.92	12.99	10638397	153049584.00
2013/01/23	12.98	13.10	12.90	13.01	5337081	76240960.00
2013/01/24	13.00	13.16	12.74	12.92	9366293	133291248.00
2013/01/25	12.82	13.18	12.82	13.14	11827464	170539712.00
2013/01/28	13.16	13.43	13.05	13.40	13315709	195314688.00
2013/01/29	13.40	13.43	13.20	13.30	10197919	149823712.00
2013/01/30	13.33	13.51	13.30	13.38	9639682	142895488.00
2013/01/31	13.58	14.52	13.58	14.30	37825153	605224384.00
2013/02/01	14.16	14.36	13.94	14.22	20966747	332051392.00
2013/02/04	14.38	15.16	14.35	15.01	30717614	507403104.00
2013/02/05	14.77	15.22	14.70	14.87	18083256	303410592.00
2013/02/06	14.87	15.13	14.76	14.82	14666323	245842848.00
2013/02/07	14.78	14.93	14.45	14.54	11451486	187463536.00
2013/02/08	14.56	14.73	14.49	14.63	9149335	149765552.00
2013/02/18	14.63	14.63	14.05	14.15	14126896	224592144.00
2013/02/19	14.20	14.26	13.93	14.06	7602838	119070016.00
2013/02/20	14.14	14.19	13.98	14.17	5227710	82315592.00
2013/02/21	14.01	14.01	13.12	13.49	19927410	297796576.00
2013/02/22	13.40	13.65	13.31	13.52	9812951	146273472.00
2013/02/25	13.50	13.67	13.40	13.43	5658396	84757320.00
2013/02/26	13.36	13.46	13.15	13.20	7071734	104017888.00
2013/02/27	13.39	13.49	13.28	13.40	5776776	85486712.00
2013/02/28	13.40	13.76	13.31	13.72	9417124	141954960.00
2013/03/01	13.72	13.72	13.40	13.57	8733492	131150656.00
2013/03/04	13.40	13.50	13.08	13.13	9058558	132633192.00
2013/03/05	13.23	13.49	13.23	13.45	7094915	105338672.00
2013/03/06	13.54	13.73	13.45	13.69	9304639	140207440.00
2013/03/07	13.62	14.03	13.46	13.83	11724447	179605200.00
2013/03/08	13.73	13.92	13.63	13.65	6478544	99324792.00
2013/03/11	13.65	13.81	13.54	13.65	4727149	71721784.00
2013/03/12	13.64	13.84	13.23	13.38	6495081	97298880.00
2013/03/13	13.43	13.66	13.40	13.41	5655853	84588720.00
2013/03/14	13.25	13.60	13.19	13.24	4177246	61442320.00
2013/03/15	13.25	13.52	13.10	13.33	5665121	83172080.00
2013/03/18	13.16	13.36	12.59	12.63	10785817	151680144.00
2013/03/19	12.66	12.81	12.36	12.57	7551302	103339976.00
2013/03/20	12.66	12.87	12.45	12.80	8635748	119940288.00
2013/03/21	12.89	12.89	12.74	12.80	7693337	108048968.00
2013/03/22	12.80	12.92	12.75	12.84	5723608	80663088.00
2013/03/25	12.84	13.10	12.77	12.99	6191641	87914248.00
2013/03/26	12.91	12.92	12.58	12.66	6741640	93654240.00
2013/03/27	12.65	12.83	12.61	12.66	3799050	52872160.00
2013/03/28	12.56	12.66	12.30	12.33	6015815	81509216.00
2013/03/29	12.54	12.54	11.82	12.02	11612291	152853888.00
2013/04/01	11.99	11.99	11.40	11.62	23233786	290475872.00
2013/04/02	11.53	11.79	11.43	11.60	14507928	181552480.00
2013/04/15	11.15	11.15	10.52	10.66	12462139	137693760.00
2013/04/16	10.50	10.83	10.30	10.78	10148719	110008912.00
2013/04/17	10.75	10.81	10.63	10.72	6331230	69703728.00
2013/04/18	10.60	10.85	10.47	10.64	6093418	66942048.00
2013/04/19	10.84	11.50	10.73	11.49	23973494	277226496.00
2013/04/22	11.31	11.48	11.25	11.38	13504160	157317648.00
2013/04/23	11.38	11.45	10.86	10.90	12801775	147063488.00
2013/04/24	10.94	11.20	10.87	11.05	11233411	127139536.00
2013/04/25	11.01	11.30	10.95	11.06	9619587	110215688.00
2013/04/26	11.20	11.30	10.92	11.03	6969444	79691696.00
2013/05/02	10.89	10.89	10.48	10.56	9691158	105699472.00
2013/05/03	10.69	10.93	10.64	10.70	9109041	100763712.00
2013/05/06	10.92	11.11	10.86	11.10	12207549	138108512.00
2013/05/07	11.06	11.82	10.98	11.42	18271817	214430640.00
2013/05/08	11.42	11.64	11.26	11.33	9903635	115727344.00
2013/05/09	11.59	11.88	11.36	11.57	17853273	213105136.00
2013/05/10	11.41	11.69	11.33	11.59	9015189	106714048.00
2013/05/13	11.61	11.67	11.28	11.41	9225981	108052968.00
2013/05/14	11.48	11.52	10.90	11.07	11800304	134952400.00
2013/05/15	11.07	11.15	11.00	11.08	7600379	86416224.00
2013/05/16	11.05	11.23	10.81	11.16	9579690	108298400.00
2013/05/17	11.18	11.46	11.02	11.41	11770906	135942304.00
2013/05/20	11.43	11.60	11.34	11.53	13138173	154990736.00
2013/05/21	11.61	11.76	11.48	11.61	12872847	153156096.00
2013/05/22	11.58	11.80	11.47	11.70	16496876	196743344.00
2013/05/23	11.60	11.62	11.32	11.33	12516688	147202928.00
2013/05/24	11.32	11.49	11.25	11.40	7195947	84030184.00
2013/05/27	11.28	11.58	11.28	11.56	11147807	131592992.00
2013/05/28	11.56	11.87	11.49	11.83	18449577	221859600.00
2013/05/29	11.80	11.92	11.67	11.72	10484583	126307112.00
2013/05/30	11.68	11.86	11.58	11.70	10248230	123279448.00
2013/05/31	11.80	11.84	11.50	11.53	9278807	111116760.00
2013/06/03	11.56	11.69	11.42	11.46	8666199	102510096.00
2013/06/04	11.44	11.56	11.19	11.23	9085587	105778928.00
2013/06/05	11.24	11.33	11.18	11.31	5845357	67585104.00
2013/06/06	11.29	11.29	10.95	10.98	6753184	77075096.00
2013/06/07	11.01	11.12	10.58	10.70	9063173	100609592.00
2013/06/13	10.60	10.61	10.10	10.20	9139066	96429088.00
2013/06/14	10.25	10.36	10.17	10.25	6368721	67142672.00
2013/06/17	10.29	10.34	10.15	10.20	4764407	50145712.00
2013/06/18	10.27	10.31	10.11	10.25	4062976	42797816.00
2013/06/19	10.18	10.19	9.90	10.09	6244824	64536872.00
2013/06/20	10.03	10.03	9.69	9.70	6955930	70584232.00
2013/06/21	9.60	9.64	9.31	9.55	6465211	63239612.00
2013/06/24	9.55	9.55	8.58	8.78	9292979	87509600.00
2013/06/26	8.65	9.19	8.16	8.97	16364842	146259008.00
2013/06/27	8.75	9.11	8.75	9.02	11376847	105132464.00
2013/06/28	8.88	9.60	8.72	9.45	14379187	139513856.00
2013/07/01	9.40	9.54	9.30	9.47	5234163	50875868.00
2013/07/02	9.51	9.56	9.31	9.47	4287805	41703576.00
2013/07/03	9.43	9.43	9.06	9.20	5972614	56819172.00
2013/07/04	9.15	9.66	9.00	9.50	9951746	95901672.00
2013/07/05	9.53	9.74	9.40	9.47	6869903	66637280.00
2013/07/08	9.30	9.30	9.02	9.06	6017349	55815432.00
2013/07/09	8.97	9.16	8.96	8.99	3330624	30665562.00
2013/07/10	9.01	9.48	8.97	9.40	6845378	64487944.00
2013/07/11	9.45	10.03	9.45	9.84	14219923	140660272.00
2013/07/12	9.83	9.83	9.50	9.54	9251224	90465296.00
2013/07/15	9.54	9.71	9.53	9.57	5845539	57004520.00
2013/07/16	9.53	9.56	9.35	9.53	6787000	65104952.00
2013/07/17	9.52	9.66	9.40	9.43	5507840	53285080.00
2013/07/18	9.47	9.47	9.13	9.14	5727333	53818952.00
2013/07/19	9.22	9.23	8.94	8.96	5476406	50499136.00
2013/07/22	8.93	9.06	8.85	9.06	3817015	34761660.00
2013/07/23	9.07	9.51	9.07	9.32	7574029	72021600.00
2013/07/24	9.29	9.40	9.06	9.17	5055360	47197208.00
2013/07/25	9.26	9.36	9.05	9.06	5061094	47125804.00
2013/07/26	9.03	9.07	8.91	8.95	4938996	45051436.00
2013/07/29	8.84	8.85	8.70	8.74	5813950	51705760.00
2013/07/30	8.88	9.02	8.73	8.87	4369866	39670520.00
2013/07/31	8.95	9.13	8.85	8.90	3401554	31004494.00
2013/08/01	8.98	9.08	8.86	9.02	4679937	42805516.00
2013/08/02	9.08	9.16	9.01	9.04	5556498	51259744.00
2013/08/05	9.05	9.11	8.95	9.10	4703144	43225696.00
2013/08/06	9.06	9.32	8.99	9.24	7854064	73160784.00
2013/08/07	9.20	9.40	9.16	9.22	7328449	69031392.00
2013/08/08	9.23	9.47	9.23	9.35	10076114	95954912.00
2013/08/09	9.50	9.79	9.36	9.66	16524150	161574000.00
2013/08/12	9.67	10.64	9.67	10.50	33754370	350754912.00
2013/08/13	10.51	10.92	10.26	10.81	30961413	332886304.00
2013/08/14	10.83	11.42	10.68	10.84	31548435	354054848.00
2013/08/15	10.86	11.10	10.62	10.65	17903153	196964896.00
2013/08/16	10.66	11.21	10.33	10.55	23823733	256956192.00
2013/08/19	10.48	11.21	10.36	11.17	27545800	304221280.00
2013/08/20	11.01	11.13	10.80	10.83	18423379	204296144.00
2013/08/21	10.85	10.99	10.65	10.90	10075162	110885288.00
2013/08/22	10.82	11.10	10.66	10.76	13658727	150674256.00
2013/08/23	10.85	11.04	10.45	10.77	15644642	170030656.00
2013/08/26	10.83	11.08	10.81	11.03	14363084	160005184.00
2013/08/27	10.94	11.17	10.93	11.01	11112305	124328800.00
2013/08/28	10.92	11.46	10.85	11.44	27856621	316951296.00
2013/08/29	11.45	11.45	10.91	10.98	17344441	195271360.00
2013/08/30	10.90	10.97	10.55	10.66	13169194	143086736.00
2013/09/02	10.60	10.82	10.50	10.69	7990846	86433352.00
2013/09/03	10.74	10.78	10.56	10.67	7648500	82495288.00
2013/09/04	10.67	10.86	10.59	10.73	8684324	94577360.00
2013/09/05	10.63	10.63	10.36	10.37	11280394	119548728.00
2013/09/06	10.35	10.48	10.33	10.43	6186778	65190676.00
2013/09/09	10.44	10.96	10.44	10.86	16074158	175193424.00
2013/09/10	10.98	11.06	10.76	11.00	14017948	155435344.00
2013/09/11	11.09	11.45	11.00	11.02	21607730	246163104.00
2013/09/12	10.89	10.90	10.68	10.75	12370352	134907168.00
2013/09/13	10.65	10.92	10.63	10.77	7475228	81727040.00
2013/09/16	10.73	10.84	10.59	10.61	8215012	88745664.00
2013/09/17	10.54	10.59	10.35	10.37	7703005	81492496.00
2013/09/18	10.37	10.49	10.35	10.49	4256932	44932072.00
2013/09/23	10.46	10.69	10.45	10.63	5394930	58072544.00
2013/09/24	10.64	10.66	10.35	10.39	6958159	73452408.00
2013/09/25	10.37	10.48	10.25	10.31	5886290	61787052.00
2013/09/26	10.27	10.47	10.15	10.19	5873296	61261860.00
2013/09/27	10.16	10.41	10.16	10.29	4880958	51076584.00
2013/09/30	10.43	10.55	10.25	10.39	5326420	56173552.00
2013/10/08	10.25	10.41	10.05	10.30	6439104	67017112.00
2013/10/09	10.28	10.38	10.20	10.27	4729373	49254084.00
2013/10/10	10.30	10.38	10.06	10.25	8062314	83614696.00
2013/10/11	10.26	10.39	10.20	10.34	6531437	68361856.00
2013/10/14	10.35	10.40	10.22	10.29	6397131	66652740.00
2013/10/15	10.29	10.44	10.29	10.36	7042250	74057808.00
2013/10/16	10.33	10.33	10.00	10.05	7137412	73231936.00
2013/10/17	10.12	10.12	9.81	9.84	10223615	102753936.00
2013/10/18	9.91	9.95	9.80	9.84	4634350	46361164.00
2013/10/21	9.85	9.91	9.55	9.86	8646511	85231048.00
2013/10/22	9.85	9.85	9.68	9.76	5865975	58075424.00
2013/10/23	9.81	10.01	9.77	9.79	6688755	67025052.00
2013/10/24	9.75	9.81	9.64	9.65	4009530	39577104.00
2013/10/25	9.65	9.70	9.35	9.45	5365379	51727180.00
2013/10/28	9.45	9.53	9.25	9.28	3827132	36351932.00
2013/10/29	9.30	9.47	8.95	9.45	7001292	66041600.00
2013/10/30	9.55	9.75	9.46	9.71	6500832	63766784.00
2013/10/31	9.69	9.69	9.47	9.57	3237404	31453304.00
2013/11/01	9.63	9.82	9.57	9.75	4866137	48010920.00
2013/11/04	9.83	9.87	9.62	9.65	4384222	43191384.00
2013/11/05	9.56	9.68	9.41	9.65	3957216	38315392.00
2013/11/06	9.61	9.65	9.48	9.51	3353395	32502580.00
2013/11/07	9.50	9.50	9.28	9.30	3630053	34527572.00
2013/11/08	9.30	9.34	9.18	9.18	2862494	26901156.00
2013/11/11	9.20	9.27	9.09	9.13	2478025	23028072.00
2013/11/12	9.19	9.28	9.14	9.27	2823215	26405624.00
2013/11/13	9.19	9.25	9.00	9.05	3286948	30514184.00
2013/11/14	9.12	9.14	9.03	9.06	2502127	23095908.00
2013/11/15	9.06	9.34	9.06	9.19	5196532	48759744.00
2013/11/18	9.22	9.50	9.19	9.49	7256994	69110328.00
2013/11/19	9.50	9.50	9.36	9.41	5674586	54225912.00
2013/11/20	9.51	9.53	9.37	9.50	4369684	41918400.00
2013/11/21	9.45	9.45	9.35	9.39	4079406	38873588.00
2013/11/22	9.40	9.47	9.37	9.45	3930888	37644088.00
2013/11/25	9.40	9.45	9.30	9.33	3321933	31653028.00
2013/11/26	9.34	9.39	9.22	9.23	3480868	32779606.00
2013/11/27	9.31	9.38	9.21	9.37	4486026	42440020.00
2013/11/28	9.39	10.32	9.38	10.32	32832948	336463392.00
2013/11/29	10.35	10.67	10.21	10.37	35747311	377721408.00
2013/12/02	10.21	11.33	9.90	10.93	45237266	499174400.00
2013/12/03	10.73	11.03	10.52	11.00	22232678	242605872.00
2013/12/04	10.90	10.92	10.71	10.79	25506764	279287360.00
2013/12/05	10.70	10.82	10.48	10.55	18748155	201135776.00
2013/12/06	10.57	10.67	10.43	10.50	11029614	117488360.00
2013/12/09	10.54	10.62	10.34	10.47	12473524	132136976.00
2013/12/10	10.47	10.77	10.44	10.53	19403486	209451680.00
2013/12/11	10.54	10.54	10.13	10.15	11595551	120177040.00
2013/12/12	10.11	10.26	10.10	10.15	7167644	74046448.00
2013/12/13	10.07	10.34	10.05	10.18	6336032	65605216.00
2013/12/16	10.23	10.29	9.93	9.96	7519604	76700176.00
2013/12/17	10.00	10.15	9.88	10.06	6911606	70380152.00
2013/12/18	10.11	10.44	10.07	10.20	10133888	105718296.00
2013/12/19	10.23	10.40	10.00	10.03	7025756	72521192.00
2013/12/20	10.05	10.07	9.53	9.66	9567971	94855688.00
2013/12/23	9.66	9.73	9.39	9.49	5953778	57705636.00
2013/12/24	9.55	9.69	9.33	9.49	7402546	71485600.00
2013/12/25	9.54	9.68	9.46	9.60	5189251	50519208.00
2013/12/26	9.60	9.60	9.04	9.16	17496526	164456032.00
2013/12/27	9.14	9.43	9.05	9.27	16580624	155328256.00
2013/12/30	9.34	9.37	9.13	9.16	8542729	80464576.00
2013/12/31	9.06	9.35	9.00	9.22	10752758	100479488.00
2014/01/02	9.06	9.12	8.83	8.90	40772540	368984736.00
2014/01/03	8.90	8.91	8.76	8.80	12005730	107609560.00
2014/01/06	8.77	8.77	8.54	8.55	10713487	93789136.00
2014/01/07	8.61	8.79	8.53	8.69	8497137	75147032.00
2014/01/08	8.66	8.86	8.63	8.81	10404698	92740248.00
2014/01/09	8.80	8.90	8.54	8.57	9767843	86983728.00
2014/01/10	8.58	8.75	8.58	8.67	6723218	59235592.00
2014/01/13	8.73	9.17	8.73	9.00	17295712	158337840.00
2014/01/14	9.00	9.09	8.90	9.01	8249712	75246752.00
2014/01/15	8.99	9.05	8.85	8.94	6546495	59449528.00
2014/01/16	9.00	9.21	8.88	9.09	14923656	137537392.00
2014/01/17	9.01	9.04	8.85	8.89	7669542	69574568.00
2014/01/20	8.91	8.95	8.71	8.72	5395951	48352696.00
2014/01/21	8.66	8.94	8.66	8.87	4687171	42237920.00
2014/01/22	8.90	9.11	8.87	9.06	9471910	86851600.00
2014/01/23	9.06	9.07	8.92	8.92	7701336	70180952.00
2014/01/24	8.90	9.18	8.86	9.06	11172586	103052072.00
2014/01/27	9.03	9.04	8.87	8.93	7087020	64408412.00
2014/01/28	8.93	9.03	8.92	8.97	4612682	42088444.00
2014/01/29	8.98	9.05	8.96	9.01	5358210	49048664.00
2014/01/30	8.98	9.03	8.84	8.89	4682416	42377880.00
2014/02/07	8.88	8.93	8.74	8.89	5717035	51478064.00
2014/02/10	8.91	9.22	8.91	9.17	13598105	126329376.00
2014/02/11	9.20	9.43	9.10	9.34	15280189	143741984.00
2014/02/12	9.38	9.39	9.21	9.28	9419457	88621112.00
2014/02/13	9.26	9.53	9.19	9.28	13683245	130407848.00
2014/02/14	9.30	9.35	9.14	9.34	9716224	91354048.00
2014/02/17	9.45	9.60	9.35	9.42	10264712	98261744.00
2014/02/18	9.41	9.43	9.16	9.19	10885827	102208688.00
2014/02/19	9.23	9.32	9.12	9.27	9380790	87887120.00
2014/02/20	9.25	9.45	9.18	9.18	13050233	123531080.00
2014/02/21	9.13	9.50	9.13	9.26	13835348	131298032.00
2014/02/24	9.17	9.17	8.86	8.97	10619984	97271144.00
2014/02/25	8.97	9.02	8.66	8.69	11056674	99554648.00
2014/02/26	8.69	8.94	8.67	8.87	8706649	77890720.00
2014/02/27	8.84	8.89	8.62	8.65	13257048	117736176.00
2014/02/28	8.66	8.93	8.61	8.86	7901580	70324792.00
2014/03/03	8.84	8.96	8.76	8.89	8002692	72111320.00
2014/03/04	8.85	9.12	8.75	9.04	13693399	124882352.00
2014/03/05	8.96	9.05	8.86	8.88	8679021	78941760.00
2014/03/06	8.87	8.87	8.70	8.79	6744750	60136184.00
2014/03/07	8.76	9.13	8.76	8.96	13273492	121102672.00
2014/03/10	8.78	8.78	8.61	8.63	9526255	84113064.00
2014/03/11	8.60	8.70	8.57	8.66	4782175	42046636.00
2014/03/12	8.60	8.98	8.57	8.84	9581476	85308240.00
2014/03/13	8.82	8.89	8.72	8.81	6645924	59467248.00
2014/03/14	8.72	8.82	8.66	8.72	5311196	47105632.00
2014/03/17	8.74	8.84	8.68	8.79	5458728	48697424.00
2014/03/18	8.79	8.84	8.74	8.78	5668481	50673520.00
2014/03/19	8.75	8.75	8.58	8.65	6776222	59571392.00
2014/03/20	8.65	8.71	8.52	8.53	5350693	46877748.00
2014/03/21	8.47	8.73	8.37	8.70	9148297	79763664.00
2014/03/24	8.69	8.84	8.64	8.77	8060292	71879944.00
2014/03/25	8.73	8.97	8.71	8.82	10613355	95503536.00
2014/03/26	8.88	8.91	8.75	8.82	6408798	57512488.00
2014/03/27	8.81	9.01	8.76	8.84	13372918	121347752.00
2014/03/28	8.91	8.94	8.70	8.73	7685910	68867432.00
2014/03/31	8.72	8.96	8.72	8.77	6300049	56517060.00
2014/04/01	8.76	8.87	8.68	8.82	4151072	37138472.00
2014/04/02	8.85	8.90	8.73	8.82	7422676	66665704.00
2014/04/03	8.87	8.89	8.72	8.76	7156039	63969016.00
2014/04/04	8.73	8.83	8.64	8.76	12431234	110216472.00
2014/04/08	8.71	8.99	8.69	8.92	17161517	154694272.00
2014/04/09	8.92	9.06	8.88	8.96	12978450	118232232.00
2014/04/10	9.00	9.09	8.90	9.03	16704902	152825648.00
2014/04/11	9.02	9.27	8.97	9.22	21095718	196445168.00
2014/04/14	9.23	9.30	9.05	9.15	14877272	138433040.00
2014/04/15	9.09	9.13	8.97	8.98	11770530	107972464.00
2014/04/16	8.95	9.07	8.94	8.99	5134852	46941212.00
2014/04/17	9.01	9.06	8.95	8.96	6127960	56047096.00
2014/04/18	8.95	8.95	8.84	8.89	7222596	65150480.00
2014/04/21	8.84	8.84	8.67	8.77	9391698	83599920.00
2014/04/22	8.73	8.78	8.62	8.74	6101539	53846348.00
2014/04/23	8.77	8.80	8.67	8.75	4378529	38934980.00
2014/04/24	8.76	8.76	8.63	8.66	4607919	40689168.00
2014/04/25	8.68	8.70	8.55	8.55	4854177	42489336.00
2014/04/28	8.46	8.52	8.13	8.14	10676736	90039624.00
2014/04/29	8.16	8.24	8.12	8.19	5844844	48625460.00
2014/04/30	8.15	8.17	8.06	8.09	6135872	50552560.00
2014/05/05	8.09	8.17	8.05	8.16	4432742	36588132.00
2014/05/06	8.17	8.29	8.15	8.18	4492648	37590632.00
2014/05/07	8.17	8.40	8.12	8.27	6520526	54923696.00
2014/05/08	8.23	8.35	8.20	8.25	4698553	39583024.00
2014/05/09	8.27	8.75	8.27	8.53	14616498	127028200.00
2014/05/12	8.53	9.39	8.53	9.27	39045114	359166912.00
2014/05/13	9.27	9.33	8.73	8.84	29222857	266005520.00
2014/05/14	8.88	8.89	8.67	8.76	10220829	91201824.00
2014/05/15	8.71	8.71	8.51	8.51	9307428	81439000.00
2014/05/16	8.51	8.75	8.47	8.69	9322520	81686320.00
2014/05/19	8.69	8.69	8.44	8.59	9281358	80775800.00
2014/05/20	8.65	8.71	8.46	8.49	5246886	45652204.00
2014/05/21	8.45	8.58	8.36	8.50	6165047	53176176.00
2014/05/22	8.48	8.56	8.36	8.36	6646874	57158968.00
2014/05/23	8.36	8.43	8.34	8.42	3833640	32714584.00
2014/05/26	8.45	8.55	8.41	8.50	5311622	45903872.00
2014/05/27	8.46	8.51	8.39	8.40	3772175	32408614.00
2014/05/28	8.39	8.49	8.36	8.48	4264217	36566880.00
2014/05/29	8.49	8.50	8.35	8.36	4170598	35665340.00
2014/05/30	8.36	8.50	8.33	8.43	5765825	49539748.00
2014/06/03	8.43	8.60	8.40	8.44	8156459	70662040.00
2014/06/04	8.45	8.49	8.22	8.23	6104126	51578912.00
2014/06/05	8.22	8.31	8.19	8.23	8126086	68162912.00
2014/06/06	8.24	8.28	8.13	8.14	7404485	61821336.00
2014/06/09	8.12	8.28	8.11	8.13	6473918	54031252.00
2014/06/10	8.22	8.32	8.15	8.24	8404421	70405608.00
2014/06/11	8.30	8.49	8.23	8.40	15229700	130217256.00
2014/06/12	8.34	8.66	8.30	8.46	14065956	121453608.00
2014/06/13	8.38	8.57	8.35	8.45	11282950	97383208.00
2014/06/16	8.46	8.54	8.40	8.42	7125981	61380312.00
2014/06/17	8.41	8.46	8.27	8.28	6873350	58482004.00
2014/06/18	8.28	8.68	8.23	8.55	16892881	145951792.00
2014/06/19	8.50	8.55	8.27	8.32	10836108	92612280.00
2014/06/20	8.38	8.88	8.38	8.70	28043638	248430336.00
2014/06/23	8.69	9.59	8.69	9.55	72930398	689469760.00
2014/06/24	9.48	9.74	9.19	9.38	57619986	553577728.00
2014/06/25	9.36	9.38	9.00	9.15	34589565	321077792.00
2014/06/26	9.10	9.29	9.07	9.13	25365040	236635808.00
2014/06/27	9.13	9.29	9.01	9.05	19920262	185031312.00
2014/06/30	9.01	9.12	8.90	9.06	22836197	208877552.00
2014/07/01	9.17	9.98	9.17	9.45	51496697	500377440.00
2014/07/02	9.25	9.32	9.05	9.30	26377672	246748192.00
2014/07/03	9.76	10.14	9.60	9.65	47069814	468021248.00
2014/07/04	9.60	9.81	9.52	9.69	23635356	228686112.00
2014/07/07	9.55	9.63	9.42	9.45	15288201	145176704.00
2014/07/08	9.48	9.74	9.39	9.70	20090588	192464848.00
2014/07/09	9.68	9.74	9.42	9.46	20487863	196033552.00
2014/07/10	9.41	9.50	9.30	9.40	16467477	154472112.00
2014/07/11	9.39	9.58	9.34	9.45	12357838	116912184.00
2014/07/14	9.50	9.90	9.46	9.80	28186861	274079552.00
2014/07/15	9.75	9.77	9.57	9.75	16507867	159567904.00
2014/07/16	9.75	9.99	9.71	9.83	30516148	301819904.00
2014/07/17	9.88	10.07	9.64	9.76	29700154	293706080.00
2014/07/18	9.73	9.84	9.62	9.68	13318547	129491616.00
2014/07/21	9.60	9.60	9.31	9.35	22428787	210717872.00
2014/07/22	9.55	9.96	9.50	9.76	35640855	348377952.00
2014/07/23	9.75	10.07	9.66	9.92	35945450	355774048.00
2014/07/24	9.80	10.20	9.69	10.08	47502803	474924320.00
2014/07/25	10.18	10.83	10.07	10.68	72249334	763200384.00
2014/07/28	10.70	11.33	10.66	10.99	67618995	745126784.00
2014/07/29	11.00	11.20	10.73	10.88	58607077	644773376.00
2014/07/30	10.55	10.74	10.48	10.61	41375275	438434752.00
2014/07/31	10.61	10.85	10.58	10.79	30135269	323417920.00
2014/08/01	10.66	10.73	10.39	10.49	32237988	339371680.00
2014/08/04	10.50	10.85	10.42	10.84	32519947	347266080.00
2014/08/05	11.16	11.23	10.73	10.91	39973745	439130656.00
2014/08/06	10.70	11.08	10.62	10.93	34941668	379959776.00
2014/08/07	10.88	10.88	10.60	10.62	24961786	268050400.00
2014/08/08	10.59	10.72	10.50	10.57	18384904	194848240.00
2014/08/11	10.64	10.82	10.53	10.75	21192275	226660688.00
2014/08/12	10.71	10.71	10.52	10.68	23461104	248500656.00
2014/08/13	10.62	10.72	10.46	10.70	23631011	250843136.00
2014/08/14	10.58	10.63	10.23	10.29	31824794	332348960.00
2014/08/15	10.30	10.38	10.24	10.35	15905672	164234096.00
2014/08/18	10.35	10.45	10.30	10.40	16411903	170167776.00
2014/08/19	10.41	10.42	10.21	10.39	22741655	234942592.00
2014/11/24	11.43	11.43	10.81	11.43	101846023	1142994176.00
2014/11/25	11.36	12.18	11.28	11.75	83234292	981221056.00
2014/11/26	11.80	11.95	11.50	11.63	50370526	589206784.00
2014/11/27	11.60	11.92	11.42	11.63	40675999	473246688.00
2014/11/28	11.63	11.64	11.12	11.39	40271475	457111488.00
2014/12/01	11.20	11.53	11.15	11.38	32443912	368760160.00
2014/12/02	11.35	11.57	11.35	11.42	30779846	352007584.00
2014/12/03	11.42	12.56	11.33	12.56	104585433	1270016512.00
2014/12/04	12.68	13.10	12.50	12.94	90130123	1155523968.00
2014/12/05	12.95	12.96	11.70	12.21	74541742	921268160.00
2014/12/08	12.12	12.66	11.86	12.39	46434092	573128640.00
2014/12/09	12.28	13.00	11.72	11.84	69955129	874332608.00
2014/12/10	11.90	12.29	11.73	12.25	32557703	393344832.00
2014/12/11	12.24	12.38	12.02	12.20	28648697	348514240.00
2014/12/12	12.21	12.55	12.20	12.35	31040659	384834272.00
2014/12/15	12.32	12.32	12.01	12.12	24977116	302087136.00
2014/12/16	12.06	12.17	11.91	12.13	30045282	361769024.00
2014/12/17	12.11	12.11	11.63	11.80	30769787	365897152.00
2014/12/18	11.82	12.35	11.82	12.04	36589324	444240704.00
2014/12/19	11.98	12.27	11.80	12.15	31475778	379613664.00
2014/12/22	12.29	12.65	12.03	12.30	46672397	576538240.00
2014/12/23	12.16	12.18	11.61	11.64	27370184	325068672.00
2014/12/24	11.63	11.80	11.17	11.35	24286448	277003104.00
2014/12/25	11.36	11.56	11.27	11.52	18130927	207110064.00
2014/12/26	11.45	11.75	11.45	11.69	23765097	275970272.00
2014/12/29	11.71	12.01	11.41	11.50	28082688	330390880.00
2014/12/30	11.45	11.80	11.37	11.46	18577855	214686384.00
2014/12/31	11.55	11.67	11.33	11.61	16939341	195244976.00
2015/01/05	11.67	12.77	11.62	12.77	76113064	947287808.00
2015/01/06	12.70	12.81	12.19	12.36	52467236	655017984.00
2015/01/07	12.28	12.80	12.22	12.45	37829922	474625152.00
2015/01/08	12.48	12.49	12.06	12.24	24989550	305830944.00
2015/01/09	12.15	12.41	12.00	12.02	22255324	272792704.00
2015/01/12	11.90	11.90	11.46	11.57	22874496	266497440.00
2015/01/13	11.58	11.74	11.47	11.55	13333332	154579520.00
2015/01/14	11.52	11.63	11.14	11.28	17339181	197302336.00
2015/01/15	11.28	11.40	11.06	11.39	20989143	235094160.00
2015/01/16	11.45	11.66	11.42	11.53	18362827	211862192.00
2015/01/19	11.10	11.35	10.50	10.76	23446382	259061888.00
2015/01/20	10.81	11.08	10.81	11.01	16591778	181658176.00
2015/01/21	11.07	11.47	10.99	11.38	21417859	241430592.00
2015/01/22	11.38	12.10	11.36	11.88	41198670	489241376.00
2015/01/23	12.02	12.20	11.55	11.71	26165966	309434624.00
2015/01/26	11.61	11.92	11.56	11.88	18107874	214341648.00
2015/01/27	11.80	12.17	11.70	11.94	29420002	350963744.00
2015/01/28	11.75	11.89	11.58	11.67	18925521	222111264.00
2015/01/29	11.48	11.67	11.28	11.41	14811873	169872800.00
2015/01/30	11.42	11.60	11.30	11.36	12102707	138205248.00
2015/02/02	11.21	11.35	11.09	11.19	10669666	119866008.00
2015/02/03	11.33	11.42	11.21	11.40	10426797	118105256.00
2015/02/04	11.50	11.57	11.25	11.26	12255527	140183808.00
2015/02/05	11.43	11.50	11.08	11.11	15191256	170862080.00
2015/02/06	11.11	11.15	10.75	10.78	12817242	140434272.00
2015/02/09	10.78	10.98	10.75	10.82	8435186	91675696.00
2015/02/10	10.96	11.06	10.82	10.99	8601135	94198832.00
2015/02/11	11.00	11.04	10.91	10.97	7424878	81499432.00
2015/02/12	10.93	10.97	10.80	10.91	8890282	96745776.00
2015/02/13	10.99	11.24	10.94	11.13	13178870	146550960.00
2015/02/16	11.14	11.27	11.13	11.25	9652940	108034592.00
2015/02/17	11.29	11.31	11.18	11.25	8669723	97469224.00
2015/02/25	11.25	11.25	11.01	11.06	11756418	130670360.00
2015/02/26	11.01	11.46	11.00	11.45	17562843	198015200.00
2015/02/27	11.45	11.50	11.29	11.38	14174989	161706528.00
2015/03/02	11.51	11.88	11.46	11.69	27786055	324933280.00
2015/03/03	11.60	12.85	11.55	12.11	62898650	764626560.00
2015/03/04	12.11	12.29	11.90	12.15	30627227	370450240.00
2015/03/05	12.06	12.63	12.05	12.31	42363773	524405888.00
2015/03/06	12.28	12.82	12.03	12.47	48628183	605821184.00
2015/03/09	12.29	12.29	12.05	12.25	28430121	345844160.00
2015/03/10	12.24	12.43	12.15	12.36	27870928	344016064.00
2015/03/11	12.29	12.44	12.05	12.11	22265291	271967488.00
2015/03/12	12.13	12.30	12.06	12.13	19092757	232145888.00
2015/03/13	12.14	12.49	12.12	12.23	22193395	272544256.00
2015/03/16	12.35	12.47	12.20	12.43	33370951	412263072.00
2015/03/17	12.45	12.73	12.38	12.59	44037633	552001920.00
2015/03/18	12.59	12.96	12.52	12.82	52479475	668588032.00
2015/03/19	12.95	13.28	12.70	12.88	58612279	762382784.00
2015/03/20	12.88	13.04	12.75	12.95	40095249	516995488.00
2015/03/23	13.22	13.95	13.19	13.58	68049761	924186496.00
2015/03/24	13.58	13.93	13.10	13.80	66190488	899795328.00
2015/03/25	13.80	13.80	13.33	13.43	41141147	555064448.00
2015/03/26	13.45	13.79	13.20	13.71	42294901	572807552.00
2015/03/27	13.69	14.26	13.62	13.89	51928514	727109760.00
2015/03/30	14.00	14.03	13.78	13.91	42432988	589654912.00
2015/03/31	13.99	14.24	13.59	13.67	43588350	606028736.00
2015/04/01	13.75	13.92	13.50	13.81	33238211	456626400.00
2015/04/02	13.93	14.39	13.70	14.20	60565796	845516608.00
2015/04/03	14.00	14.31	13.92	14.14	51554777	727796800.00
2015/04/07	14.28	14.78	14.16	14.50	50515427	730778240.00
2015/04/08	14.60	14.63	13.89	14.01	53392062	757207168.00
2015/04/09	14.10	14.11	13.42	13.58	48357526	659268736.00
2015/04/10	13.57	13.92	13.51	13.82	36144427	497587040.00
2015/04/13	13.82	14.31	13.78	14.08	47479667	666894272.00
2015/04/14	14.02	14.10	13.76	13.89	39750891	552619008.00
2015/04/15	13.80	13.87	13.34	13.41	36944142	501540384.00
2015/04/16	13.33	13.93	13.25	13.75	35065137	479234176.00
2015/04/17	14.10	14.55	14.10	14.19	87046733	1243203072.00
2015/04/20	14.22	15.20	13.95	14.65	118167519	1731031936.00
2015/04/21	14.66	15.14	14.42	15.08	69214208	1025262208.00
2015/04/22	15.19	16.03	14.97	15.64	80589400	1252612352.00
2015/04/23	15.72	17.10	15.60	16.75	106990858	1743311488.00
2015/04/24	16.61	16.64	15.80	16.21	79069168	1285817856.00
2015/04/27	16.70	16.86	16.08	16.37	71519240	1173266688.00
2015/04/28	16.36	16.98	15.78	16.11	78161534	1283560064.00
2015/04/29	16.04	17.68	15.90	17.44	94407437	1607554176.00
2015/04/30	17.47	17.63	16.61	16.62	59560109	1010351744.00
2015/05/04	16.70	16.93	16.16	16.45	42635487	703589952.00
2015/05/05	16.39	16.65	15.13	15.39	55919601	884321984.00
2015/05/06	15.64	15.90	15.00	15.26	44241908	688959616.00
2015/05/07	15.10	15.80	14.90	15.26	36198185	555014784.00
2015/05/08	15.36	15.67	15.00	15.54	33029819	507933152.00
2015/05/11	15.79	16.13	15.61	16.05	55443403	878076416.00
2015/05/12	16.00	16.04	15.65	15.96	46106014	731414976.00
2015/05/13	15.80	16.30	15.76	15.86	45386316	727015936.00
2015/05/14	15.90	16.25	15.34	16.24	58985777	932443904.00
2015/05/15	16.20	16.25	15.58	15.66	44307288	706147136.00
2015/05/18	15.45	15.58	15.19	15.23	36664180	563692672.00
2015/05/19	15.18	15.65	15.10	15.58	34093015	526685664.00
2015/05/20	15.49	15.88	15.36	15.52	50853059	796965440.00
2015/05/21	15.72	16.18	15.66	16.13	52141653	826843136.00
2015/05/22	16.22	16.75	15.98	16.47	64614747	1057482368.00
2015/05/25	16.43	17.29	16.32	17.07	77159515	1296273920.00
2015/05/26	17.12	17.42	16.63	17.20	76108853	1298086528.00
2015/05/27	17.19	17.71	16.67	17.48	81397103	1393572608.00
2015/05/28	17.05	17.38	15.73	15.73	78983348	1324216960.00
2015/05/29	15.69	16.10	14.91	15.49	55088428	854455808.00
2015/06/01	15.55	16.40	15.41	16.30	51009661	816134912.00
2015/06/02	16.48	16.90	16.20	16.68	61307188	1013990208.00
2015/06/03	16.69	16.89	15.87	16.24	66476472	1090207232.00
2015/06/04	16.27	17.86	15.31	17.86	110576721	1864478720.00
2015/06/05	18.46	19.40	18.10	18.93	152802736	2885079808.00
2015/06/08	18.70	19.75	18.51	19.07	110880564	2114767744.00
2015/06/09	19.07	19.63	18.48	19.14	94792875	1808785408.00
2015/06/10	18.80	20.29	18.61	19.47	99083392	1942142592.00
2015/06/11	19.68	20.19	19.40	19.79	83138671	1646708352.00
2015/06/12	19.73	19.86	19.10	19.60	78124674	1521064064.00
2015/06/15	19.50	19.52	18.66	18.99	71656458	1368628096.00
2015/06/16	18.55	18.97	17.92	18.22	55363536	1018888576.00
2015/06/17	18.25	19.12	18.01	19.07	55705053	1034194432.00
2015/06/18	18.99	19.09	17.80	17.86	44227379	821870720.00
:
